1 776.245882 459.817105 775.612637 459.873711 763.295073 466.783979 15.976110 12.675689 -1.367516 5.789641 5.771929 0 
2 813.557180 370.614028 813.390647 369.099685 800.720192 371.524809 15.630768 11.895160 1.557213 6.212354 6.094073 1 
3 810.935807 456.524430 812.295351 454.935527 800.120987 463.586203 15.528592 11.755366 -1.369731 5.704724 5.665404 1 
4 788.870225 425.091895 789.352165 425.049879 800.905315 417.731255 15.627335 11.859687 -1.488459 2.592689 2.576923 1 
5 785.328476 237.161100 784.191896 238.009244 795.986518 234.315793 15.387858 11.595241 1.282508 2.880713 2.838118 1 
6 776.917898 413.932530 776.250648 412.848996 764.095423 419.524902 16.081801 12.848099 -1.462616 5.871918 5.780940 0 
7 737.965774 466.991805 737.835574 466.507288 723.751813 469.897414 16.427302 13.570442 -1.331708 6.081544 6.046967 0 
8 810.062193 275.977686 810.173461 274.964880 798.358201 279.459195 15.529111 11.813497 1.372054 5.994057 5.919704 0 
9 737.767638 414.560609 737.948453 413.956049 724.371194 421.335879 16.539536 13.807690 -1.451898 5.814947 5.785313 1 
10 769.352330 184.729974 769.380422 182.846284 756.483712 185.285170 15.662693 12.101037 1.163433 6.240069 6.096283 1 
11 771.883882 228.055905 772.051119 227.068144 759.303663 230.684574 15.821264 12.448401 1.256250 6.077197 6.006751 1 
12 788.631777 331.695822 788.802282 333.026176 799.932637 325.256726 15.566716 11.934588 1.478483 2.623684 2.532182 1 
13 696.162198 466.873247 697.000000 465.000000 681.512362 473.052722 16.869870 14.538741 -1.315243 5.884018 5.803709 0 
14 774.024125 360.737378 772.440704 360.761762 763.896635 371.936061 16.092458 12.891514 1.548062 5.447600 5.365180 0 
15 785.789060 176.693487 784.533355 175.567028 793.005998 190.155327 15.232706 11.331273 1.190018 4.220278 4.186219 1 
16 775.183232 319.317971 775.753989 317.947098 762.999250 324.326772 16.107772 12.834326 1.440927 5.893149 5.819393 1 
17 739.493406 368.797542 738.133800 365.917600 724.123738 372.348069 16.560038 13.865794 1.549317 6.056159 5.852881 1 
18 774.303991 275.566785 774.793962 275.135664 761.459217 277.130488 15.945814 12.696207 1.354944 6.162043 6.134691 1 
19 728.746474 175.821749 729.694299 174.777856 717.475206 180.497507 16.059315 12.927349 1.116354 5.889953 5.845389 1 
20 737.018282 314.988206 732.902968 316.051157 723.311329 323.375035 16.557800 13.734203 1.423472 5.734086 5.631056 1 
21 651.964428 471.642358 652.578259 471.100519 636.576340 476.079592 17.271624 15.402855 -1.286428 6.002446 5.981526 1 
22 695.060530 364.949903 696.073889 362.002193 681.621371 372.807424 17.026501 14.736348 1.554523 5.754111 5.641199 1 
23 695.807919 418.425920 697.106357 416.868981 681.907680 423.170034 17.000029 14.669671 -1.440572 5.954284 5.890174 1 
24 734.196220 227.802924 733.580240 227.081735 720.049784 227.025210 16.280012 13.319769 1.223710 0.054921 0.004178 0 
25 732.465483 263.865901 731.573414 264.620223 721.979837 274.809072 16.432576 13.617444 1.337585 5.476439 5.467705 0 
26 652.717712 420.800520 652.204163 420.710028 636.724840 424.915975 17.431192 15.633025 -1.424592 6.031319 6.017877 0 
27 605.384307 470.692595 604.106137 469.888884 589.029185 478.980006 17.685998 16.202372 -1.262670 5.814179 5.740576 1 
28 689.584669 171.976791 689.365907 171.876617 675.692952 175.898857 16.510235 13.755849 1.042054 6.008016 5.997081 1 
29 692.026107 311.317628 692.316942 310.907695 680.944363 322.500603 17.010226 14.682946 1.409904 5.493241 5.488194 1 
30 690.670825 262.312786 691.303799 261.173331 679.698269 272.563891 16.875867 14.577072 1.326996 5.531767 5.507135 1 
31 396.612471 480.997721 395.597835 480.669368 378.606246 487.939445 18.655341 18.519600 1.494533 5.915225 5.878892 0 
32 606.275362 423.392180 605.541655 421.807257 588.923121 426.654340 17.836838 16.408738 -1.397148 6.097358 5.999391 1 
33 978.730276 463.258309 978.893802 463.475451 981.843374 450.280257 12.792356 7.302018 -1.451586 1.806222 1.790715 1 
34 983.792788 388.372936 983.195411 388.970767 982.973683 375.100594 12.729884 7.198150 -1.566860 1.509159 4.783002 0 
35 650.288334 363.101917 649.668838 363.452200 636.423061 373.286383 17.451830 15.672358 1.534201 5.649658 5.644541 0 
36 554.451629 471.779001 554.912360 471.007322 539.115896 481.706958 18.014648 16.990884 -1.183138 5.708658 5.687827 1 
37 415.179630 492.925671 416.847663 493.087838 433.418792 486.203732 18.515068 18.163247 -1.149019 2.788494 2.747858 1 
38 687.165959 210.921565 686.950136 211.005583 677.979010 223.576466 16.722672 14.229654 1.171372 5.340326 5.332213 0 
39 980.399458 313.396502 981.347563 312.986612 981.379457 299.938208 12.817806 7.339730 1.464076 1.643486 1.573241 1 
40 977.144996 328.436270 983.243211 323.441055 982.907330 330.754143 5.770805 5.770805 0.000000 3.524033 4.758285 0 
41 505.319418 483.902374 506.026648 483.569052 487.092586 484.093242 18.327894 17.616156 -1.132109 6.272714 6.255507 1 
42 357.866463 430.047903 357.886271 431.383492 377.325665 432.103059 18.990302 18.663531 1.558588 3.246816 3.178592 1 
43 986.646344 324.411698 975.617223 328.952301 983.406055 337.896983 12.368563 6.522636 -1.567224 4.948202 1.776503 0 
44 986.053166 425.594218 986.664414 423.329757 982.808299 412.735479 12.828780 7.307513 -1.509596 1.323610 1.221721 0 
45 554.244603 421.326213 555.590879 419.970424 538.772165 428.215176 18.238772 17.150416 -1.399633 5.864296 5.827398 1 
46 649.029099 262.996285 648.167576 261.891500 634.789066 270.431958 17.300282 15.399353 1.267369 5.801962 5.715028 0 
47 642.418795 161.906513 642.251709 158.916080 631.383512 171.459977 16.890571 14.587791 0.968783 5.569636 5.426335 1 
48 622.425396 330.763554 622.902958 332.278259 635.827745 321.628540 17.407142 15.623766 1.384047 2.543324 2.452402 1 
49 419.000000 143.000000 419.527392 144.278025 432.270734 157.608160 17.951127 17.107326 0.409624 3.974927 3.949492 0 
50 578.144916 149.664501 576.999074 151.340445 584.611043 167.363591 17.183479 15.356314 0.904367 4.362117 4.268891 1 
51 646.715641 214.263356 647.789806 213.141398 633.334526 220.210036 17.150041 15.036812 1.111858 5.864991 5.828376 1 
52 603.778657 365.925299 603.044736 363.413226 588.569111 373.757510 17.910356 16.470783 1.542241 5.807646 5.662728 1 
53 998.463965 459.451745 1008.288005 454.191918 1002.538766 447.751348 12.301329 6.867134 -1.453625 1.905922 5.151222 0 
54 364.270951 144.638177 362.982011 144.970272 378.704976 155.531312 18.121612 17.427211 0.032764 3.788085 3.733068 1 
55 471.178573 146.371438 471.903727 148.938482 484.743543 160.308776 17.743103 16.692739 0.651308 3.940530 3.866367 1 
56 521.894742 171.961313 520.920443 173.013121 535.638382 163.592531 17.530480 16.056561 0.794204 2.594640 2.572226 1 
57 488.631026 410.985818 487.869935 410.493916 486.492970 429.687019 18.552999 17.835291 -1.415731 4.826222 4.784009 0 
58 450.039922 373.992100 451.285555 373.749714 431.818871 375.116695 18.891372 18.377359 1.542468 6.221544 6.213079 1 
59 357.156161 324.300465 357.767780 325.063988 376.394714 319.023850 18.844735 18.844735 -0.000000 2.873903 2.828022 1 
60 413.519098 434.351010 414.051577 434.535040 432.479301 430.967536 18.790300 18.369063 -1.433554 2.965000 2.950364 0 
62 556.133893 370.816629 555.009383 370.752705 538.298016 374.218823 18.276818 17.229086 1.534400 6.094700 6.078674 0 
63 986.373114 361.262191 983.195411 388.970767 975.246773 375.607713 15.679174 15.679174 0.000000 5.372072 1.034193 0 
64 1007.576861 308.941739 1002.389058 314.837444 1002.424051 309.141056 5.425407 5.425407 -0.000000 6.244523 1.576939 0 
65 999.974177 387.729132 1000.766626 386.290288 1003.309671 374.757604 12.110626 6.491445 -1.555481 1.822483 4.825375 0 
66 1004.594421 361.865309 1000.766626 386.290288 1004.074638 375.079806 12.293536 6.411286 -1.538406 4.751703 1.857735 0 
67 1007.381810 454.116942 999.885935 460.051008 1000.779320 454.129807 6.273443 6.273443 0.000000 6.281237 1.720546 0 
68 603.698341 316.776620 604.695086 315.960008 588.002813 320.855041 17.865109 16.379308 1.390104 6.028961 5.997931 1 
69 357.483653 375.753639 357.151103 376.723531 376.557435 375.564008 18.916666 18.916666 -0.000000 3.131651 3.081914 1 
70 503.104245 210.770578 492.959860 195.064236 484.945921 211.939132 18.083006 17.195042 0.824632 6.218920 5.155758 0 
71 974.477731 250.882271 974.051340 250.008730 979.543759 262.712080 12.633590 7.028956 1.396622 4.307775 1.564188 0 
72 467.049030 323.317286 467.393546 324.060976 485.535532 319.682092 18.570168 17.815489 1.337568 2.947429 2.904755 1 
73 358.921951 209.586610 357.760845 212.226366 377.485694 208.429885 18.364061 18.147030 0.196289 3.079362 2.951446 1 
74 358.259745 264.518645 357.133739 265.044696 376.696496 263.101391 18.695294 18.546785 1.487687 3.064872 3.042581 1 
75 440.102368 191.996505 437.050576 192.319415 431.794056 209.895926 18.260936 17.766620 0.663583 5.146961 5.002988 1 
76 553.343805 314.875092 555.203308 312.934347 537.843659 320.213729 18.231005 17.187690 1.358307 5.951486 5.886129 1 
77 549.505475 253.785236 548.803631 253.404107 537.219189 266.753749 18.049129 16.994526 1.178329 5.470780 5.427110 0 
78 599.290490 257.626983 600.008666 255.997684 587.239109 268.455360 17.782684 16.169100 1.234368 5.551190 5.510149 1 
79 569.079628 214.586093 569.716852 214.819590 586.078689 217.090661 17.499385 15.826715 1.026969 3.287876 3.279514 0 
80 492.437541 195.648198 503.219306 210.414364 482.621379 213.565604 20.182705 20.182705 0.000000 5.213585 6.131374 0 
81 412.888485 318.778024 411.416395 320.188897 431.559846 319.275213 18.799027 18.329850 1.330648 3.168215 3.096265 1 
82 467.412232 373.761610 468.283147 374.937292 485.937500 374.682249 18.634734 17.906147 1.536472 3.191248 3.127147 0 
83 518.768317 213.295891 518.925417 213.661259 536.502959 214.315851 17.812037 16.578950 0.972198 3.199042 3.178816 0 
84 972.300768 236.925687 973.899508 220.486648 976.557266 226.193711 12.617901 7.192382 1.355816 1.948384 1.490176 0 
85 1022.352414 457.024678 1023.025371 432.911707 1021.403290 445.389148 11.902774 6.284339 -1.473541 1.489405 4.841665 0 
86 1003.623957 315.833697 1008.632324 308.013217 1001.967512 301.976793 12.466033 6.834891 1.487264 1.451822 0.735964 0 
87 412.891964 266.560225 412.514864 267.372744 431.517229 263.975792 18.547904 18.161496 1.155539 3.003714 2.964697 1 
88 981.241249 351.186993 975.617223 328.952301 994.516204 336.977410 19.313967 19.313967 0.000000 2.322202 3.543151 0 
89 1022.064566 387.054622 1023.057435 360.994522 1022.225883 374.716125 11.855880 5.847025 -1.569681 1.583870 4.772917 0 
90 983.309052 381.253680 984.027823 369.109575 985.529072 375.059287 6.597998 6.597998 -0.000000 1.914927 4.465225 0 
91 1001.268647 242.032453 1001.517081 242.796800 997.356682 230.527276 12.152445 6.777755 1.367784 1.243042 4.790589 0 
92 466.000000 265.000000 467.656352 266.144509 485.233429 265.182824 18.340248 17.677021 1.146593 3.151098 3.086935 0 
93 997.841953 329.039558 1005.080226 326.745026 1003.284317 331.542681 5.263846 5.263846 0.000000 3.572676 5.070573 0 
94 1019.209726 422.944635 1021.542486 397.266128 1033.705386 410.713297 17.996493 17.996493 0.000000 2.440713 3.977096 0 
95 1002.260786 279.412719 1002.168178 278.301158 1000.061027 265.949804 12.405100 6.834673 1.422519 1.408834 1.401822 1 
96 1000.930478 423.301936 1001.613041 424.151250 1003.386045 411.401562 12.483643 6.822439 -1.517055 1.774284 1.708973 1 
97 979.895777 277.252132 974.051340 250.008730 989.738296 261.229192 18.052432 18.052432 0.000000 2.121647 3.762496 0 
99 980.938933 444.744996 979.837900 444.964385 979.898148 449.328503 6.178605 6.178605 -0.000000 4.935674 1.056500 0 
100 1021.390543 351.734429 1021.013164 325.099608 1021.682939 339.102257 11.744898 5.825504 1.556458 1.593939 4.664593 0 
102 980.715656 456.380379 979.837900 444.964385 985.561160 450.997383 7.676334 7.676334 -0.000000 2.303694 3.953331 0 
103 1007.708267 349.299885 999.921396 349.309529 1003.856164 345.863001 5.109655 5.109655 0.000000 0.728494 2.422244 0 
104 1018.714989 316.744564 1019.656750 292.085184 1030.152179 302.743895 15.891772 15.891772 0.000000 2.255759 3.934709 0 
105 984.583409 368.804614 983.297015 382.132244 978.317735 375.221801 8.745523 8.745523 0.000000 5.485841 0.946415 0 
106 979.218728 304.714021 979.206123 304.778401 985.208909 299.167568 7.739465 7.739465 0.000000 2.394638 4.056478 0 
107 1009.496042 439.789968 1008.288005 454.191918 981.640401 445.154933 27.372947 27.372947 0.000000 6.092916 0.326958 0 
108 980.667015 292.998194 979.206123 304.778401 979.731758 300.258841 6.128206 6.128206 -0.000000 4.840495 1.686578 0 
109 997.109018 346.996416 996.582465 330.980850 1020.520123 337.714733 24.211873 24.211873 0.000000 2.764137 3.415815 0 
110 1001.288343 442.759725 1000.896647 440.981844 1000.701698 447.213111 6.022884 6.022884 -0.000000 4.843365 1.353615 0 
111 999.350919 219.379353 1001.517081 242.796800 987.573640 233.018147 17.004458 17.004458 0.000000 5.424676 0.611604 0 
112 1021.981766 345.048083 1022.688147 333.247838 1025.156410 339.153457 6.565750 6.565750 -0.000000 2.064819 4.316503 0 
113 973.998793 220.996323 975.292011 231.257335 975.435249 226.458354 5.930485 5.930485 -0.000000 4.455223 1.600635 0 
114 979.838223 257.225921 980.583841 269.716817 975.924518 263.578745 7.571340 7.571340 0.000000 5.264532 0.921506 0 
117 1021.747749 415.645807 1022.616451 403.851432 1025.922693 410.266031 7.061933 7.061933 -0.000000 2.230758 4.236478 0 
118 976.921641 267.009195 980.583841 269.716817 983.780234 261.720079 8.219205 8.219205 -0.000000 2.484682 3.830014 0 
119 1001.132828 453.842125 1000.896647 440.981844 1006.932338 448.496705 8.091479 8.091479 -0.000000 2.396916 4.035720 0 
120 1005.438319 326.652924 1008.692370 348.973230 990.805707 338.447111 19.266076 19.266076 0.000000 5.604784 0.531913 0 
123 1000.735303 333.783681 1002.928127 344.396681 1001.502087 338.178115 6.003883 6.003883 -0.000000 4.539638 1.345374 0 
124 1001.708484 296.274408 1001.736419 307.417987 999.753134 302.280901 6.417373 6.417373 -0.000000 5.027109 1.202354 0 
125 999.946338 306.843710 1001.736419 307.417987 1006.592603 301.158856 8.206809 8.206809 0.000000 2.434003 3.925316 0 
126 1019.652444 280.950342 1017.223160 256.160620 1027.160619 267.890659 15.002679 15.002679 0.000000 2.092565 4.009534 0 
127 975.244123 231.129212 973.899508 220.486648 982.114930 224.965099 9.409116 9.409116 -0.000000 2.410357 3.640687 0 
128 1021.591661 379.612882 1023.104807 368.167630 1027.160425 374.347550 7.685844 7.685844 -0.000000 2.384194 4.131627 0 
129 996.595749 224.464678 1000.172562 237.006070 993.666528 230.978846 7.379180 7.379180 -0.000000 5.134968 0.747214 0 
130 1019.133320 307.838263 1021.245284 298.500728 1023.122176 302.842450 5.444643 5.444643 -0.000000 2.244585 4.304358 0 
131 998.105518 236.175514 1000.172562 237.006070 1000.183280 229.854853 6.711664 6.711664 -0.000000 1.888394 4.155307 0 
132 1018.546931 273.689959 1016.782267 264.985307 1024.297901 268.595245 8.352208 8.352208 0.000000 2.416629 3.589376 0 
136 998.143039 270.987535 1000.956326 260.432360 1002.438912 265.032068 6.025656 6.025656 -0.000000 2.195697 4.400581 0 
137 39.716365 494.536892 39.363543 495.128678 56.092593 488.589807 20.988043 17.624584 1.245722 2.793248 2.768982 1 
142 67.436782 368.792787 70.000000 367.000000 50.834575 376.912151 21.176731 17.975988 1.567391 5.828333 5.805881 1 
143 42.054164 341.302430 43.131945 339.795111 50.850221 320.699100 21.178769 17.856800 -1.453006 1.974296 1.954903 0 
144 61.019582 415.505501 57.726591 410.495616 52.549303 433.076614 21.152270 17.928115 1.406517 5.161579 4.937770 1 
146 1017.185530 239.903530 1016.140938 229.279246 1018.946581 234.084610 6.145976 6.145976 -0.000000 1.864675 4.183924 0 
147 50.338352 285.551970 50.996579 286.690729 52.548420 265.279058 20.890816 17.574756 -1.279246 1.679383 1.643146 1 
148 -0.636995 413.565748 -1.365223 450.610440 6.228723 432.998120 20.717265 16.742170 1.429495 4.372765 1.977883 0 
149 -0.216374 470.524683 -1.244728 498.156331 9.911140 487.711416 20.570975 16.396629 1.293508 4.179901 2.389096 0 
151 -0.358354 357.884081 -0.507078 397.496511 4.549952 377.656615 20.773728 16.760342 -1.559469 4.469069 1.820374 0 
154 -0.447052 302.790116 -0.052148 342.267397 4.618590 322.243160 20.769394 16.650575 -1.444130 4.457643 1.799953 0 
155 37.814196 219.265468 40.326296 220.919320 55.838611 210.985627 20.574572 17.162416 -1.157029 2.710976 2.572014 0 
157 -0.821444 204.313608 0.003636 230.992304 10.012792 213.942567 20.291350 16.098244 -1.189228 3.868159 2.101644 0 
158 -0.944641 250.687573 -0.216286 287.083847 6.465970 267.497633 20.582989 16.523637 -1.309959 4.297175 1.899584 0 
159 43.309329 168.204826 42.420820 169.895036 60.718742 158.427980 20.338744 16.548638 -1.025395 2.629899 2.581782 0 
161 33.131419 152.771401 31.605799 153.134920 15.384762 161.960999 19.913499 15.430183 -1.105063 5.805382 5.784873 0 
168 11.369397 171.250979 14.655219 154.899695 17.282231 163.819922 8.952218 8.952218 0.000000 2.242905 4.425985 0 
183 306.975539 577.190282 276.972710 578.096660 268.322915 -40.552425 618.701042 618.701042 -0.000000 1.508307 1.556815 0 
207 47.798842 424.971551 45.051078 434.001857 -12.368980 404.525823 64.466412 64.466412 -0.000000 0.327570 0.474263 0 
