1 764.830115 484.358613 763.841176 482.795272 749.321311 493.612731 17.355038 17.140974 -1.338803 5.745195 5.642885 1 
2 772.866832 385.511288 772.936425 383.799400 754.863506 387.934158 17.823253 17.823253 -0.000000 6.149410 6.058274 1 
3 764.719645 429.241052 764.554949 425.160402 752.472307 441.315937 17.896395 17.349015 -1.529806 5.504877 5.354541 1 
4 711.534685 478.748202 710.856603 476.055408 698.615782 490.164771 17.107558 17.107558 -0.000000 5.559443 5.426994 1 
5 719.084569 435.784191 718.080134 435.674373 701.158607 438.474683 17.712788 17.174514 1.350195 6.134208 6.119184 0 
6 663.515503 477.069992 663.248526 477.042330 648.615287 486.380394 17.149104 16.536246 1.027983 5.724694 5.715192 0 
7 766.250895 160.303674 766.003062 158.562247 755.759034 174.277214 17.309033 17.309033 -0.000000 5.356426 5.290074 1 
8 763.963390 316.467420 763.155251 316.990467 756.437907 333.986857 18.237640 17.481830 1.407168 5.118108 5.088769 0 
9 771.661133 217.229055 772.114153 216.784654 756.871753 226.585826 17.926368 17.308971 1.144816 5.719091 5.711732 1 
10 769.651376 267.508408 769.708066 266.679028 757.098267 280.011071 18.180255 17.431901 1.333887 5.499801 5.469953 1 
11 335.815180 464.366354 335.613125 464.907903 345.859107 456.795184 14.822675 11.765796 1.319354 2.495660 2.471875 1 
12 615.131163 477.318521 616.226568 475.817120 599.718332 482.442736 16.927526 16.033752 1.104007 5.962217 5.901514 1 
13 717.579200 374.105756 717.021260 374.366757 703.184529 385.701170 17.957832 17.295635 1.451744 5.605078 5.596874 0 
14 720.024870 268.359027 720.158524 268.177570 705.307776 279.008910 17.633506 17.633506 -0.000000 5.656769 5.653034 1 
15 719.545887 321.593220 718.437171 320.509609 704.607598 332.332295 18.055386 17.332431 1.486145 5.659890 5.575862 1 
16 369.721500 464.092560 369.995475 464.342323 382.713360 461.060669 15.222731 12.544658 1.277232 2.912327 2.889066 0 
17 689.738731 185.204316 691.583599 187.805701 704.579627 174.484594 17.227949 17.073928 0.839050 2.516050 2.343843 1 
18 357.335198 406.236624 355.994472 403.000472 345.378490 413.259553 14.939241 12.002028 1.391408 5.752109 5.514882 1 
19 720.004512 215.484340 719.668056 215.354254 705.263483 226.224027 17.660491 17.256777 1.277425 5.653549 5.636743 1 
20 538.254431 483.731094 537.462584 485.984584 552.345931 478.300931 16.660711 15.466115 1.136887 2.773779 2.665023 1 
21 668.090437 433.770990 667.544214 433.501665 650.620176 435.446610 17.505886 16.798421 1.265206 6.187565 6.168765 0 
22 668.885355 321.313204 667.988885 320.732332 653.548968 330.856674 17.784548 17.009146 1.499883 5.726547 5.671697 1 
23 637.432207 393.239539 638.158803 392.992435 652.323547 383.431917 17.709414 16.941764 1.430817 2.559187 2.547876 1 
24 476.034601 461.320811 475.053676 460.778597 463.174018 469.687549 15.990498 13.998673 1.226425 5.706408 5.639727 1 
25 435.215202 462.938639 435.132281 460.201665 421.845265 465.339027 15.617046 13.275105 1.251050 6.105542 5.914244 1 
26 650.942804 158.132707 650.636873 157.797203 654.039855 175.308653 16.995954 16.771924 -0.893576 4.533993 4.520452 1 
27 614.609623 422.794978 615.272607 422.153126 601.268914 432.282018 17.234024 16.338457 1.229540 5.665025 5.656991 1 
28 356.202093 362.239284 356.038728 360.897520 345.285919 369.112789 15.025640 12.052543 1.491971 5.721240 5.630777 1 
29 394.904554 411.969117 394.087168 410.615155 382.432522 416.304675 15.376431 12.709093 1.369569 5.948630 5.829041 0 
30 492.481471 478.267376 490.156549 479.974402 506.719100 474.019073 16.368334 14.765597 1.189344 2.851618 2.796421 1 
31 332.787802 326.278256 332.313511 330.070577 345.522523 324.737161 15.040716 12.127553 -1.552142 3.021163 2.757840 1 
32 335.643312 194.899760 336.047814 196.779553 348.595077 192.788608 14.715953 11.846360 -1.280283 2.980013 2.833639 1 
33 334.186247 237.483935 334.898754 237.677728 347.170444 236.198071 14.906998 11.968961 -1.367691 3.042881 3.021597 0 
34 432.919655 410.880276 433.191109 409.136610 421.779704 419.425397 15.813813 13.517337 1.362898 5.628849 5.549474 1 
35 397.945474 183.714289 399.335150 182.968347 385.763004 189.555939 15.124337 12.596905 -1.244836 5.836061 5.831305 1 
36 663.286844 211.333243 663.549493 210.304301 654.334014 226.272682 17.375803 16.990792 -1.535792 5.252275 5.235806 1 
37 492.866667 381.419076 492.965015 381.997296 508.112309 376.821253 16.684368 15.178142 1.437244 2.848684 2.812319 1 
38 619.018451 375.726755 618.948595 372.959816 602.610072 381.146206 17.412987 16.511720 1.418977 5.964180 5.818699 1 
39 455.509953 434.512577 455.512655 437.749695 463.503416 422.595153 16.215381 14.273240 1.326664 2.161612 2.056033 1 
40 368.865611 376.055615 370.544606 376.225971 382.501597 370.905923 15.428374 12.923545 1.479151 2.780497 2.722961 0 
41 370.652444 235.916117 370.905237 238.211915 384.453574 234.181899 15.290077 12.795911 -1.367717 3.016590 2.852473 1 
42 614.134298 316.888733 614.495338 314.223815 603.601990 329.543855 17.481739 16.605432 1.510977 5.406491 5.330494 1 
43 602.390334 160.129348 601.701193 159.113479 604.708435 176.724298 16.807761 16.219038 -1.014887 4.573600 4.543259 1 
44 570.447793 373.843537 570.022922 373.669846 554.444259 378.935141 17.080496 15.916689 1.441217 5.975157 5.957258 0 
45 538.118423 434.286827 538.244091 435.012998 553.438570 429.063203 16.954886 15.702593 1.264401 2.812990 2.768369 1 
46 468.009831 390.586470 472.310026 386.814827 463.920929 374.720778 16.285594 14.438327 1.464014 1.318565 0.964342 0 
47 658.036786 261.094461 657.605760 259.503085 654.199252 278.325602 17.661579 17.039330 1.497443 4.931522 4.891431 1 
48 333.454196 279.216372 333.918426 279.686231 346.182524 280.323846 15.003949 12.072799 -1.478536 3.228383 3.193536 0 
49 408.087564 330.241804 408.638046 331.066885 422.460910 325.803406 15.899805 13.770836 -1.553358 2.842088 2.777764 1 
50 494.789938 433.963816 494.177400 434.972868 507.401789 425.840949 16.592756 14.970566 1.285295 2.569400 2.537247 1 
51 553.023147 161.860006 552.000388 164.002235 556.876681 178.592287 16.545452 15.573919 -1.048587 4.486031 4.389840 0 
52 393.940883 315.850520 392.911487 316.044014 382.761354 325.227669 15.448068 12.954971 -1.556404 5.585242 5.547735 0 
53 412.008184 384.979303 412.421575 384.637876 422.014437 372.787223 15.887191 13.640973 1.477695 2.258043 2.251291 1 
54 395.229204 271.684315 395.920272 270.990933 383.436143 279.473176 15.410664 12.934316 -1.473804 5.699491 5.686390 1 
55 497.175624 181.019414 494.366008 182.601326 510.853255 180.921781 16.226371 14.878471 -1.140521 3.134455 3.040073 1 
56 434.450893 200.839194 435.096077 196.112941 425.227570 186.447609 15.517166 13.418922 -1.219807 1.000857 0.774997 1 
57 462.882596 167.989214 463.088646 168.851099 466.944591 183.546509 15.881586 14.129368 -1.201507 4.456992 4.455782 0 
58 448.684530 325.788414 449.350198 327.795653 464.453740 326.570564 16.324607 14.504474 -1.548295 3.191152 3.060657 1 
59 492.701971 331.806324 493.204953 333.159744 508.801462 327.396552 16.731529 15.279380 1.563555 2.874242 2.787637 1 
60 568.627716 317.877875 568.686558 316.862789 555.285235 328.391126 17.093908 15.995536 1.528545 5.615833 5.572777 1 
61 539.742129 234.501509 542.028803 236.167801 556.450585 227.697961 16.840919 15.853634 -1.271041 2.754902 2.610567 1 
62 588.247331 285.875045 589.584765 286.500774 604.290197 277.910064 17.346758 16.596656 -1.552378 2.680764 2.612882 0 
63 120.922206 415.556689 117.445564 415.097020 123.100267 427.927965 13.110965 7.510996 1.413165 4.538117 4.297289 0 
64 82.335992 403.824581 86.936539 379.952353 83.258075 389.894365 12.205374 6.498862 1.501691 1.636893 5.066762 0 
65 103.062149 376.974030 105.828330 405.959995 91.958063 392.725724 17.474689 17.474689 -0.000000 5.326426 0.761938 0 
66 602.339321 243.719768 602.582299 244.414629 604.643622 226.819806 17.087003 16.471401 -1.326747 1.706310 1.687420 0 
67 408.541679 282.146642 409.930032 282.006234 423.132413 278.860687 15.857008 13.714661 -1.496366 2.920080 2.907697 0 
68 424.032189 215.047765 422.910333 216.592575 424.007548 232.243313 15.709608 13.594466 -1.358142 4.713822 4.642397 1 
69 451.159937 286.801477 452.432404 287.930004 465.123450 278.274488 16.281447 14.480979 -1.467115 2.593370 2.491207 1 
71 122.722395 379.185443 121.023788 380.067419 121.740157 393.429989 13.208238 7.628765 1.488442 4.781235 4.658830 0 
72 105.111234 437.346740 108.463998 437.077692 103.245489 425.230928 12.661735 7.074974 1.430218 1.418004 1.155870 0 
74 478.723820 221.304072 479.360708 220.033748 465.941431 230.478676 16.104591 14.357007 -1.328568 5.660643 5.621784 1 
75 541.259218 284.841918 540.607553 285.988201 555.942700 277.812128 17.038257 16.019176 -1.513042 2.695085 2.651771 1 
76 51.433730 373.227754 50.588822 398.644962 40.919868 388.022012 15.719085 15.719085 0.000000 5.330241 0.832377 0 
77 81.211974 433.707023 80.649791 409.167828 96.684126 420.504963 18.762459 18.762459 0.000000 2.435198 3.757037 0 
78 507.706141 245.758932 508.234185 245.685215 510.080478 228.951732 16.464525 15.082800 -1.297163 1.711137 1.680687 1 
80 142.540059 382.059171 142.064466 381.470528 142.894427 395.257032 13.575534 8.192978 1.473986 4.685545 4.652261 1 
81 85.424855 410.559049 88.322154 435.231422 72.948359 424.138353 18.736859 18.736859 -0.000000 5.455488 0.625048 0 
83 139.979290 346.577214 139.350660 344.146711 142.246870 359.290363 13.658400 8.236757 1.541929 4.535880 4.523422 0 
84 97.176024 402.968439 101.020791 378.586640 111.208992 389.968651 16.736368 16.736368 -0.000000 2.394395 3.982280 0 
85 156.857839 403.048367 158.094672 402.907350 165.873118 397.091408 13.999536 8.895538 1.472400 2.557689 2.499565 0 
87 122.542413 423.745344 123.899375 422.144152 119.786713 428.877732 6.149842 6.149842 -0.000000 5.205137 0.833104 0 
88 139.496577 440.458857 141.723495 439.257596 144.367554 430.772382 13.495143 8.119608 1.414671 2.036732 1.872868 1 
89 496.473842 287.783183 496.596804 288.114974 509.390816 277.949940 16.704444 15.224546 -1.472024 2.490921 2.470205 1 
90 166.508663 337.278661 165.894277 337.026167 164.561939 323.136771 13.899918 8.545317 -1.558036 1.433999 4.525153 0 
91 47.360663 426.079843 51.035236 405.030113 62.869681 415.388691 17.365679 17.365679 0.000000 2.538050 3.860587 0 
92 121.904514 398.899208 124.219496 398.010281 124.717026 393.125902 6.307442 6.307442 -0.000000 2.024118 4.203534 0 
93 104.155480 430.333585 104.430907 431.301250 106.815063 424.684917 6.548739 6.548739 -0.000000 2.010840 3.973465 0 
95 70.957278 380.005139 70.243717 400.048556 53.131666 390.442722 19.482285 19.482285 0.000000 5.753467 0.511515 0 
96 107.732969 314.959693 107.159911 332.973275 83.519362 323.584700 24.483769 24.483769 0.000000 5.940993 0.378037 0 
98 121.926356 387.726399 124.219496 398.010281 116.016915 393.407003 8.532194 8.532194 0.000000 5.517529 0.511400 0 
99 125.807590 333.627054 127.155269 334.886227 120.699156 323.692987 13.184100 7.726145 -1.551874 1.095827 1.047620 0 
100 67.487981 407.138271 73.898254 427.124336 55.408425 420.905892 18.371892 18.371892 -0.000000 5.432570 0.324433 0 
101 162.868491 299.507661 163.000159 300.360864 165.275238 286.030295 13.994617 8.867819 -1.490221 1.747511 1.728239 1 
103 101.729066 364.135237 101.707138 363.044463 104.454582 357.912494 6.293897 6.293897 0.000000 1.983620 4.091326 0 
105 172.456319 353.355109 173.101487 351.040874 165.129504 360.099099 14.024403 8.942025 1.534740 5.539184 5.434090 1 
107 61.210457 367.112173 63.422764 343.199221 77.873962 355.953310 18.762892 18.762892 0.000000 2.551521 3.864690 0 
108 164.552967 429.679571 164.928127 429.292490 164.866183 433.639699 5.801793 5.801793 0.000000 4.633461 0.734599 0 
109 135.350963 331.513192 134.450279 332.993104 141.998053 323.355649 13.635327 8.250640 -1.546245 2.254521 2.235191 1 
110 26.265498 405.970456 27.841027 420.128968 2.253453 415.401025 25.331212 25.331212 0.000000 5.908950 0.182714 0 
112 49.976844 398.968636 47.391437 373.838301 61.242220 386.361971 17.176711 17.176711 -0.000000 2.300067 3.876715 0 
114 87.915550 311.004409 85.132939 338.747857 69.158086 324.563393 20.101048 20.101048 -0.000000 5.657282 0.726103 0 
116 68.050768 400.355364 63.945464 372.981188 74.222969 388.049797 14.829699 14.829699 -0.000000 2.035705 4.113814 0 
117 40.222820 405.198817 42.223992 423.086814 14.648412 417.801930 27.360171 27.360171 -0.000000 5.825313 0.189355 0 
118 124.122406 434.463400 123.899375 422.144152 126.439862 427.350657 6.544720 6.544720 -0.000000 1.885768 4.258432 0 
119 142.503036 282.204491 143.437487 281.301097 139.912803 287.309727 5.905524 5.905524 0.000000 5.181913 1.185517 0 
120 123.166014 319.983026 121.398515 317.680774 117.532535 324.187183 6.079283 6.079283 -0.000000 5.642069 1.138095 0 
121 86.083198 426.931556 87.440729 427.060038 87.679610 422.259079 5.795274 5.795274 -0.000000 1.900025 4.025814 0 
122 135.021648 295.647669 135.187413 296.126676 142.391805 287.411404 13.526388 8.284900 -1.508900 2.300754 2.261571 1 
123 70.649345 315.980065 67.997664 337.721851 50.869732 324.793010 20.664447 20.664447 0.000000 5.864032 0.646591 0 
124 103.227820 386.143161 101.836363 396.846331 97.933187 392.603327 6.811576 6.811576 0.000000 5.398956 0.827090 0 
125 12.771030 402.024243 14.468475 418.056277 -9.978890 413.256970 24.273738 24.273738 0.000000 5.824552 0.193847 0 
127 64.583783 431.615570 65.356239 408.446763 78.080265 418.065262 16.975508 16.975508 -0.000000 2.354204 3.788879 0 
130 82.274648 337.432896 85.132939 338.747857 82.121667 324.206111 12.266257 6.385583 -1.540625 1.559231 4.867999 0 
131 39.256357 345.992849 39.730984 363.007504 16.078111 355.521586 23.926836 23.926836 -0.000000 5.893141 0.306517 0 
133 142.961836 317.472580 142.539431 317.378599 139.644813 323.526122 5.693700 5.693700 -0.000000 5.213655 1.597345 0 
135 102.100174 419.601136 104.430907 431.301250 98.453086 425.906157 7.494981 7.494981 -0.000000 5.236806 0.734205 0 
136 88.992231 281.999855 85.516898 305.122286 69.286497 291.431490 20.166622 20.166622 0.000000 5.836784 0.700725 0 
137 162.179178 309.875355 165.894277 337.026167 165.269230 322.893021 13.974833 8.601494 1.561946 4.479329 1.526600 0 
138 34.854347 397.195868 33.339240 373.913034 46.726137 385.005211 17.276445 17.276445 -0.000000 2.342944 3.833522 0 
139 142.283811 435.976939 144.683822 435.780457 149.042218 429.825712 7.953722 7.953722 -0.000000 2.403193 3.809729 0 
141 98.799257 271.069324 99.770344 269.169010 101.782873 256.389952 12.523603 6.966092 -1.463730 1.771317 5.096617 0 
142 114.859103 300.128981 116.028233 299.507797 120.992205 288.799752 13.171779 7.678303 -1.511428 2.066976 2.004881 0 
143 24.388251 314.027361 19.496407 336.704244 8.277591 326.196527 17.221396 17.221396 -0.000000 5.636270 0.752680 0 
144 64.767904 384.378919 65.282812 382.695074 62.266296 388.706967 6.365051 6.365051 0.000000 5.236474 0.664640 0 
145 101.948614 396.782029 101.836363 396.846331 105.761588 390.972166 6.802421 6.802421 -0.000000 2.151583 4.024049 0 
146 22.285031 425.863491 20.065435 402.671278 34.237173 412.218141 17.130510 17.130510 0.000000 2.290143 3.734418 0 
147 33.329128 424.737483 32.878007 401.979320 51.085910 413.233937 20.151812 20.151812 0.000000 2.566738 3.695227 0 
148 135.230842 260.011186 135.972484 259.865565 143.234762 251.710569 13.432645 8.191569 -1.462793 2.337999 2.298355 0 
150 84.904344 417.737224 87.440729 427.060038 79.858622 423.218187 7.533173 7.533173 0.000000 5.456464 0.468993 0 
151 142.067010 424.313935 144.683822 435.780457 141.351399 431.124811 6.228189 6.228189 0.000000 4.817074 0.949557 0 
152 119.641175 330.367023 121.398515 317.680774 124.433342 323.812164 6.995712 6.995712 -0.000000 2.202082 4.252777 0 
153 44.701478 335.950728 47.452365 312.212683 62.560722 324.837911 19.238686 19.238686 0.000000 2.584977 3.837694 0 
155 34.544110 374.383785 38.989671 397.998377 24.435265 386.237895 16.621266 16.621266 -0.000000 5.418490 0.679622 0 
156 173.843201 240.196546 174.548221 237.999113 166.156877 249.194374 13.873644 8.840114 -1.443262 5.419341 5.355598 1 
157 89.103524 250.660813 89.988607 248.948787 83.406308 258.812294 12.340606 6.659718 -1.472494 5.322388 5.300857 1 
159 107.204294 279.984921 98.755122 278.429464 101.186069 290.167382 12.820793 7.136269 -1.516947 5.246193 4.508174 0 
160 101.022695 352.032926 101.707138 363.044463 96.629109 357.780938 7.252576 7.252576 0.000000 5.365021 0.803333 0 
161 12.025410 372.998612 13.011643 391.053987 -11.714366 384.165483 24.772801 24.772801 -0.000000 5.843508 0.271704 0 
162 49.681217 383.169843 49.979377 381.763825 47.106574 387.326186 5.500556 5.500556 -0.000000 5.266987 0.881786 0 
163 83.048547 384.946854 82.269690 384.869389 79.432958 390.532011 6.509227 6.509227 -0.000000 5.286904 0.829426 0 
164 169.613384 438.761125 164.928127 429.292490 170.308693 433.483477 6.592789 6.592789 0.000000 1.701788 3.803342 0 
166 65.754313 393.342111 65.282812 382.695074 70.615470 388.040681 7.105309 7.105309 0.000000 2.312899 3.928204 0 
167 100.992731 295.974121 100.905901 296.088929 103.654406 290.224264 5.653052 5.653052 -0.000000 2.004335 4.503393 0 
168 7.876456 342.651913 8.177265 366.795485 -5.385630 354.740835 17.983774 17.983774 -0.000000 5.544031 0.726591 0 
169 102.568949 250.838890 101.640894 261.659717 97.095508 255.898855 7.571760 7.571760 0.000000 5.537021 0.902792 0 
170 61.112167 336.983039 65.672815 312.600578 74.752790 324.376536 16.093937 16.093937 -0.000000 2.395573 4.055545 0 
172 70.115288 281.086564 68.433653 304.821224 51.390423 292.347934 20.371289 20.371289 -0.000000 5.741728 0.631791 0 
173 67.105337 320.996289 64.681096 329.089018 61.736549 324.928734 5.982538 5.982538 -0.000000 5.651002 0.954871 0 
174 82.551435 328.667731 82.713093 328.960016 85.664287 324.473743 6.208825 6.208825 0.000000 2.209298 4.155470 0 
175 21.328815 343.628876 20.352229 366.114076 10.955382 355.537868 15.296083 15.296083 -0.000000 5.428982 0.844377 0 
176 168.971256 198.906717 168.029492 197.814230 167.706066 212.806275 13.870940 8.687275 -1.376422 4.803163 4.733959 0 
177 71.940638 249.996623 68.792913 272.503045 51.240972 259.738972 21.234516 21.234516 -0.000000 5.843290 0.628760 0 
178 120.932667 283.555602 120.795906 283.183447 117.966936 288.717970 6.041741 6.041741 -0.000000 5.233840 1.179728 0 
180 66.874484 415.450203 66.302876 415.209539 64.588167 420.684499 5.612539 5.612539 -0.000000 5.124208 0.835584 0 
181 67.900206 425.190979 66.302876 415.209539 71.663048 419.498255 6.671397 6.671397 0.000000 2.154860 3.816399 0 
182 11.989738 289.959555 11.228696 308.969121 -13.778130 297.112216 25.892938 25.892938 -0.000000 6.012421 0.442752 0 
183 19.814126 366.239383 20.812694 343.361669 31.195877 354.548928 16.171878 16.171878 -0.000000 2.342815 3.964250 0 
184 17.673439 393.038746 15.876794 377.895971 40.464768 383.103357 24.238444 24.238444 0.000000 2.730502 3.350295 0 
185 50.381623 392.064971 49.979377 381.763825 53.585885 386.926087 6.002466 6.002466 -0.000000 2.128340 4.102583 0 
186 105.676714 244.271440 99.770344 269.169010 102.520968 256.820906 12.448106 6.575138 -1.463034 4.958746 1.789975 0 
187 103.220176 210.054889 104.325838 209.569578 103.890287 223.100371 12.580279 6.526472 -1.429615 4.661067 1.663508 0 
188 63.545049 304.800439 61.235470 280.892057 76.233239 293.625735 17.401352 17.401352 0.000000 2.419534 3.845528 0 
189 140.188542 328.310720 142.539431 317.378599 145.541576 323.244782 7.023712 7.023712 -0.000000 2.383743 4.239369 0 
190 35.178756 380.716502 35.837513 379.918320 31.150227 385.858770 6.203169 6.203169 0.000000 5.376935 0.735733 0 
192 125.456508 242.528066 124.207575 241.507093 121.886051 254.180991 13.034309 7.651330 -1.468050 5.009707 4.893554 0 
193 139.367027 228.859659 140.927253 229.309932 144.700020 216.379996 13.465235 8.115033 -1.391724 1.974643 1.854700 0 
194 123.210395 232.686323 123.750549 234.860258 123.278295 219.805809 13.067421 7.596668 -1.403245 1.576068 1.539437 0 
195 49.671523 251.651622 54.751330 271.032546 40.738755 261.175359 15.379781 15.379781 0.000000 5.465779 0.613040 0 
196 100.175229 329.412013 101.717823 319.546413 104.536418 323.908949 6.627346 6.627346 -0.000000 2.240948 4.138767 0 
197 4.963856 392.888007 5.825872 371.267308 22.606430 381.654321 19.337523 19.337523 -0.000000 2.574597 3.695859 0 
198 120.369245 294.922933 120.795906 283.183447 125.019440 289.197302 7.216354 7.216354 0.000000 2.252915 4.100121 0 
199 46.931135 306.623013 45.115886 284.013776 61.766495 294.872687 18.449158 18.449158 0.000000 2.471719 3.719487 0 
200 82.851951 318.899401 82.713093 328.960016 77.961363 324.101616 7.061436 7.061436 0.000000 5.466921 0.796497 0 
201 143.175802 246.352838 144.173532 244.950618 139.500848 251.000950 6.813505 6.813505 0.000000 5.381393 0.946008 0 
202 103.612540 285.978885 100.905901 296.088929 96.124279 290.441881 7.611181 7.611181 -0.000000 5.745713 0.868194 0 
203 145.643893 210.968365 143.879186 221.739187 140.855667 215.748851 6.913839 6.913839 0.000000 5.498596 1.103370 0 
204 101.966208 236.071346 104.325838 209.569578 102.648002 223.356562 12.378513 6.294055 -1.433348 1.624367 4.833491 0 
205 8.682591 421.441976 4.639776 402.018053 22.836000 410.209574 18.392812 18.392812 -0.000000 2.470755 3.564594 0 
206 141.991760 294.018457 143.437487 281.301097 145.710315 287.515593 6.772163 6.772163 -0.000000 2.090248 4.361770 0 
207 83.560662 396.167321 82.269690 384.869389 87.817248 389.849516 7.172722 7.172722 0.000000 2.163683 3.873144 0 
208 143.485533 222.003043 143.879186 221.739187 148.560072 216.947706 7.207335 7.207335 -0.000000 2.358090 4.272884 0 
209 55.704448 219.937218 50.705012 244.636127 39.800540 231.027019 17.796807 17.796807 0.000000 5.674273 0.895286 0 
210 11.669409 317.993261 11.342988 334.006991 -13.066584 325.783804 25.037547 25.037547 -0.000000 5.978072 0.324942 0 
211 63.416039 328.969175 64.681096 329.089018 69.249703 324.325418 6.611080 6.611080 -0.000000 2.469279 3.988665 0 
212 34.104149 350.940382 34.659722 360.060281 30.312790 355.441120 6.375914 6.375914 0.000000 5.412446 0.815751 0 
213 83.874138 239.959343 84.077904 238.824849 84.689590 226.439714 12.237791 6.397106 -1.421857 1.631039 5.052031 0 
214 22.675431 284.106912 23.850740 306.981020 6.158638 295.815039 19.550686 19.550686 -0.000000 5.666536 0.562994 0 
215 66.025845 361.741923 65.475925 351.238659 69.143016 356.512117 6.322289 6.322289 -0.000000 2.108299 4.104766 0 
216 40.675151 258.852885 38.883566 274.987071 15.444033 264.160714 25.022399 25.022399 0.000000 6.075840 0.432693 0 
217 82.611833 286.105810 84.595690 294.892306 78.639691 290.548131 6.488094 6.488094 0.000000 5.441968 0.630172 0 
219 143.808943 257.122243 144.173532 244.950618 146.056342 251.952061 6.320344 6.320344 -0.000000 1.980841 4.449687 0 
220 100.982901 261.328119 101.640894 261.659717 106.088329 256.686787 7.086124 7.086124 0.000000 2.403774 4.080503 0 
221 64.038647 289.029412 65.382582 286.645891 62.650454 292.586869 5.399237 5.399237 0.000000 5.084437 1.149440 0 
222 17.960010 336.545635 16.333637 315.024439 33.617894 326.212956 18.697968 18.697968 0.000000 2.558287 3.716084 0 
223 48.840462 330.215229 48.763761 320.534414 53.472568 325.216483 6.740231 6.740231 0.000000 2.318144 3.924144 0 
226 30.457365 306.047232 34.484286 283.967417 45.037373 295.113913 16.405453 16.405453 -0.000000 2.498166 3.954331 0 
227 34.657171 389.408634 35.837513 379.918320 39.154177 385.079237 6.364281 6.364281 0.000000 2.375182 4.141198 0 
229 30.000000 329.000000 37.028876 313.869724 43.128290 348.544535 36.347526 9.822031 1.295655 4.120902 4.538267 0 
230 89.445364 215.170249 84.077904 238.824849 74.484605 225.204211 17.350320 17.350320 0.000000 5.692406 0.957176 0 
231 74.243835 223.875723 71.444440 240.908693 49.749807 227.225434 24.139865 24.139865 -0.000000 6.147272 0.562703 0 
232 26.002586 257.975997 21.967534 279.988010 6.490950 266.555391 19.842812 19.842812 -0.000000 5.868924 0.714813 0 
233 39.008628 286.980454 36.533323 307.546556 19.565206 295.361816 20.246663 20.246663 -0.000000 5.876190 0.622768 0 
234 16.356292 305.923021 20.671755 285.339339 31.960947 295.987492 16.855256 16.855256 -0.000000 2.574622 3.897778 0 
235 3.927179 363.095112 7.545911 343.437572 19.708840 353.284253 17.198350 17.198350 0.000000 2.585397 3.822139 0 
236 100.450139 228.042052 104.654529 228.964766 107.808368 223.595143 7.409154 7.409154 0.000000 2.597984 4.119311 0 
238 104.194222 217.436132 104.654529 228.964766 98.216707 221.945561 7.851092 7.851092 0.000000 5.636875 0.828574 0 
239 12.462087 259.997438 9.608714 280.871987 -7.356753 268.330356 20.361523 20.361523 -0.000000 5.885171 0.636582 0 
240 81.041437 353.364242 82.404363 362.077824 80.318669 357.195599 5.291555 5.291555 -0.000000 4.898843 1.167062 0 
241 32.275586 276.898217 31.084902 256.099708 48.798003 266.844565 19.269013 19.269013 0.000000 2.594957 3.686855 0 
242 67.024934 256.564774 65.898402 265.776454 61.846127 260.795713 6.670689 6.670689 -0.000000 5.598181 0.887824 0 
243 3.531964 335.105461 5.341119 315.688157 21.084256 326.084556 18.809945 18.809945 -0.000000 2.666852 3.725228 0 
245 41.820562 225.989864 40.860126 242.992099 19.646853 232.737853 22.371126 22.371126 -0.000000 5.987766 0.450270 0 
246 49.459952 244.481840 47.588841 223.089662 62.582574 234.745154 17.179982 17.179982 0.000000 2.503246 3.802374 0 
247 27.844123 231.977519 25.522503 248.075355 3.968131 236.897849 23.506688 23.506688 -0.000000 6.079952 0.478395 0 
248 82.392143 254.993150 83.102415 253.094530 80.696883 258.377934 5.460793 5.460793 0.000000 5.176714 1.170242 0 
249 41.480224 423.129429 27.841027 420.128968 33.694594 399.377239 28.681012 7.851751 1.414103 1.254047 1.608882 0 
250 82.122743 232.014935 83.131233 231.635134 88.216211 226.508542 6.123491 6.123491 -0.000000 2.406762 4.149804 0 
251 34.013354 246.128562 40.591227 225.627819 43.137712 235.858851 13.037012 13.037012 -0.000000 2.297206 4.468448 0 
252 84.325863 295.071791 84.595690 294.892306 84.549576 291.733299 4.939245 4.939245 -0.000000 1.637707 4.439356 0 
253 64.798146 298.258036 65.382582 286.645891 69.818663 292.808646 7.209134 7.209134 -0.000000 2.315255 4.088484 0 
254 85.937049 221.074548 83.131233 231.635134 81.332253 226.094179 6.284667 6.284667 -0.000000 5.454712 1.256863 0 
255 3.582979 308.022110 5.954054 286.416444 21.547839 297.788151 19.087028 19.087028 -0.000000 2.623777 3.771678 0 
256 13.991271 231.975349 10.488567 251.216719 -4.303972 239.687996 18.675088 18.675088 -0.000000 5.884227 0.662029 0 
259 51.928984 227.744706 52.255040 226.474360 47.406034 232.109458 6.428040 6.428040 0.000000 5.515585 0.916575 0 
260 51.722956 422.353271 51.198263 413.586687 55.070767 417.015715 6.091413 6.091413 -0.000000 2.130989 3.866328 0 
261 122.016018 249.463721 122.420041 248.433428 119.245361 253.994176 5.774409 5.774409 -0.000000 5.261267 1.332205 0 
263 68.710456 224.590884 67.724277 224.874727 63.580468 228.962119 6.476860 6.476860 0.000000 5.577477 0.968230 0 
264 120.858415 260.254244 122.420041 248.433428 126.033121 254.415190 7.320007 7.320007 -0.000000 2.295948 4.169022 0 
267 67.366479 234.877494 67.724277 224.874727 71.122892 230.339773 6.259725 6.259725 0.000000 2.262272 4.156035 0 
268 50.695276 237.456666 52.255040 226.474360 55.930382 232.963909 6.929698 6.929698 -0.000000 2.432358 4.197081 0 
270 47.640312 298.922125 50.556010 289.806018 52.001550 293.791310 5.398697 5.398697 -0.000000 2.275295 4.364429 0 
276 124.487673 214.543389 123.931695 214.490320 119.996856 219.585228 6.198938 6.198938 -0.000000 5.440048 1.324308 0 
281 121.106425 225.906093 123.931695 214.490320 127.297626 220.634322 7.226878 7.226878 0.000000 2.436232 4.211205 0 
291 218.081688 207.059138 220.382973 164.966266 768.265116 217.992602 550.100549 550.100549 -0.000000 3.161462 3.238076 0 
319 82.552582 264.639320 83.102415 253.094530 87.933426 259.155530 7.242364 7.242364 0.000000 2.346719 4.039440 0 
321 23.614880 417.047148 22.234333 409.640048 24.561263 413.256195 4.604635 4.604635 -0.000000 1.815438 4.140609 0 
