3 47.794909 35.580599 24.111036 25.776148 78.488546 -63.353566 103.924330 103.924330 -0.000000 1.871624 2.118605 0 
4 61.693285 284.809576 76.004931 280.990559 69.684264 286.543403 7.977788 7.977788 -0.000000 3.355254 5.562364 0 
24 326.541072 129.411030 311.115069 141.431036 297.924374 110.824523 32.772914 32.772914 0.000000 0.576023 1.163874 0 
41 211.460839 271.977076 210.351986 301.991421 78.479542 267.178384 133.683068 133.683068 0.000000 0.036070 0.258102 0 
44 129.007586 324.098844 118.353956 309.998762 131.839345 313.964663 13.755231 13.755231 0.000000 1.843273 3.427618 0 
48 383.878594 468.638653 374.138606 456.089611 381.693988 462.269961 11.158109 6.649181 0.197826 1.240351 3.827217 0 
64 297.856175 142.776467 301.834481 66.435053 293.884119 104.214994 38.328730 33.796939 1.151862 1.468153 4.919801 0 
71 153.802685 281.988997 161.077950 266.312527 170.938867 280.124364 16.833114 16.833114 0.000000 3.033206 4.092364 0 
80 200.096908 213.755870 204.361990 232.919435 163.358583 232.804964 40.357629 40.357629 0.000000 5.804842 0.002792 0 
81 114.292679 300.288618 124.594697 301.117375 119.644571 301.436693 5.234117 4.351276 -0.216408 3.352908 6.218767 0 
96 391.125077 322.409091 370.869000 297.050105 412.559946 286.040439 42.839229 42.839229 0.000000 2.103369 2.883409 0 
103 140.617204 301.916203 140.192009 314.006752 -140.778649 307.308497 281.233182 281.233182 -0.000000 6.264025 0.023835 0 
111 169.542577 299.155881 169.452501 278.925493 251.386196 290.751935 82.310761 82.310761 0.000000 3.039268 3.284944 0 
116 110.906501 331.579697 83.004248 329.928223 103.472865 214.775791 116.397912 116.397912 -0.000000 1.507240 1.746711 0 
117 162.878400 263.940010 176.972431 257.198609 171.775991 265.474514 9.070097 9.070097 0.000000 3.312375 5.273071 0 
118 394.751937 275.543289 405.938413 273.638343 407.423926 306.561900 32.958352 32.958352 -0.000000 4.324552 4.667299 0 
139 465.393286 322.337804 459.723246 312.154090 550.588307 267.736041 101.172867 101.172867 0.000000 2.571639 2.686917 0 
184 252.033982 309.259035 241.265562 305.492893 250.786948 298.050687 11.365615 11.365615 0.000000 1.459993 2.478153 0 
196 426.095179 274.419772 409.802781 274.529034 417.304793 227.113561 48.523949 48.523949 -0.000000 1.387073 1.727714 0 
198 449.271975 291.912025 456.377277 313.877963 121.095579 411.862035 349.368947 349.368947 0.000000 5.932765 5.998859 0 
227 425.343157 311.334155 412.439820 327.139891 408.281194 310.565005 17.304926 17.304926 -0.000000 0.045049 1.324972 0 
236 414.010213 473.459362 397.018611 473.837126 405.475247 432.673442 41.248572 41.248572 -0.000000 1.364511 1.773416 0 
241 428.830689 303.892646 401.854218 320.172455 404.671674 291.861694 27.542386 27.542386 -0.000000 0.462038 1.669989 0 
290 421.030409 319.070542 395.954007 324.256761 400.898639 295.147898 30.309840 30.309840 0.000000 0.871237 1.739057 0 
303 433.196275 313.131827 413.951086 329.835578 414.185760 312.026385 17.276008 17.276008 0.000000 0.058084 1.583973 0 
325 377.623817 263.791193 386.768423 247.316393 458.874396 296.439993 87.239805 87.239805 -0.000000 3.523674 3.739637 0 
337 327.449313 372.201335 326.589042 338.896019 430.020441 350.333022 104.815814 104.815814 0.000000 2.931536 3.251721 0 
370 403.021471 401.936051 384.432470 393.774942 403.969232 378.855427 24.619889 24.619889 -0.000000 1.611836 2.489404 0 
395 447.262746 352.036821 443.043187 382.146193 162.134915 326.016140 286.135194 286.135194 0.000000 0.091008 0.197219 0 
396 22.108507 403.210114 -0.017062 404.442755 1.200238 146.815665 257.502837 257.502837 0.000000 1.489429 1.575521 0 
430 135.000025 170.005474 171.999250 169.836142 153.542684 357.806352 188.062103 188.062103 -0.000000 4.613972 4.810264 0 
434 138.931629 337.991042 141.944819 314.992770 305.282414 349.062234 166.529251 166.529251 0.000000 3.208048 3.347227 0 
437 525.906835 60.787466 511.635892 56.806733 521.448469 50.946316 11.115254 11.115254 0.000000 1.145423 2.603209 0 
460 80.068455 397.691438 60.498963 398.588280 70.924274 356.482868 41.633411 41.633411 0.000000 1.352434 1.813515 0 
481 423.862305 371.040280 412.860528 361.155228 482.687594 295.712773 95.388913 95.388913 0.000000 2.233799 2.388597 0 
511 310.169125 138.140109 273.988679 129.016529 299.392044 106.606227 33.080147 33.080147 -0.000000 1.241479 2.418711 0 
527 492.656691 126.637152 481.726693 126.422683 487.233991 121.574207 7.677417 7.677417 -0.000000 0.751102 2.419728 0 
529 64.969320 173.321016 78.230480 174.588407 60.414054 310.862893 137.975657 137.975657 -0.000000 4.745496 4.842391 0 
543 241.665690 294.048929 244.227855 272.030606 425.323871 313.982993 185.090668 185.090668 -0.000000 3.249708 3.369235 0 
562 480.450191 122.319445 493.065712 125.934722 486.788164 130.342531 10.734193 6.915828 1.278377 4.043796 5.671015 0 
568 263.302787 225.939919 270.183101 203.169052 279.687563 219.147937 17.825991 17.825991 -0.000000 2.748623 4.175792 0 
583 534.634478 22.802908 544.996671 14.984336 543.179276 22.773806 8.117701 8.117701 -0.000000 3.138187 4.941603 0 
585 306.378511 275.985530 306.630744 300.014373 90.291489 291.377099 216.367080 216.367080 0.000000 6.212077 0.039903 0 
614 410.746086 280.689889 394.075597 288.472014 393.340561 266.347785 22.441174 22.441174 0.000000 0.689203 1.537585 0 
616 26.435438 436.596800 -0.116846 440.847629 -1.986532 322.087387 118.246566 118.246566 0.000000 1.327506 1.555054 0 
618 471.979363 331.657530 510.022000 329.365089 519.075713 681.605595 352.373521 352.373521 0.000000 4.578612 4.686691 0 
623 90.928981 436.401017 69.986258 438.884100 14.129141 -168.443786 609.885832 609.885832 -0.000000 1.444498 1.479082 0 
631 273.884743 207.447363 287.883492 214.919684 278.595555 220.055362 13.190162 13.190162 -0.000000 4.354814 5.778087 0 
641 188.862971 184.747572 170.174514 192.107224 170.829581 157.001433 35.954884 35.954884 0.000000 0.994462 1.589454 0 
661 534.934548 344.156864 560.093450 342.203786 566.702283 608.145567 265.687847 265.687847 -0.000000 4.592627 4.687543 0 
666 186.797429 219.261880 201.298122 226.874907 184.227610 240.534919 24.494467 13.932044 -1.032022 4.832608 5.608316 0 
684 321.265959 106.422620 316.438363 95.886249 320.300782 101.626987 5.951346 5.951346 -0.000000 1.372188 4.120146 0 
692 143.664124 339.032632 144.601555 297.992577 387.016207 322.225127 243.185559 243.185559 -0.000000 3.072636 3.241225 0 
696 92.240341 230.158414 98.814745 211.757762 107.806942 225.262078 16.518342 16.518342 -0.000000 2.836849 4.124934 0 
724 263.694389 110.371785 276.746582 115.214253 270.274912 111.924072 7.083211 5.469682 0.820041 3.373249 0.470343 0 
742 248.899896 163.810687 285.666565 144.369418 565.648817 718.841399 638.876393 638.876393 0.000000 4.193802 4.258894 0 
743 410.387597 235.050096 413.602986 237.616824 414.680920 234.226656 5.386494 3.873062 0.781417 2.952098 1.878646 0 
744 294.310646 304.971660 299.986028 295.866645 297.074733 301.467899 5.327636 5.327636 -0.000000 2.238727 5.191718 0 
748 175.860512 310.872749 175.319800 324.850186 115.398612 317.700203 61.101686 61.101686 -0.000000 6.170740 0.118762 0 
758 492.054161 94.488991 470.366875 104.978772 482.289626 104.395641 13.618939 12.394986 -0.603777 5.490563 3.092723 0 
796 164.579132 312.919325 160.482611 278.075990 261.012463 276.602419 101.036163 101.036163 0.000000 2.781419 3.126936 0 
839 137.794603 161.871754 158.088136 159.913229 152.879538 189.325022 29.923867 29.923867 0.000000 4.209948 4.887664 0 
843 417.787965 127.325359 419.092571 112.188014 428.304485 120.133212 12.502804 12.502804 0.000000 2.541760 3.853294 0 
858 300.806539 80.320865 291.027802 69.996958 302.613378 65.516510 17.747420 8.633707 -1.057502 1.692244 2.772581 0 
882 265.232104 222.981350 270.423782 207.545971 278.557907 219.138940 14.303393 14.303393 -0.000000 2.860864 4.100561 0 
955 589.108886 5.675604 604.000000 22.000000 561.725631 93.481758 96.135898 24.107062 -1.185712 5.014691 5.246462 0 
956 586.325444 37.723713 591.039522 27.170300 589.549981 33.049754 5.843583 5.492298 0.015395 2.174708 4.960515 0 
987 42.935983 280.952085 53.762110 277.421554 49.617311 281.815958 6.133464 6.133464 0.000000 3.270176 5.468565 0 
1015 8.105671 271.700283 12.068769 283.263810 10.459297 276.207138 7.581065 4.383418 0.956157 4.231114 1.346554 0 
1138 515.159987 328.987177 514.195171 295.986849 642.563651 315.049069 128.419199 128.419199 0.000000 3.032625 3.289011 0 
1143 397.097706 303.529456 401.304205 289.654898 419.400287 301.575921 21.987490 21.987490 0.000000 3.054223 3.724103 0 
1167 430.208272 244.983276 430.524990 229.989966 489.895717 240.244602 59.785126 59.785126 -0.000000 3.062367 3.312627 0 
1206 135.926203 393.236651 114.034132 395.353064 106.381272 247.386281 148.196585 148.196585 -0.000000 1.370931 1.519122 0 
1226 247.990015 142.873141 270.016018 141.583158 273.192159 355.874100 214.261012 214.261012 0.000000 4.594617 4.697568 0 
1269 537.012228 214.630449 576.002627 215.920618 544.548662 547.485316 332.604359 332.604359 -0.000000 4.689751 4.806971 0 
1285 332.004959 186.071609 326.750204 177.723765 328.646082 181.985459 4.808945 4.251616 -1.140780 0.882775 4.293814 0 
1286 102.872938 238.331470 100.112022 213.059204 108.640598 225.224575 14.597093 14.597093 -0.000000 1.985343 4.100956 0 
1348 236.153508 137.455115 204.965623 137.867626 220.995408 -3.235469 141.692183 141.692183 0.000000 1.463470 1.683915 0 
1404 513.507723 294.000925 513.481415 279.999095 1067.227044 291.360052 553.789413 553.789413 0.000000 3.136823 3.162106 0 
1417 425.857178 366.842434 417.910665 361.093657 458.183396 315.734052 60.902423 60.902423 -0.000000 2.134773 2.296861 0 
1419 335.110221 424.742614 319.997867 426.985632 318.929265 375.801367 51.003903 51.003903 -0.000000 1.251490 1.549922 0 
1465 535.993756 251.369655 552.006079 251.640122 530.287836 686.309095 435.034259 435.034259 -0.000000 4.725507 4.762312 0 
