13 87.952868 235.518867 190.009349 240.963288 128.128917 537.791935 304.717247 304.717247 0.000000 4.580250 4.917917 0 
20 244.923703 163.966384 260.547665 163.001700 253.293434 161.572712 7.333838 6.587472 -0.336658 2.863037 0.194497 0 
29 192.919961 242.139169 219.372424 257.352438 142.152318 357.604567 125.705948 125.705948 -0.000000 5.126626 5.368730 0 
38 480.986818 210.625705 567.055060 211.241135 521.246048 568.112196 359.224694 359.224694 0.000000 4.600244 4.840054 0 
48 211.736417 277.012235 222.903482 264.643752 220.198468 273.757331 8.777517 8.777517 -0.000000 2.774391 5.000918 0 
49 85.676180 257.902762 99.021204 241.541798 94.844523 251.631202 10.340952 10.340952 -0.000000 2.541655 5.104878 0 
50 367.352662 261.293066 379.981592 275.555466 375.703266 266.474205 9.823311 8.857473 1.139228 3.696914 1.130522 0 
52 250.458141 40.861434 251.096769 40.222552 249.884613 23.007742 17.079467 17.079467 -0.000000 1.538684 1.500499 0 
64 303.988556 321.015334 303.966863 320.359706 294.109360 339.908226 21.207210 20.941201 -0.335737 5.194193 5.179437 0 
65 414.469664 17.562514 413.640326 17.194801 425.111318 29.534523 16.323215 15.039241 1.265007 3.985753 3.963459 1 
73 422.400243 166.018022 436.806747 163.237720 430.532582 166.161308 6.708357 6.708357 -0.000000 3.159210 5.847128 0 
79 438.059179 159.104580 450.831069 163.046940 441.901695 165.024286 9.542276 7.194043 -0.739911 4.136643 6.065259 0 
83 517.499391 46.508419 519.546616 47.105599 508.407342 33.600669 16.039271 14.301542 1.393097 0.957132 0.881097 1 
86 327.197974 15.209922 326.562452 15.867585 340.599147 26.135856 17.187071 16.070424 1.174947 3.825592 3.773168 0 
91 525.007864 161.009633 538.889852 163.509257 531.225658 165.641815 7.772724 7.772724 -0.000000 3.781878 6.011801 0 
93 271.011710 235.995331 306.006256 224.193512 326.888421 241.275749 57.077050 14.671051 0.159933 3.235814 3.827231 0 
117 518.120385 53.103001 518.559014 50.867190 508.741294 33.642093 20.178609 18.934259 1.058031 1.121697 1.052753 1 
137 10.015136 270.026398 53.318099 248.511695 128.305966 451.565308 216.237324 216.237324 0.000000 4.134890 4.358624 0 
167 53.234851 425.958091 41.029233 460.018800 -4.019125 425.552184 57.618875 57.618875 -0.000000 0.007089 0.653097 0 
176 230.094121 13.143087 230.456994 13.415098 249.940459 22.685817 21.501163 20.803933 0.455651 3.589788 3.585714 1 
177 338.997762 47.005050 340.060773 47.241970 340.978961 25.957389 20.790311 20.790311 -0.000000 1.664649 1.613908 0 
198 406.904263 19.922804 404.992180 23.000868 425.364640 29.461089 20.835952 19.712676 0.807205 3.618503 3.448668 0 
208 594.464880 279.889931 595.662996 298.571531 587.852699 289.313548 11.785961 11.785961 0.000000 5.324229 0.870013 0 
211 -0.670347 332.395532 33.828820 362.130193 20.061845 342.649596 23.263533 22.445293 -0.065859 3.600908 0.955587 0 
234 33.065373 204.007823 38.190338 206.074033 35.533071 203.674007 3.466022 3.466022 -0.000000 3.007135 0.734577 0 
244 100.907715 240.628858 130.981303 241.303195 116.264657 365.992044 125.684312 125.684312 0.000000 4.590497 4.829872 0 
247 326.719614 20.795894 351.951098 30.307123 339.824641 26.696551 14.693996 14.693996 -0.000000 3.564662 0.289385 0 
254 256.990818 256.027629 267.959240 263.031744 257.839762 267.308116 10.697422 10.697422 -0.000000 4.637273 5.883359 0 
273 118.937096 229.179003 82.646644 229.967230 111.023678 -28.555931 260.235628 260.235628 0.000000 1.540102 1.680125 0 
304 -0.284350 261.382077 46.938153 241.840425 121.803905 485.170956 254.250369 254.250369 -0.000000 4.212968 4.413910 0 
310 377.253236 62.994530 377.450516 -0.001721 1010.803649 24.395825 633.785881 633.785881 -0.000000 3.080743 3.180095 0 
313 174.003543 230.728850 154.006956 230.467580 167.483167 -21.072441 251.865486 251.865486 -0.000000 1.544907 1.624320 0 
321 175.903213 241.330033 203.905018 253.163093 152.755402 326.492398 88.824103 88.824103 -0.000000 4.977785 5.321457 0 
323 267.877867 302.703803 309.002046 295.979467 295.962715 344.826149 50.084793 50.084793 -0.000000 4.124332 4.973250 0 
326 368.008305 255.029210 390.126623 270.995085 376.544580 265.898512 13.501459 13.501459 0.000000 4.046641 0.358984 0 
332 377.000000 243.000000 410.462208 249.902170 374.087523 326.455201 84.980770 84.980770 0.000000 4.747274 5.155965 0 
349 -0.650394 299.060829 18.785593 298.502068 10.196188 322.523906 25.921884 25.921884 -0.000000 4.279368 5.055789 0 
353 433.064067 266.930028 412.952842 268.315428 413.877422 165.035687 103.345847 103.345847 -0.000000 1.384676 1.579748 0 
356 579.980699 297.012748 594.703634 279.581397 587.969545 288.825802 11.413608 10.735728 -1.227207 2.343948 5.341955 0 
357 63.896314 4.724185 131.066504 5.311247 94.920915 236.503641 233.801974 233.801974 -0.000000 4.579326 4.867478 0 
361 337.028382 174.977496 321.012848 175.442512 331.598391 134.236365 40.969532 40.969532 -0.000000 1.438297 1.822251 0 
368 242.401276 411.010974 241.690765 436.991543 132.560308 422.912440 109.688617 109.688617 0.000000 6.175255 0.128303 0 
403 141.445923 237.930373 146.594930 270.907107 -367.702236 343.574927 519.530433 519.530433 -0.000000 6.078596 6.142819 0 
442 593.017200 231.071373 631.017054 227.474567 619.348592 362.096558 134.326705 134.326705 -0.000000 4.514066 4.798849 0 
443 600.012459 233.170518 622.993601 229.954286 626.761974 310.836108 81.170412 81.170412 0.000000 4.380695 4.665832 0 
487 598.053017 306.072342 546.656011 303.658766 587.513602 22.743707 283.614152 283.614152 -0.000000 1.533615 1.715228 0 
510 236.964145 453.630192 221.581377 447.370500 233.052505 439.602441 14.078589 14.078589 -0.000000 1.298854 2.546344 0 
519 444.577094 17.810695 414.972750 49.042472 423.787906 27.663756 26.149467 22.278447 0.805287 5.840593 1.961889 0 
524 99.053780 467.683672 138.149474 468.562477 115.238489 617.178273 150.456810 150.456810 -0.000000 4.604546 4.865347 0 
542 342.391927 135.289109 323.720374 132.977879 380.043472 -60.320443 201.399367 201.399367 0.000000 1.760954 1.854325 0 
566 313.834888 207.025584 312.582920 150.009158 943.063185 167.682738 630.147793 630.147793 -0.000000 3.079148 3.169617 0 
591 362.234945 15.946450 338.114085 48.179291 335.980339 20.770702 31.261581 24.295678 0.741477 6.101464 1.493103 0 
600 516.456770 259.174735 524.133341 253.553501 521.515888 257.826492 5.241672 5.241672 -0.000000 2.881148 5.261991 0 
620 242.052053 10.526931 262.108656 18.257205 249.922970 19.806212 13.196595 10.486193 0.103407 4.008926 6.156747 0 
628 35.263856 260.556728 52.397064 251.817895 257.863406 649.175566 447.604975 447.604975 -0.000000 4.192212 4.235170 0 
727 504.000000 12.000000 513.030008 55.182923 511.790604 33.234977 21.833606 18.607160 1.302497 4.360760 1.514386 0 
733 307.899421 285.728952 321.007182 287.281524 284.742540 611.041931 326.209131 326.209131 -0.000000 4.783453 4.823935 0 
746 232.730398 391.514152 218.307470 394.312076 225.395913 388.896132 8.196433 8.196433 0.000000 0.342850 2.489158 0 
783 341.952718 243.802048 270.963619 239.617135 328.682738 -251.001485 493.754510 493.754510 0.000000 1.543984 1.687904 0 
796 598.017309 305.670097 638.023376 305.255467 626.855215 688.573752 383.589690 383.589690 -0.000000 4.637217 4.741516 0 
817 595.228803 232.671454 577.561994 248.369714 560.100312 212.269815 40.395172 40.395172 -0.000000 0.526161 1.120270 0 
835 311.991160 225.151179 335.942011 229.160382 317.314696 274.483373 49.194636 49.194636 -0.000000 4.604893 5.102334 0 
887 17.009788 395.829671 20.615573 412.746596 11.781128 406.387347 11.453699 11.453699 0.000000 5.172227 0.623907 0 
960 303.004594 135.894853 269.966720 131.081858 294.833300 51.866628 83.943378 83.943378 -0.000000 1.473856 1.874967 0 
1013 455.068950 61.335345 393.965351 58.734746 438.282088 -397.866981 458.477257 458.477257 -0.000000 1.534256 1.667551 0 
1085 1.095718 320.225799 22.008485 314.106454 29.076905 369.293128 56.257987 56.257987 0.000000 4.194123 4.585001 0 
1101 0.981844 107.735052 30.004571 107.318480 20.521404 433.210578 325.720781 325.720781 0.000000 4.652427 4.741480 0 
1106 595.650905 298.463385 579.255129 297.599490 588.216345 291.036331 10.390503 10.390503 -0.000000 0.784893 2.509454 0 
1129 561.124608 196.759960 569.474112 208.869986 555.106049 213.958766 19.288017 9.843294 -0.879121 5.049011 5.942798 0 
1138 264.455003 331.667680 302.073899 310.399339 295.083180 342.222963 32.113401 32.113401 -0.000000 3.473472 4.928625 0 
1160 372.613294 270.022362 378.502756 263.677769 375.948641 266.663847 4.935598 4.935598 -0.000000 2.352733 5.419976 0 
1171 576.365114 278.421831 596.146809 274.405694 588.437292 288.345144 15.721230 15.721230 0.000000 3.829604 5.217588 0 
1285 433.126134 26.999585 415.895748 29.173822 417.385854 -20.157578 49.115780 49.115780 -0.000000 1.248641 1.600993 0 
1299 433.016424 24.156906 415.004426 26.042283 418.937230 -23.355104 49.021324 49.021324 0.000000 1.282711 1.650244 0 
1319 167.996960 258.503515 191.002221 258.362646 179.815116 446.944976 188.684053 188.684053 -0.000000 4.649756 4.771642 0 
1333 541.345933 11.992934 541.754296 31.984592 476.694203 25.996912 65.297525 65.297525 0.000000 6.069874 0.091775 0 
1339 0.039827 102.511962 32.071329 105.125939 4.440262 253.306371 150.339420 150.339420 0.000000 4.683216 4.896741 0 
