8 238.627517 399.041499 172.988110 405.059365 197.488465 307.092962 101.001148 101.001148 -0.000000 1.150095 1.815859 0 
10 171.804338 314.561261 152.098894 307.972851 161.242140 311.542819 9.565816 5.464175 0.287906 0.278358 3.513838 0 
24 66.771123 352.307620 -0.122471 382.688790 -75.700498 114.912661 277.233105 277.233105 -0.000000 1.030270 1.295709 0 
35 253.173060 327.039736 248.247390 337.308682 241.416943 328.282479 11.424972 11.424972 0.000000 6.177866 0.922999 0 
50 63.456253 357.933047 -0.445407 385.848889 -136.636213 -18.002947 425.839435 425.839435 -0.000000 1.081682 1.245543 0 
59 257.473617 358.032376 259.805642 323.918354 561.031584 357.677217 302.958671 302.958671 0.000000 3.140423 3.253199 0 
62 46.323955 326.888757 -0.072720 343.800495 -192.019483 -242.262471 616.537057 616.537057 0.000000 1.174214 1.254288 0 
64 179.867108 296.479037 201.022279 293.360852 205.498142 387.114274 94.193953 94.193953 0.000000 4.436792 4.664684 0 
71 450.085726 370.619547 391.964537 376.577309 365.727867 -116.378898 493.739644 493.739644 -0.000000 1.399278 1.517623 0 
76 485.983560 370.841412 509.980334 373.082263 492.605924 424.934292 54.512765 54.512765 0.000000 4.590569 5.035708 0 
96 75.244172 360.425476 94.060006 352.267995 99.762545 390.942636 39.032325 39.032325 0.000000 4.035561 4.565995 0 
113 232.506414 340.656542 149.182215 336.968451 192.643799 213.478235 132.962666 132.962666 0.000000 1.267056 1.909202 0 
131 509.543241 291.538809 471.619458 280.282036 541.799479 113.142469 180.615344 180.615344 -0.000000 1.749676 1.968330 0 
154 185.999454 291.851398 229.999919 291.830489 209.242717 498.968811 207.589455 207.589455 -0.000000 4.600634 4.812265 0 
185 219.134560 395.441840 169.947576 394.351461 197.097266 270.812150 126.392579 126.392579 0.000000 1.395783 1.787123 0 
213 512.000709 350.993548 544.053182 354.516083 515.336444 478.332022 126.581546 126.581546 0.000000 4.686199 4.940290 0 
314 539.051812 384.610631 557.793939 387.687839 541.718218 414.664592 31.030986 31.030986 -0.000000 4.623900 5.249796 0 
