4 243.470494 68.982487 268.379552 77.943741 244.550010 100.321831 32.031424 32.031424 0.000000 4.677957 5.529188 0 
6 240.393799 92.501992 264.800057 78.059563 260.053819 101.083606 22.913941 21.041170 -1.045792 3.553164 4.915684 0 
10 282.599537 462.381052 298.866471 478.137852 245.447739 516.025354 64.792948 64.792948 -0.000000 5.318103 5.666275 0 
17 382.005076 71.215444 277.874851 42.909738 340.379852 52.628719 66.148677 18.930174 0.065413 0.419961 3.295849 0 
18 158.963584 225.609490 189.641658 228.835243 174.252188 259.204531 35.339525 35.339525 0.000000 4.285314 5.181418 0 
30 439.391978 54.228169 414.887813 65.767111 407.838608 21.023817 45.867782 45.867782 0.000000 0.810887 1.414533 0 
31 226.992183 125.001537 227.336105 100.903102 286.070133 115.671373 60.469135 60.469135 -0.000000 2.984957 3.387929 0 
39 227.140695 100.790283 239.948833 69.444573 291.763221 109.772976 65.108948 65.108948 -0.000000 3.279710 3.802976 0 
45 615.861626 215.073451 638.105996 213.475749 647.016528 505.170026 291.475298 291.475298 0.000000 4.605404 4.681851 0 
60 317.002480 24.025013 290.953469 21.169235 325.431047 -75.330463 102.250359 102.250359 -0.000000 1.655426 1.913943 0 
62 383.829912 102.770130 392.344772 105.714318 387.069776 106.088413 4.752415 4.752415 -0.000000 3.938948 6.212385 0 
66 415.033251 67.141453 323.896149 74.246017 339.371587 -340.350184 415.701398 415.701398 0.000000 1.387210 1.608106 0 
76 507.292692 22.157104 510.307462 14.484310 510.933069 18.700183 4.814544 4.814544 -0.000000 2.382038 4.565071 0 
127 299.915786 74.713172 310.997434 76.021729 301.504732 99.524794 24.503461 24.503461 -0.000000 4.648436 5.096246 0 
147 312.703469 79.485336 325.942411 81.199350 317.031455 87.128053 9.267568 9.267568 -0.000000 4.197126 5.696110 0 
185 365.561176 88.848344 389.919806 77.747289 391.373867 113.783068 35.183556 35.183556 -0.000000 3.909692 4.672060 0 
190 349.012421 84.034970 366.008374 81.589252 359.921353 99.647431 18.649874 18.649874 -0.000000 4.102514 5.037506 0 
239 470.169109 1.570183 455.849256 8.308899 460.224701 -1.107055 10.795611 10.795611 0.000000 0.262985 2.005794 0 
255 448.005360 74.053926 462.911869 77.092404 455.077475 83.081016 10.182646 10.182646 -0.000000 4.047832 5.630532 0 
257 15.868441 173.098810 41.897660 169.298964 58.236778 378.929349 209.943623 209.943623 0.000000 4.509384 4.634604 0 
302 148.987100 68.121668 141.044846 54.888896 142.418176 61.166296 7.986349 4.203354 0.920455 0.813965 4.497009 0 
317 143.968506 82.194822 153.263984 92.196458 128.618776 93.795976 27.346727 10.439891 -0.233051 5.635990 6.218374 0 
362 591.572904 2.553830 586.557199 14.450241 587.272375 6.461758 6.423452 6.423452 0.000000 5.545580 1.660084 0 
402 55.891291 170.661328 70.012836 168.405486 69.434094 217.165720 48.787329 48.787329 -0.000000 4.429011 4.724258 0 
424 249.588608 85.090739 267.049653 81.551321 261.333315 98.790212 17.792531 17.792531 -0.000000 4.003666 5.032575 0 
