4 61.748824 71.091951 93.948594 29.739482 91.384953 60.363030 29.581266 29.581266 0.000000 2.794248 4.795909 0 
9 108.033215 106.543687 65.611484 84.646364 92.755760 84.928105 27.912856 21.493292 0.381980 0.955535 3.151972 0 
11 64.763810 61.075767 82.858835 33.755249 91.513964 58.029830 25.694098 25.694098 -0.000000 3.028215 4.369890 0 
19 114.693471 100.169067 79.091288 97.794357 98.501575 68.364338 35.487781 35.487781 -0.000000 1.099893 2.153849 0 
21 53.607810 81.991632 56.319125 53.864539 142.692145 79.206365 89.778053 89.778053 -0.000000 3.110337 3.426983 0 
22 130.330227 73.094883 114.990889 101.182620 94.432433 70.491251 35.550252 35.550252 0.000000 0.072402 0.980597 0 
24 124.519830 53.833770 108.977946 99.963448 92.275159 69.990795 35.162890 35.162890 0.000000 5.818677 1.062391 0 
36 119.396510 38.546453 128.960327 93.985906 84.395037 72.787498 49.604976 49.604976 0.000000 5.508769 0.443996 0 
62 72.835873 106.170645 55.584183 82.209337 94.934069 72.991123 39.636698 39.636698 0.000000 2.158350 2.911479 0 
65 134.044792 30.542724 158.957629 28.486613 154.410615 174.423645 145.250589 145.250589 0.000000 4.571777 4.743536 0 
68 98.945935 108.881842 76.952703 106.163238 97.093208 71.463583 39.617500 39.617500 -0.000000 1.521323 2.096697 0 
190 134.627542 93.170157 129.165066 113.315905 87.387661 90.857251 46.600523 46.600523 0.000000 0.048922 0.493257 0 
289 235.435184 70.011088 235.288058 38.975904 401.068142 51.510255 166.251815 166.251815 -0.000000 3.030356 3.217057 0 
