2 450.606871 137.833838 455.223996 159.969593 388.242540 161.931204 66.754022 66.754022 -0.000000 5.914461 6.253908 0 
12 300.941735 246.260552 321.577814 257.480962 298.887883 275.084099 28.700655 28.700655 0.000000 4.783525 5.623368 0 
15 513.112065 361.485148 494.817409 364.706611 488.676222 264.404965 100.088940 100.088940 -0.000000 1.324211 1.509645 0 
22 262.851550 265.924438 274.629981 252.507364 289.782151 278.868846 30.197881 30.197881 0.000000 3.589647 4.190717 0 
25 572.724971 248.867226 574.153505 300.146865 466.180239 276.066328 110.354935 110.354935 -0.000000 6.033240 0.219432 0 
60 424.786274 107.953688 416.149738 133.073531 375.472623 104.600085 49.114785 49.114785 0.000000 0.067901 0.610717 0 
69 424.604907 95.079375 414.616154 132.302770 357.132849 97.404353 67.072965 67.072965 0.000000 6.248741 0.545628 0 
85 300.670815 276.890143 293.395423 282.289059 296.608839 279.052506 4.560901 4.560901 -0.000000 5.794000 2.352607 0 
92 57.749878 298.992073 79.089463 231.074277 148.123962 287.848214 90.275928 90.275928 0.000000 3.018904 3.829843 0 
110 34.343669 259.759958 40.014750 237.999398 205.963741 314.780152 180.111696 180.111696 0.000000 3.451833 3.574938 0 
141 117.937992 178.553573 177.949387 177.405658 154.143235 322.426532 147.629592 147.629592 0.000000 4.465861 4.875095 0 
168 163.059140 340.811292 158.722814 328.931890 164.418398 333.937245 8.065646 6.176149 -0.658104 1.766016 3.862578 0 
178 312.428996 169.006473 312.156848 144.998222 543.386613 153.613168 231.311725 231.311725 0.000000 3.075041 3.178833 0 
212 137.151175 128.004891 133.748431 150.349517 -99.926801 126.695250 236.957022 236.957022 0.000000 0.005524 0.100883 0 
244 243.934616 1.000910 236.013314 60.003972 109.437769 12.425301 135.081217 135.081217 0.000000 6.198447 0.359552 0 
291 271.096187 233.959449 263.803578 216.661226 404.611510 163.393766 150.413874 150.413874 -0.000000 2.655389 2.779933 0 
323 240.602391 324.372917 215.722806 357.731177 151.940539 287.199706 95.243424 95.243424 -0.000000 0.397007 0.835605 0 
377 364.997631 90.275736 377.216905 90.786183 371.637922 153.093940 63.112907 63.112907 0.000000 4.607074 4.801690 0 
380 396.515897 283.978934 397.690504 256.986532 501.759806 276.128610 104.985756 104.985756 -0.000000 3.067139 3.323495 0 
389 20.043114 224.502042 33.033191 223.386495 24.916492 224.452218 17.984650 1.361350 -0.000885 3.131369 6.152632 0 
399 81.991681 226.990665 121.737719 200.495463 156.797199 296.497347 101.778162 101.778162 -0.000000 3.890289 4.362241 0 
420 70.729824 349.169074 60.990502 241.996307 152.508833 287.868047 102.201862 102.201862 0.000000 2.498352 3.606224 0 
430 185.240057 100.521043 205.951247 126.023022 166.111759 135.453985 40.605851 40.605851 0.000000 5.213366 6.050740 0 
461 556.308639 211.784907 571.532113 233.629165 485.054962 278.672552 97.039786 97.039786 0.000000 5.529382 5.802981 0 
500 558.524824 218.649268 570.853687 237.097779 446.798339 307.899602 142.599338 142.599338 0.000000 5.609159 5.764568 0 
509 59.916774 320.056552 54.000000 282.000000 181.849906 282.788314 128.437640 128.437640 0.000000 2.844965 3.147759 0 
519 485.026896 181.741331 546.044393 202.934048 482.862410 284.340223 102.782415 102.782415 0.000000 4.733482 5.372406 0 
571 470.001525 185.116796 503.001426 185.173762 485.761956 276.670988 92.066007 92.066007 -0.000000 4.541917 4.898621 0 
630 472.423287 246.400798 456.902494 224.067763 619.850619 125.631010 190.172067 190.172067 0.000000 2.455264 2.598165 0 
