3 161.085191 355.046672 71.310999 280.047046 118.530682 307.846871 94.321340 50.413852 -1.483541 0.837108 3.673687 0 
46 144.355434 239.629704 110.800653 290.839755 -43.413895 154.688291 205.301956 205.301956 0.000000 0.424824 0.723270 0 
80 341.918448 55.999308 341.536469 101.004553 -243.603397 65.443683 585.592365 585.592365 0.000000 6.267057 0.060699 0 
95 592.218608 272.962751 598.514483 309.912337 436.042370 321.915853 162.649267 162.649267 -0.000000 5.979437 6.209439 0 
110 566.103890 376.101819 477.899326 422.291360 477.099606 313.860728 107.725676 107.725676 -0.000000 0.610259 1.563421 0 
126 346.698528 315.976464 348.340201 294.948489 486.025984 315.382322 139.011445 139.011445 -0.000000 3.137328 3.288926 0 
159 575.631101 270.788472 581.850267 325.935712 426.094889 316.960600 156.950253 156.950253 0.000000 5.983703 0.057559 0 
162 71.182017 273.059712 94.486831 218.930802 212.714425 298.419372 143.126008 143.126008 0.000000 3.318890 3.733509 0 
165 286.981759 338.004198 286.445682 314.845529 337.556862 325.066520 52.542220 52.542220 -0.000000 2.891152 3.338965 0 
190 64.202617 321.980707 66.544994 288.949102 301.530967 327.926077 237.791669 237.791669 0.000000 3.166639 3.305965 0 
204 74.843618 377.393865 63.799484 322.017736 218.915149 320.274295 154.943719 154.943719 0.000000 2.764136 3.130354 0 
216 120.941029 193.770512 147.040424 191.264992 137.875459 236.589124 45.943430 45.943430 0.000000 4.335775 4.911908 0 
244 426.084898 406.837470 393.500682 382.511378 483.954682 299.676812 122.334616 122.334616 0.000000 2.065951 2.400136 0 
250 334.904628 166.161321 339.520228 181.556176 312.460634 177.954972 31.619026 13.074520 -0.126334 5.799370 0.132307 0 
282 269.595397 280.953926 271.453438 304.964912 95.006892 308.512976 176.369584 176.369584 0.000000 6.126626 6.263080 0 
310 80.029327 382.985577 70.623310 359.789076 176.576711 327.962455 110.839444 110.839444 -0.000000 2.623594 2.849784 0 
322 365.536879 313.940849 409.620074 223.556884 469.809321 308.938182 104.185510 104.185510 0.000000 3.093653 4.098351 0 
330 94.831564 218.615673 121.017780 194.031029 151.371688 249.947629 64.033938 64.033938 0.000000 3.647620 4.215058 0 
331 532.648819 219.121088 568.933372 255.307897 473.078809 315.082421 112.685168 112.685168 0.000000 5.267941 5.725596 0 
393 150.874935 143.976016 192.087326 124.439653 276.673107 221.240013 151.893488 48.068760 0.640182 3.692381 3.994230 0 
409 395.868175 99.119205 412.934880 96.564901 444.180544 300.214164 206.366558 206.366558 -0.000000 4.476611 4.560147 0 
432 150.988396 134.993097 181.041742 120.913610 172.149998 143.515695 22.880597 22.880597 -0.000000 3.524458 5.087196 0 
457 193.625798 261.534468 191.911877 240.810995 229.167768 246.429251 39.849143 39.849143 -0.000000 2.739725 3.291267 0 
486 103.032713 214.040322 146.078018 202.787308 134.679538 238.203991 38.699021 38.699021 0.000000 3.793704 5.023759 0 
515 138.018417 385.023720 101.882878 392.193749 113.547550 366.983635 29.461467 29.461467 0.000000 0.635263 2.004160 0 
545 242.028243 150.106260 220.990895 150.643345 212.177045 -232.102012 382.930829 382.930829 0.000000 1.492853 1.547772 0 
546 164.668348 207.197232 171.769052 219.137343 124.925200 239.659913 51.003999 51.003999 0.000000 5.598277 5.870266 0 
