68 525.192196 440.337185 486.250459 440.361947 508.079917 259.630848 182.178105 182.178105 0.000000 1.476381 1.690998 0 
71 155.294874 168.454655 162.096561 107.243842 180.374368 143.446767 41.453317 34.900887 0.838571 2.357624 4.244852 0 
97 192.344630 120.843090 197.948074 149.005275 132.805594 145.322157 64.748970 64.748970 -0.000000 5.893110 0.056479 0 
110 297.914721 279.569045 273.880890 281.001359 278.982318 167.324966 112.942351 112.942351 0.000000 1.403697 1.615643 0 
148 255.719325 95.154869 246.922998 104.710932 249.990316 98.055379 8.494677 6.348787 0.889820 5.814523 2.002650 0 
187 174.928317 256.050001 189.729622 277.806504 -250.820993 545.251897 514.763516 514.763516 0.000000 5.686503 5.737583 0 
211 22.198848 40.716809 44.990909 27.914152 37.233066 35.962198 17.664626 7.594037 -0.057852 2.835293 5.479429 0 
259 23.029600 39.809644 39.994243 40.231497 31.138537 119.868021 79.951560 79.951560 -0.000000 4.611445 4.823136 0 
261 592.635761 262.342708 623.447566 306.163353 492.600709 370.516984 146.845893 146.845893 0.000000 5.458715 5.826100 0 
263 71.582271 45.065568 74.043656 59.146622 73.281217 52.146156 8.128007 5.178491 0.779631 4.476897 1.462311 0 
276 75.510450 76.578421 65.647841 62.111018 162.789319 -3.245436 118.038740 118.038740 0.000000 2.400778 2.549358 0 
309 184.012094 81.335347 168.841545 77.325572 181.789908 62.288668 19.514857 19.514857 0.000000 1.454651 2.281703 0 
310 133.406782 197.996124 140.129811 180.146662 146.554892 193.204100 14.902177 13.432025 -1.507400 2.792090 4.255111 0 
325 294.934122 158.989091 288.849909 178.924933 243.983245 156.011277 50.914283 50.914283 0.000000 0.058378 0.472175 0 
336 347.526522 231.014945 365.016048 201.016114 389.913640 235.843219 42.949412 42.949412 -0.000000 3.255013 4.091739 0 
338 552.261921 240.585914 606.476390 285.582440 508.556226 353.076624 119.281511 119.281511 -0.000000 5.082966 5.679692 0 
383 20.018760 87.079359 -0.858401 78.551897 14.991803 70.312188 17.904324 17.904324 -0.000000 1.279514 2.662192 0 
384 523.543524 325.685213 517.225060 352.275076 510.796196 335.864328 16.536927 16.536927 -0.000000 5.609342 1.197425 0 
418 41.934182 170.067809 68.796110 206.128771 -40.564892 255.509928 119.038837 119.038837 0.000000 5.480265 5.859049 0 
420 469.972211 300.027537 478.868086 312.666052 415.096867 362.603819 83.226676 83.226676 -0.000000 5.432314 5.618849 0 
430 345.539835 283.101972 309.784622 287.480389 327.559883 270.180528 22.830174 22.830174 -0.000000 0.623139 2.369747 0 
451 307.771167 316.826743 340.904035 301.221700 333.721685 331.703881 30.053270 30.053270 0.000000 3.662140 4.943793 0 
481 605.848354 343.999505 605.776528 365.999270 492.248198 354.992363 113.798733 113.798733 0.000000 6.186718 0.096651 0 
488 262.952523 124.953726 299.062162 126.751297 272.030987 271.655148 146.951284 146.951284 0.000000 4.650584 4.896815 0 
491 40.882259 178.403145 70.690716 245.846313 -42.519085 256.313309 113.179023 113.179023 -0.000000 5.531815 6.190991 0 
541 607.481133 281.711972 622.015500 305.990721 391.286151 426.708575 260.108033 260.108033 0.000000 5.692413 5.801150 0 
547 63.149753 294.115476 47.682740 308.583372 29.262176 272.229857 40.340510 40.340510 -0.000000 0.573438 1.101798 0 
569 202.980753 417.984285 165.046149 438.506835 164.444159 393.989229 44.988816 44.988816 -0.000000 0.556912 1.557275 0 
584 560.398593 233.335406 604.655973 268.138610 508.062253 350.622239 127.826954 127.826954 0.000000 5.132099 5.576418 0 
609 559.235356 450.874119 530.187215 458.695320 506.023248 302.554192 157.337667 157.337667 0.000000 1.226334 1.417257 0 
641 200.800132 350.969420 151.978865 430.234876 149.612541 352.593381 79.055863 50.087036 1.363399 6.251470 1.540328 0 
660 251.105098 239.860631 276.813454 259.247375 48.642377 552.319126 371.579052 371.579052 0.000000 5.287334 5.373913 0 
678 137.793446 259.949020 154.971649 220.086703 219.480058 271.853678 82.852469 82.852469 -0.000000 3.286310 3.817846 0 
690 82.953988 254.960756 114.285627 234.875717 114.322093 268.430479 32.862385 32.862385 -0.000000 3.547191 4.711302 0 
691 162.080837 241.940651 182.442776 269.674923 37.578865 358.630138 169.750120 169.750120 -0.000000 5.530167 5.732491 0 
708 182.829281 281.080695 200.435587 324.206839 -31.945259 396.543308 243.423133 243.423133 -0.000000 5.789913 5.981409 0 
712 170.315594 237.719502 199.797302 274.415549 -67.792928 463.066396 327.772373 327.772373 0.000000 5.525316 5.669112 0 
714 57.246761 13.480043 70.013317 6.529519 69.097073 20.378707 14.023500 14.023500 0.000000 3.668784 4.778451 0 
766 205.364632 350.982156 205.349760 383.040132 -12.900786 369.204679 218.989274 218.989274 -0.000000 6.199891 0.063308 0 
814 371.411053 317.143028 401.385978 266.263416 466.244579 338.327950 96.910971 96.910971 -0.000000 3.361375 3.979570 0 
874 566.150697 272.832296 608.850887 378.122576 511.235979 357.676858 99.937159 99.937159 0.000000 5.286821 0.206468 0 
889 40.293847 182.788638 66.611628 234.802442 -34.545889 254.516417 102.765642 102.765642 0.000000 5.519016 6.090714 0 
901 77.134124 332.973016 72.778392 291.064999 213.041940 299.192054 139.919800 139.919800 0.000000 2.897972 3.199469 0 
919 71.006282 264.002729 102.213993 228.383420 117.513173 272.151102 46.145716 46.145716 -0.000000 3.315040 4.376111 0 
920 591.949075 292.038709 612.787743 328.624099 520.627542 356.254085 95.622246 95.622246 0.000000 5.550169 5.991908 0 
927 101.208811 201.680188 76.334590 181.686028 122.848183 148.042525 57.128572 57.128572 -0.000000 1.954261 2.515397 0 
949 383.741006 307.872966 404.939611 274.948295 473.515187 343.968232 96.868840 96.868840 0.000000 3.523880 3.930220 0 
959 509.090383 248.643439 539.866406 258.275015 471.725558 425.424319 180.741613 180.741613 0.000000 4.920686 5.099485 0 
963 570.166064 429.266284 532.913668 444.698870 514.673321 349.277579 97.080877 97.080877 0.000000 0.964272 1.381919 0 
