6 517.812478 229.054925 494.181065 331.363112 381.991155 251.219487 138.463379 138.463379 0.000000 6.121422 0.620297 0 
7 408.023972 121.855990 402.954529 152.150283 -173.430293 32.021971 588.773129 588.773129 0.000000 0.153287 0.205475 0 
9 504.470039 196.321181 517.758687 229.037903 446.074146 241.748610 73.519040 73.519040 0.000000 5.622053 6.107695 0 
14 290.937023 254.574306 309.131766 300.971175 211.465731 314.919083 98.615985 98.615985 -0.000000 5.633741 6.141332 0 
56 454.236396 111.100302 453.890311 91.003144 1060.827527 65.123777 607.580675 607.580675 -0.000000 3.065942 3.098979 0 
66 477.003168 182.015885 500.537547 193.087846 477.431673 210.067718 28.490214 28.490214 0.000000 4.697115 5.649436 0 
75 418.957851 142.006716 418.689581 163.288934 322.700197 155.769499 97.465737 97.465737 0.000000 6.141169 0.078176 0 
85 279.191032 273.898149 292.532068 312.901358 182.554304 330.913597 111.944008 111.944008 -0.000000 5.750153 6.120846 0 
98 397.955235 299.044232 403.486681 253.848618 600.616155 301.435830 202.767351 202.767351 0.000000 3.153393 3.378462 0 
111 206.151693 175.927350 203.134825 140.030220 253.617648 154.650756 52.898933 52.898933 0.000000 2.720195 3.423494 0 
122 230.981565 108.022407 248.880120 128.075130 213.700013 141.537721 37.185887 37.185887 0.000000 5.188463 5.917702 0 
124 275.373869 273.794140 272.027246 400.482919 160.112857 332.064001 130.602912 130.602912 -0.000000 5.815110 0.548724 0 
146 237.696526 441.521156 142.693909 451.675106 179.707937 358.419169 101.201835 101.201835 -0.000000 0.961548 1.948634 0 
169 474.343598 358.740791 399.828767 318.066663 454.213366 304.554564 62.454580 51.818309 -1.282883 1.215097 2.898069 0 
170 505.527045 319.340801 404.811107 324.078242 457.545475 305.629816 58.568085 48.027704 -0.961393 0.278338 2.805063 0 
177 477.047969 177.806528 497.547670 186.615862 475.932599 214.352771 35.730798 35.730798 0.000000 4.742899 5.374373 0 
222 376.876995 115.063949 413.010516 98.322259 398.344946 108.609733 22.734973 9.146033 -0.162511 2.849545 5.671473 0 
224 128.038009 442.900968 110.961061 424.963985 290.358041 262.575683 241.774481 241.774481 0.000000 2.303695 2.405918 0 
230 442.044210 181.076377 461.794160 169.644390 486.746324 234.174347 68.713935 68.713935 -0.000000 4.012628 4.343422 0 
252 437.844593 192.924569 469.021038 178.097705 478.536412 239.531047 62.860993 62.860993 -0.000000 3.994640 4.558721 0 
277 303.253059 302.991512 304.158774 329.994675 11.841878 326.960300 292.158789 292.158789 0.000000 6.201119 0.010380 0 
290 449.885789 187.743907 470.829787 181.040190 474.974843 227.962630 47.071485 47.071485 0.000000 4.154642 4.624279 0 
292 115.916488 437.059120 94.019624 395.992333 185.944893 370.850459 95.285609 95.285609 0.000000 2.384225 2.874618 0 
296 95.718651 384.009060 94.656075 351.011075 216.553929 364.660539 121.699097 121.699097 -0.000000 2.982817 3.253103 0 
335 111.236988 449.784117 76.807570 381.049377 179.431830 372.659895 102.243522 102.243522 0.000000 2.294825 3.060025 0 
381 206.448248 111.997439 205.249415 129.104524 144.117861 117.016318 62.685561 62.685561 -0.000000 6.202838 0.195222 0 
396 429.358142 189.415894 448.673804 172.782459 536.721770 301.231521 154.311171 154.311171 -0.000000 3.947300 4.111481 0 
497 477.069807 174.642279 502.342429 185.445601 473.716318 216.592883 41.909883 41.909883 0.000000 4.792158 5.455633 0 
521 574.984305 33.295257 557.673820 28.943933 569.723703 13.006669 20.360172 20.360172 0.000000 1.317095 2.218179 0 
523 226.376486 164.994497 226.694283 128.988475 427.619531 146.859652 201.385456 201.385456 0.000000 3.051721 3.230304 0 
528 203.333957 167.992865 203.623173 140.995963 400.185529 161.485299 197.107446 197.107446 -0.000000 3.108546 3.245456 0 
535 386.033770 184.145523 387.407784 163.958785 542.574927 185.097117 155.957823 155.957823 -0.000000 3.147671 3.276989 0 
547 75.859057 367.987583 78.949697 332.907466 254.245927 367.006635 177.990781 177.990781 0.000000 3.136094 3.333716 0 
602 285.288944 117.347973 273.040023 122.186717 272.802950 101.730794 20.357050 20.357050 -0.000000 0.896358 1.559207 0 
613 392.871467 56.147323 389.404457 100.189280 -60.700155 40.635033 453.722372 453.722372 -0.000000 0.034187 0.131548 0 
621 152.068517 246.135882 176.027574 234.054683 222.471065 349.708884 124.430283 124.430283 -0.000000 4.115391 4.330528 0 
638 401.103836 121.736430 396.231219 150.053958 -195.633350 16.118519 606.760718 606.760718 -0.000000 0.175178 0.222546 0 
661 312.762425 262.060402 311.497009 298.982761 157.273981 268.500135 155.831012 155.831012 -0.000000 6.241793 0.195138 0 
666 292.571924 360.182696 274.585134 404.312382 160.342200 329.952619 135.621159 135.621159 -0.000000 0.224755 0.577002 0 
717 181.838111 45.995374 180.437392 95.012499 -146.151947 58.992796 327.798641 327.798641 -0.000000 6.243579 0.109847 0 
756 98.788014 401.046997 92.927650 364.005963 319.475492 341.422043 228.283181 228.283181 -0.000000 2.877715 3.042234 0 
784 93.079336 358.855717 97.458076 330.915072 222.625964 364.221258 129.106166 129.106166 0.000000 3.182987 3.401659 0 
828 299.513057 332.069006 295.346607 363.046618 -240.903913 273.813093 543.440310 543.440310 0.000000 0.107383 0.164892 0 
996 194.057834 218.737308 227.011954 216.152402 224.251382 376.846582 160.340720 160.340720 -0.000000 4.523695 4.729566 0 
1136 636.924686 221.004586 634.653257 255.165987 314.691712 216.551989 322.380301 322.380301 0.000000 0.013817 0.120102 0 
1160 394.755789 198.162517 387.351397 224.131988 316.334537 190.493435 78.412816 78.412816 0.000000 0.097483 0.442363 0 
