13 333.491527 231.641635 342.427183 238.722829 303.243313 283.242169 59.199371 59.199371 0.000000 5.242599 5.434131 0 
22 255.335304 179.653678 238.564767 163.416676 650.763839 -246.124878 580.846718 580.846718 0.000000 2.319253 2.359428 0 
27 380.001457 307.012825 386.607767 313.852972 384.062473 310.040162 4.167566 3.972290 -1.161670 3.782184 0.982173 0 
33 302.763159 228.878163 313.473222 241.595233 -120.572442 647.241928 594.259312 594.259312 0.000000 5.503694 5.531595 0 
48 558.346067 282.856791 567.292106 309.105128 503.475416 319.041336 64.784459 64.784459 -0.000000 5.700194 6.128726 0 
65 483.895222 39.016769 483.269143 19.936031 527.891468 27.798989 45.347065 45.347065 0.000000 2.891941 3.316013 0 
75 485.739310 310.834627 422.724413 270.858109 713.758904 -107.075008 475.919385 475.919385 0.000000 2.070270 2.227018 0 
84 308.447310 97.883515 319.873127 53.615034 501.282701 121.526240 193.751204 193.751204 0.000000 3.263590 3.499796 0 
85 189.243594 250.916291 191.235683 232.915416 250.680346 247.437194 60.875549 60.875549 0.000000 3.085024 3.381191 0 
94 204.617217 258.504212 238.978974 295.013495 175.865344 319.837244 66.822851 66.822851 0.000000 5.150752 5.908452 0 
101 338.829243 229.583965 343.491516 216.463951 359.846970 228.964023 20.148319 20.148319 0.000000 3.112105 3.794168 0 
127 310.498054 200.341657 329.877138 223.436964 285.883712 238.529591 45.533275 45.533275 0.000000 5.284929 5.952702 0 
130 262.115760 187.820920 275.410961 198.682026 -3.831968 515.646205 422.262330 422.262330 0.000000 5.393951 5.434603 0 
153 491.729032 42.086433 500.765121 82.038219 234.554090 120.631442 269.224100 269.224100 0.000000 5.986768 6.139216 0 
155 443.383056 272.406667 531.070304 256.838205 497.110780 317.345277 69.420882 69.420882 0.000000 3.838146 5.223827 0 
163 140.887372 186.698967 204.144742 179.098929 184.401855 271.941123 95.218584 95.218584 0.000000 4.240392 4.921918 0 
168 209.452374 105.915591 217.739384 72.911801 322.806892 115.731678 113.587866 113.587866 -0.000000 3.227974 3.528588 0 
172 353.145524 236.688625 360.882401 246.288870 255.669578 326.903029 132.513065 132.513065 0.000000 5.536457 5.629396 0 
175 153.987951 192.820818 130.957603 194.369528 132.975707 69.616214 124.514743 124.514743 -0.000000 1.401874 1.586972 0 
178 638.022909 98.647195 584.019779 100.558760 589.119296 -526.661576 626.836609 626.836609 -0.000000 1.492748 1.578926 0 
182 251.686310 40.138363 249.153058 71.012559 79.973094 38.060566 171.453886 171.453886 0.000000 0.012100 0.192366 0 
219 232.941691 206.049217 254.494074 231.582965 173.025168 281.550593 95.055277 95.055277 0.000000 5.383204 5.733019 0 
231 347.739248 216.187840 385.972021 203.912855 455.245308 478.679880 283.086437 283.086437 -0.000000 4.323669 4.465419 0 
278 127.055564 207.302350 93.961574 200.065428 120.603934 149.835292 57.560959 57.560959 -0.000000 1.458998 2.058472 0 
324 186.658326 47.338798 177.224394 44.844989 183.264246 41.884341 7.119052 7.119052 0.000000 1.014171 2.685827 0 
338 448.129115 135.512193 395.813506 137.356896 417.384481 -92.508536 231.180823 231.180823 0.000000 1.436772 1.664364 0 
342 239.981643 59.999983 240.009370 29.999084 505.964511 42.287533 266.085610 266.085610 -0.000000 3.075098 3.187765 0 
376 204.969165 314.535067 222.026780 313.403790 221.430097 400.368095 86.990286 86.990286 0.000000 4.522911 4.719250 0 
378 455.703400 86.180733 457.401613 67.735699 470.372210 78.957542 16.801922 16.801922 -0.000000 2.684029 3.854831 0 
412 515.580731 164.815852 499.852405 182.414883 497.649705 166.265368 16.884573 16.884573 0.000000 6.202522 1.435239 0 
456 3.607011 196.458554 6.638805 213.441743 1.731851 206.269305 8.663024 8.663024 0.000000 4.901244 0.970794 0 
463 148.080335 48.731413 144.364899 38.605740 146.544168 43.441977 5.545815 4.690067 0.583731 1.288150 4.289026 0 
466 42.008440 282.192709 16.289670 275.953380 36.485089 234.680487 47.562704 47.562704 -0.000000 1.455065 2.025859 0 
517 374.980531 136.242480 396.011183 136.009516 386.259370 201.735417 66.347366 66.347366 0.000000 4.541847 4.859685 0 
522 57.047641 94.184294 2.082676 107.377016 -111.240676 -475.933388 594.163000 594.163000 -0.000000 1.283766 1.378910 0 
534 221.428634 396.700793 155.014232 417.384881 161.847369 323.426543 93.970437 93.970437 0.000000 0.888102 1.643394 0 
535 25.922477 186.983867 16.976198 192.861459 21.077787 187.226780 5.828375 5.828375 -0.000000 6.233087 2.200015 0 
574 407.757196 71.051511 425.862484 69.434675 417.852845 101.147396 31.883039 31.883039 -0.000000 4.388735 4.959784 0 
582 578.256234 175.224705 561.060837 174.993564 569.219057 157.548100 25.794287 12.068341 -1.560141 1.098189 2.008224 0 
583 437.797118 369.122173 426.473103 350.317290 543.612256 291.309815 130.955336 130.955336 0.000000 2.507526 2.674959 0 
594 370.747618 305.224093 341.579248 272.373591 622.824141 45.447887 361.222772 361.222772 0.000000 2.341153 2.462682 0 
602 506.993828 399.159624 473.087938 394.688160 499.923323 313.693434 85.368061 85.368061 -0.000000 1.488256 1.890736 0 
608 379.103469 308.909802 365.133099 292.883972 445.226228 235.362617 98.352713 98.352713 -0.000000 2.303088 2.518769 0 
617 568.527604 348.313886 526.851733 390.656671 501.645507 326.092463 69.286200 69.286200 0.000000 0.320773 1.198588 0 
626 130.980921 411.036488 93.750462 383.261991 158.714182 337.362301 78.471454 78.471454 -0.000000 1.930821 2.526489 0 
641 225.916171 388.892677 153.023845 414.688355 164.420165 329.834068 84.788986 84.788986 0.000000 0.765183 1.704302 0 
654 22.094531 344.015569 35.006691 334.231535 31.800110 344.014012 9.938398 9.938398 0.000000 3.141432 5.029141 0 
656 153.139770 414.451012 89.759290 371.167329 161.923716 333.044511 81.238855 81.238855 -0.000000 1.678283 2.655580 0 
677 44.387390 187.089754 55.172733 182.849799 55.254988 198.072250 19.788655 8.440137 1.188965 3.932249 4.706985 0 
