5 145.548944 315.077199 148.365202 295.051359 219.919560 316.067429 74.037793 74.037793 0.000000 3.154907 3.427267 0 
28 442.612919 222.982116 432.990654 222.248273 437.854195 222.349252 5.740941 4.268044 0.839528 0.132214 3.162352 0 
32 196.010267 31.932138 198.203483 -0.054614 377.997805 30.321079 181.749729 181.749729 0.000000 3.132740 3.308959 0 
36 422.249974 71.281520 433.004676 63.010238 438.756329 81.707071 19.503708 19.503708 0.000000 3.704930 4.413950 0 
41 363.602088 187.754984 328.948082 190.617814 343.568785 131.361888 60.730041 60.730041 -0.000000 1.229458 1.812703 0 
42 293.376667 16.936314 291.424488 36.043370 133.529043 13.377550 159.425112 159.425112 -0.000000 0.022260 0.142576 0 
44 357.174356 312.733487 347.496590 281.690484 362.558138 294.273862 18.963007 18.963007 0.000000 1.854577 3.837587 0 
49 80.369882 275.242866 137.192251 232.659590 149.924896 307.938126 76.000684 76.000684 -0.000000 3.581005 4.544834 0 
55 228.020367 167.450444 202.930371 166.739781 218.064577 102.384505 65.742613 65.742613 -0.000000 1.418963 1.801766 0 
76 267.628555 159.976073 295.379209 177.011280 -46.982255 706.768378 630.645352 630.645352 0.000000 5.234505 5.286131 0 
78 234.155627 -0.011812 235.525458 18.036018 147.404786 14.075367 87.747970 87.747970 0.000000 6.122204 0.044916 0 
103 380.027486 79.277830 415.201035 78.185642 402.044867 286.906572 208.577239 208.577239 0.000000 4.606742 4.775338 0 
118 373.145162 289.006417 363.000000 293.000000 367.312385 290.870695 10.197493 5.723747 1.444588 5.973826 2.682945 0 
147 457.643892 191.772820 509.834575 186.267991 493.000788 296.178721 111.580370 111.580370 0.000000 4.385862 4.864367 0 
149 211.049442 251.953251 237.978981 297.007484 166.798107 308.006670 71.123236 71.123236 -0.000000 5.380663 6.129873 0 
169 350.850203 312.206567 346.323399 279.375474 364.922889 294.507746 24.414661 24.414661 0.000000 2.242555 3.824563 0 
182 412.022958 288.361670 375.990492 288.607745 397.645844 191.370939 99.253409 99.253409 0.000000 1.423636 1.789928 0 
190 379.654958 47.030556 377.434925 21.961484 484.653910 25.748518 106.621334 106.621334 0.000000 2.941614 3.176899 0 
204 69.057022 298.017690 154.982734 227.858826 151.965018 311.858874 83.171219 83.171219 0.000000 3.307013 4.748299 0 
264 198.004058 219.992583 224.101550 236.870072 178.052677 279.359328 62.128528 62.128528 0.000000 5.036600 5.537970 0 
292 73.190256 352.452966 155.132981 223.760910 153.864216 314.593956 89.731188 89.731188 0.000000 2.702818 4.726356 0 
298 442.531718 218.199575 558.146795 233.862971 493.189754 281.698746 80.766594 80.766594 0.000000 4.039006 5.648431 0 
303 190.189890 235.661741 229.090666 267.947327 155.410623 314.988651 86.309768 86.309768 -0.000000 5.125579 5.714970 0 
325 146.811804 74.288913 137.329352 63.463377 151.815884 60.003996 14.374341 14.374341 0.000000 1.907743 2.907183 0 
342 365.993811 195.408712 400.576910 203.108214 376.371058 234.828874 39.742499 39.742499 -0.000000 4.454982 5.364218 0 
353 149.237752 165.892342 137.845739 173.535823 142.657977 168.537206 7.526078 5.102848 -0.397775 5.900983 2.337199 0 
409 212.192496 385.060168 97.389163 381.624176 156.201353 316.851419 88.460506 88.460506 0.000000 0.883453 2.308001 0 
429 439.252090 216.734451 575.396986 282.117698 493.080190 280.492177 82.834779 82.834779 -0.000000 4.011237 0.019745 0 
468 540.717510 352.584227 473.115891 366.855047 489.210080 284.996658 85.150764 85.150764 -0.000000 0.919606 1.764930 0 
480 408.248361 279.863783 423.412652 234.724705 492.890842 283.786946 84.214715 84.214715 -0.000000 3.187909 3.756436 0 
502 203.928828 239.078505 226.178872 370.223091 155.776243 316.058963 89.792807 89.792807 -0.000000 5.271360 0.655769 0 
525 130.008410 52.000778 131.400870 36.944590 193.876328 53.041408 63.835387 63.835387 0.000000 3.157885 3.393759 0 
532 83.896860 210.467485 65.057369 208.908915 74.801297 179.754044 32.140646 32.140646 -0.000000 1.282882 1.893338 0 
564 166.284587 6.995004 166.758706 34.004236 -471.249533 20.175229 637.885283 637.885283 0.000000 6.262514 0.021672 0 
607 324.261835 326.009596 340.172417 313.079304 336.312731 325.409162 12.539072 12.539072 -0.000000 3.091809 5.015762 0 
621 431.695689 345.464767 411.922437 313.034964 480.892017 293.630706 71.213515 71.213515 0.000000 2.330092 2.867337 0 
657 517.860878 374.221497 481.912544 377.018573 495.526303 316.495363 61.380621 61.380621 0.000000 1.201629 1.792048 0 
673 461.884341 373.368145 429.175169 351.847182 486.080195 297.529158 78.837938 78.837938 0.000000 1.879630 2.379450 0 
714 386.479114 241.373752 406.202502 234.279833 401.787378 247.990902 16.207612 16.207612 0.000000 3.549596 5.023916 0 
720 540.961959 362.922087 518.071570 374.098480 505.587210 319.233594 55.741158 55.741158 0.000000 0.890166 1.347059 0 
