37 365.044798 259.272996 338.970894 238.020921 371.423409 230.754301 31.182493 31.182493 0.000000 1.790839 2.921311 0 
67 161.050382 282.019372 166.434145 268.335826 244.712672 313.917473 89.634829 89.634829 -0.000000 3.505851 3.668896 0 
73 358.981083 219.889996 375.169564 222.412149 327.718539 396.395191 180.401253 180.401253 0.000000 4.887691 4.978647 0 
86 179.096454 -0.061796 180.338771 21.980907 118.369619 12.856712 61.782319 61.782319 -0.000000 6.073578 0.146187 0 
88 201.159573 223.763325 237.470462 343.207048 154.614453 302.843822 92.081751 92.081751 0.000000 5.244368 0.453314 0 
110 75.291023 281.105822 86.840038 254.919230 185.752303 314.771706 115.383247 115.383247 0.000000 3.437425 3.685759 0 
111 393.907803 224.967926 416.974501 217.050538 407.446232 227.462388 13.759039 13.759039 -0.000000 3.323800 5.453504 0 
133 195.708728 384.665059 168.051781 209.594883 159.532751 301.788825 92.589812 92.589812 -0.000000 1.159220 4.804531 0 
162 387.456690 156.143235 418.333247 149.563916 482.900783 541.439676 397.450040 397.450040 0.000000 4.469561 4.549091 0 
176 75.052922 181.607000 40.732644 176.985407 87.934178 -83.363535 264.547802 264.547802 0.000000 1.619372 1.750149 0 
195 203.382171 219.555255 196.239892 386.240262 173.048273 303.158684 87.317023 76.582199 -1.508762 5.060448 1.298583 0 
202 213.953784 190.996704 217.746743 178.871532 238.240456 192.862276 24.850457 24.850457 0.000000 3.218257 3.740603 0 
204 570.755852 331.717928 460.583012 349.735801 505.172903 280.800021 82.085074 82.085074 0.000000 0.660178 2.144941 0 
205 477.995049 263.945573 440.945355 265.903984 447.453995 90.688968 175.442260 175.442260 -0.000000 1.396312 1.607926 0 
224 32.013319 149.979708 19.970884 161.681086 16.013868 143.829202 21.345860 13.044805 0.868505 0.367003 1.352665 0 
235 303.939209 187.854891 341.036704 172.313568 371.848371 297.916861 129.041534 129.041534 0.000000 4.159557 4.471830 0 
268 591.268033 297.408182 489.964625 364.655970 504.958350 277.896089 87.861772 87.861772 0.000000 0.222333 1.741925 0 
304 101.962200 33.773542 81.000000 34.000000 89.417830 9.582667 26.537737 26.537737 0.000000 1.092413 1.902785 0 
324 573.118793 98.813143 539.853711 90.893741 556.885234 96.541678 17.066426 11.118298 0.041791 0.139021 3.461797 0 
337 137.865308 388.375307 107.828444 373.223065 152.716292 320.125042 69.519809 69.519809 -0.000000 1.785052 2.272600 0 
355 170.815304 314.814849 180.305370 325.249443 175.712246 320.065717 7.189587 3.675724 0.557165 3.961854 0.845733 0 
387 440.593424 218.673208 594.306434 269.958795 508.070268 273.868386 86.268874 86.268874 -0.000000 3.827205 6.237880 0 
398 478.464877 176.992495 467.971777 164.008165 484.226807 162.901038 15.929730 15.929730 0.000000 1.958947 3.073588 0 
404 537.999197 196.001615 590.791998 260.763518 512.530963 270.280482 77.977364 77.977364 -0.000000 5.042701 6.162174 0 
420 383.885519 71.929205 443.995101 70.926657 415.089406 232.609313 162.846346 162.846346 -0.000000 4.520578 4.889300 0 
424 489.932908 364.234705 445.743579 340.271188 504.817676 283.719114 81.905681 81.905681 -0.000000 1.753601 2.378003 0 
450 553.465099 354.787312 484.972145 368.028708 503.631114 271.130057 97.820636 97.820636 0.000000 1.033550 1.761030 0 
518 98.124452 255.578055 109.048683 253.226124 135.805468 381.532781 131.260617 131.260617 -0.000000 4.421700 4.506798 0 
536 596.341371 187.346375 609.871120 173.866909 751.733142 330.018135 211.088106 211.088106 0.000000 3.884341 3.974902 0 
556 572.182486 91.844034 543.345789 90.855364 555.616018 81.261032 18.716676 18.716676 0.000000 0.568476 2.477974 0 
560 334.596733 241.501698 354.621003 265.481432 269.653184 316.488237 99.092540 99.092540 0.000000 5.426139 5.742540 0 
561 556.841872 265.465463 569.715056 269.838759 552.870755 297.851879 32.469535 32.469535 -0.000000 4.834397 5.253764 0 
563 229.878132 156.196004 268.320371 182.654711 135.434224 342.026204 207.997640 207.997640 -0.000000 5.182596 5.407411 0 
564 184.961827 58.953211 194.680228 59.176913 190.156532 59.463545 4.243181 4.243181 -0.000000 3.239520 6.219908 0 
572 418.527904 271.139236 427.004380 239.001155 510.540412 276.727273 90.974716 90.974716 0.000000 3.202249 3.565789 0 
586 600.094388 84.093863 611.182409 85.248850 601.534274 111.000395 27.032454 27.032454 -0.000000 4.658926 5.070864 0 
600 445.969832 355.339745 462.661745 362.487005 443.739338 384.312760 29.381228 29.381228 -0.000000 4.789223 5.426656 0 
614 411.010681 76.129622 382.042568 78.516601 388.251119 -21.237637 99.299054 99.299054 0.000000 1.341170 1.632955 0 
649 158.931268 401.839527 169.068936 401.761087 170.410280 485.902138 84.730294 84.730294 0.000000 4.576675 4.696449 0 
699 480.130821 368.649525 467.121800 364.576983 478.949233 350.160217 18.192673 18.192673 -0.000000 1.506977 2.257850 0 
