6 461.600042 256.480523 496.942462 233.892754 517.849216 304.186314 72.237993 72.237993 -0.000000 3.844992 4.423300 0 
11 315.885786 321.823010 328.917951 316.637638 328.079643 333.184736 16.201013 16.201013 0.000000 3.891679 4.763008 0 
18 512.221190 209.250297 497.844244 221.955341 480.858631 188.963579 36.431906 36.431906 0.000000 0.574154 1.095344 0 
47 240.056152 67.627490 268.023626 71.843268 244.825209 136.386736 67.709110 67.709110 -0.000000 4.643141 5.057434 0 
52 340.864223 327.424578 363.786616 327.178067 351.469618 381.109565 55.472014 55.472014 -0.000000 4.517352 4.936920 0 
63 439.714187 232.423130 419.726012 242.454036 380.745170 144.892340 104.768390 104.768390 0.000000 0.977944 1.190677 0 
75 221.826651 103.360812 208.970978 116.942141 203.493461 100.022657 17.975581 17.975581 -0.000000 0.180109 1.257704 0 
80 488.764385 206.508797 501.056092 202.158488 520.561196 279.053736 79.680983 79.680983 -0.000000 4.299303 4.463970 0 
88 97.762802 378.219234 105.094812 334.304873 110.862926 358.473690 25.483628 23.171637 1.061915 2.156567 4.478112 0 
98 183.018562 255.712903 202.687429 269.211263 168.497457 294.153875 41.596783 41.596783 0.000000 5.073569 5.652914 0 
106 462.933740 259.919836 529.106649 229.386689 553.704184 382.252880 153.793075 153.793075 -0.000000 4.074031 4.552848 0 
109 126.749880 325.936634 136.221647 288.549467 294.978208 353.765337 170.526229 170.526229 0.000000 3.305530 3.531367 0 
124 123.755616 347.564902 121.999639 356.083791 123.901218 352.254728 4.465074 4.465074 -0.000000 4.681353 2.031734 0 
125 339.135976 383.761382 321.014342 368.988143 347.472293 354.408399 29.974705 29.974705 -0.000000 1.847513 2.637941 0 
129 540.602191 328.606259 557.514363 311.519330 677.980426 441.499995 177.302701 177.302701 0.000000 3.829470 3.964963 0 
133 144.487055 40.254864 145.885108 20.912871 159.457576 30.963517 17.431719 17.431719 -0.000000 2.586133 3.778997 0 
137 385.806212 322.908507 363.071406 348.646942 335.091276 298.959191 56.362429 56.362429 -0.000000 0.441189 1.057937 0 
140 136.429443 354.017586 98.493837 377.648986 111.960571 358.654052 26.485836 24.067852 0.801777 6.095921 2.187513 0 
144 502.951847 201.268913 511.667544 208.100080 464.741423 250.482150 65.702598 17.822566 -0.821267 5.372589 5.548624 0 
155 525.791992 309.253294 511.985928 317.977731 496.155192 277.676181 42.824247 42.824247 0.000000 0.817085 1.196506 0 
157 154.625784 268.195554 180.016543 285.969983 112.809900 351.349632 93.002874 93.002874 0.000000 5.178332 5.511566 0 
160 188.806801 329.749022 103.414615 435.497789 108.821395 350.459688 93.482967 79.558551 0.783660 6.029819 1.634292 0 
166 119.802144 246.236956 132.060798 234.910110 124.840076 239.464633 8.558223 6.577075 -0.456680 2.210382 5.720457 0 
189 137.327280 217.681086 115.058125 186.550375 181.072417 164.377512 68.701087 68.701087 -0.000000 2.258020 2.817552 0 
193 290.969962 50.985659 275.144821 54.785724 280.408218 46.188584 12.558568 9.634192 0.982278 0.426336 2.120157 0 
194 583.968706 360.519593 548.038813 358.355581 592.067920 -89.535272 449.992931 449.992931 -0.000000 1.588790 1.668785 0 
198 445.854761 256.929233 473.983199 235.972465 522.347078 334.149998 109.179058 109.179058 0.000000 3.931730 4.254666 0 
206 493.934204 229.159284 509.087232 220.268387 524.919253 283.849625 65.534682 65.534682 0.000000 4.196925 4.468347 0 
212 120.778322 203.542236 125.758417 108.847088 193.222904 159.282800 84.700780 84.700780 0.000000 2.593166 3.783549 0 
225 111.354207 172.014107 114.561545 130.925727 234.782026 163.774818 124.071254 124.071254 0.000000 3.074938 3.408322 0 
235 124.012854 118.011087 136.056348 104.048603 180.017294 153.792012 66.080410 66.080410 -0.000000 3.710121 3.988622 0 
239 421.615770 415.588797 408.091561 391.437616 534.517390 333.715692 139.210390 139.210390 0.000000 2.514172 2.713291 0 
240 310.020839 318.052649 331.052047 313.233776 325.341420 338.088591 25.233393 25.233393 0.000000 4.059575 4.938229 0 
245 151.680593 65.747424 147.202642 64.809670 149.738431 70.184367 4.542703 4.542703 -0.000000 5.124988 4.271554 0 
257 115.316677 186.088925 112.457870 171.242336 178.054561 162.662995 66.720572 66.720572 -0.000000 2.784231 3.011542 0 
260 91.031350 430.934516 44.656691 389.156270 126.487642 345.278689 92.964536 92.964536 -0.000000 1.963261 2.649408 0 
282 101.809007 295.112714 95.483220 288.894073 98.861788 291.326617 4.405539 3.496584 1.010686 0.909346 3.765611 0 
283 581.702214 333.875653 488.922500 430.709635 506.165809 355.719320 79.141844 76.718758 0.225379 6.001684 1.796808 0 
286 276.912923 41.900679 291.814587 45.185296 282.318391 49.579370 10.171875 10.171875 0.000000 4.099012 5.849804 0 
291 558.228628 318.921525 558.404563 337.280114 542.341179 329.554576 18.382525 18.382525 0.000000 5.693380 0.448284 0 
296 19.973871 334.992922 59.949634 269.948278 115.120050 349.837482 96.105880 96.105880 -0.000000 3.296363 4.108009 0 
298 321.926722 439.065608 314.475328 416.936527 336.515137 420.563440 22.841907 22.841907 -0.000000 2.238467 3.304693 0 
299 142.152639 258.671952 172.272840 275.755847 92.549091 378.508793 129.894241 129.894241 -0.000000 5.104842 5.372247 0 
304 188.467399 379.179714 64.075283 404.795880 115.926390 366.762090 72.293920 62.096857 0.385382 0.169538 2.508723 0 
308 171.331610 309.605900 187.454459 389.081664 96.684514 364.875962 93.858214 93.858214 -0.000000 5.645845 0.260606 0 
324 408.689283 294.635802 418.175528 283.145469 694.350633 517.887286 362.581745 362.581745 0.000000 3.804966 3.846072 0 
327 140.800627 94.066915 142.485074 70.025619 586.061544 119.253924 445.655705 445.655705 -0.000000 3.198099 3.252121 0 
337 327.008756 386.987483 303.985718 349.815871 344.232311 352.166383 39.051997 39.051997 0.000000 2.030139 3.199929 0 
339 449.405816 310.424102 487.755992 288.232429 514.158101 375.883443 92.178003 92.178003 0.000000 3.932421 4.419815 0 
346 88.879899 255.613941 117.873732 246.594118 148.989493 389.684092 146.249410 146.249410 0.000000 4.290913 4.498267 0 
354 581.969505 361.993697 577.164654 385.240718 506.809091 357.672601 74.832007 74.832007 -0.000000 0.057428 0.373452 0 
369 185.933016 329.023521 192.004092 380.000246 86.477048 366.597801 106.446828 106.446828 0.000000 5.921964 0.126328 0 
370 248.957569 34.026287 247.506893 56.533564 233.266988 44.291321 18.566200 18.566200 -0.000000 5.703852 0.710107 0 
403 528.885512 310.937204 509.071131 321.179000 506.608801 284.137214 36.503849 36.503849 0.000000 0.877306 1.504420 0 
408 473.337245 167.565149 437.081319 164.795054 460.126999 133.213826 38.311155 38.311155 0.000000 1.203668 2.201196 0 
412 566.188194 315.952670 544.000000 350.000000 547.691405 328.695317 22.228942 19.489426 -0.812900 5.679940 1.742360 0 
416 80.578374 413.403513 62.774845 301.839860 100.275682 354.075204 66.913644 52.803416 1.306308 1.891351 4.089737 0 
422 138.962801 279.064294 178.943467 310.054176 108.066288 361.149965 86.898541 86.898541 -0.000000 5.072381 5.658566 0 
423 556.893058 308.072411 563.566071 336.050852 536.025151 328.881628 29.002594 29.002594 0.000000 5.499195 0.254660 0 
428 431.883636 321.703523 446.862167 302.890262 515.622811 371.590967 97.036411 97.036411 -0.000000 3.678880 3.926555 0 
433 488.836924 430.520551 432.496012 373.901650 500.279246 361.851986 69.178281 69.178281 0.000000 1.735910 2.965663 0 
435 518.879552 282.562482 533.303724 433.671467 517.275088 359.291884 75.300958 72.590150 -1.397723 4.733297 1.358544 0 
441 400.308830 150.348190 369.167589 136.616372 589.626938 -324.887972 511.262997 511.262997 0.000000 1.949894 2.016443 0 
459 118.805687 179.052316 116.184371 136.892209 219.780921 151.155977 105.006776 105.006776 -0.000000 2.872047 3.278418 0 
463 588.000000 349.000000 575.833395 399.911071 508.987990 357.278923 79.275345 79.275345 -0.000000 6.178786 0.567731 0 
468 332.338499 433.603120 329.301992 444.858571 329.261045 438.629486 6.343651 5.838508 1.505929 5.261776 1.564223 0 
470 81.801385 424.282008 46.483048 387.707291 131.574683 341.224568 96.281035 96.281035 0.000000 2.110674 2.641620 0 
483 362.925257 328.943146 329.890045 334.146130 341.668750 303.395383 33.738925 33.738925 -0.000000 0.876828 1.936595 0 
490 136.221142 282.501962 171.871915 309.169648 110.552075 350.911270 73.251746 73.251746 -0.000000 5.071359 5.685517 0 
496 564.472434 302.641337 583.109358 330.945316 526.296894 351.115004 60.123033 60.123033 0.000000 5.379494 5.942043 0 
497 340.839056 378.219275 323.741068 358.113548 348.454767 353.969942 24.723945 24.723945 0.000000 1.875100 2.975473 0 
501 457.928199 419.081101 430.892224 380.047046 489.991068 367.757513 59.657937 59.657937 -0.000000 2.129194 2.936566 0 
508 113.957128 434.268914 81.791192 424.512224 118.325921 367.727729 66.636235 66.636235 -0.000000 1.636358 2.142513 0 
515 563.042973 293.956420 593.378777 337.850098 522.230109 355.232956 72.680082 72.680082 -0.000000 5.299960 6.043562 0 
541 573.449809 403.439235 539.329566 429.576263 515.497430 362.757859 70.204243 70.204243 0.000000 0.612053 1.228192 0 
544 124.911006 343.066896 132.122679 368.020918 108.791765 361.355107 24.180101 24.180101 0.000000 5.434833 0.278293 0 
555 138.038605 433.776465 115.993662 434.872517 121.751136 358.359007 76.477808 76.477808 0.000000 1.358099 1.645903 0 
560 474.060471 166.090528 498.737292 149.606717 526.847746 215.077639 70.654919 70.654919 0.000000 3.889669 4.306833 0 
576 66.077154 294.532519 79.448833 286.123551 110.914532 348.236730 69.867329 69.867329 0.000000 4.016730 4.243486 0 
600 398.109211 320.059041 404.938628 307.426213 445.233945 336.855940 50.045508 50.045508 -0.000000 3.483989 3.772399 0 
601 368.112227 336.106843 304.991533 328.010707 342.123929 301.980641 43.969340 43.969340 0.000000 0.919954 2.530191 0 
636 424.035377 321.024401 441.048519 299.043550 504.337918 365.716602 91.650047 91.650047 -0.000000 3.649449 3.953021 0 
