6 456.916984 79.063652 475.004345 129.883482 410.316894 122.552303 63.823961 63.823961 0.000000 5.532311 0.112851 0 
13 487.078084 238.452116 504.088811 235.514229 528.655874 407.188079 173.737291 173.737291 0.000000 4.470794 4.570251 0 
20 429.970489 137.778972 430.887750 116.901200 431.391447 126.933394 12.700302 7.267300 -0.942165 1.701072 4.662223 0 
30 323.391338 318.697009 331.990079 361.095090 285.127871 346.739475 48.362774 48.362774 -0.000000 5.650732 0.297260 0 
39 409.970740 338.999575 445.278614 260.259601 508.758438 336.682378 98.688883 98.688883 0.000000 3.118141 4.019242 0 
52 375.346056 57.708259 390.878232 54.179664 384.654645 61.869440 10.190310 10.190310 0.000000 3.561971 5.392795 0 
53 391.815546 242.985843 405.342192 228.315516 615.867344 439.290759 298.327545 298.327545 0.000000 3.861078 3.928059 0 
63 412.335579 270.272918 422.190704 258.155095 480.510087 315.662763 81.678727 81.678727 0.000000 3.728987 3.919983 0 
73 474.226010 130.028258 446.912437 186.934633 370.295476 111.208545 106.269567 106.269567 -0.000000 0.179139 0.779550 0 
79 393.380716 333.065084 449.286262 238.141128 508.938230 338.063007 115.170314 115.170314 0.000000 3.184816 4.174189 0 
93 351.010109 93.016884 371.590326 84.091639 379.710201 128.464927 45.595855 45.595855 -0.000000 4.031799 4.531401 0 
103 441.998925 71.015166 454.085388 77.694311 444.245831 81.034022 10.061911 10.061911 0.000000 4.491772 5.955970 0 
106 429.982730 250.984984 447.024611 238.034742 492.569198 315.121371 89.410785 89.410785 -0.000000 3.939221 4.178744 0 
112 512.009055 218.907184 558.242071 227.224644 510.284637 362.808238 143.735774 143.735774 -0.000000 4.724372 5.052366 0 
114 456.650321 82.565684 472.855340 117.777071 418.346423 122.779865 54.396793 54.396793 -0.000000 5.473463 6.191662 0 
135 429.706923 250.702369 406.061703 274.044677 -8.269392 -201.452390 629.712093 629.712093 0.000000 0.801325 0.854029 0 
136 466.106456 187.538553 473.147872 173.071975 494.942370 191.287200 28.513648 28.513648 -0.000000 3.270867 3.837768 0 
137 464.828933 218.078185 509.945376 209.705654 522.163350 393.719318 183.854320 183.854320 0.000000 4.396865 4.646089 0 
138 40.493010 255.548452 68.960358 229.894923 118.501894 307.597790 93.059598 93.059598 -0.000000 3.729980 4.144797 0 
139 136.086007 210.371366 188.885849 225.251588 131.067082 326.787912 116.673852 116.673852 0.000000 4.755474 5.230034 0 
141 238.998743 152.997891 256.679296 142.461827 274.443351 192.432487 52.323108 52.323108 -0.000000 3.980226 4.370832 0 
147 617.016848 276.922247 626.168167 294.368864 533.866596 330.990810 99.534281 99.534281 0.000000 5.706633 5.905472 0 
153 340.616605 273.091376 300.958103 285.758992 300.390846 209.989252 75.452269 75.452269 -0.000000 1.003279 1.563310 0 
156 73.322619 225.539382 120.545409 210.047299 133.307828 329.318554 119.519487 119.519487 0.000000 4.188297 4.605791 0 
162 201.287365 233.918011 249.862174 304.059592 138.499806 328.866017 113.059430 113.059430 0.000000 5.296656 6.064010 0 
166 538.030611 430.401746 506.982285 432.767510 499.895247 173.832313 258.873546 258.873546 -0.000000 1.423241 1.543433 0 
172 456.769210 85.539385 472.195299 127.969425 408.155829 127.445474 63.615926 63.615926 0.000000 5.571750 0.008182 0 
175 146.701737 248.783680 140.587337 265.659349 138.294368 253.177750 14.442717 9.433217 1.056375 5.801586 1.389114 0 
180 136.050558 195.593198 162.844719 190.305047 155.437309 204.512845 21.938035 15.853503 0.711487 3.572806 5.192980 0 
187 626.694718 294.797566 632.345665 314.190666 480.666181 351.137977 156.111944 156.111944 -0.000000 5.914964 6.044250 0 
188 411.324146 331.887273 415.164797 308.860695 578.688042 352.349873 168.668021 168.668021 -0.000000 3.263253 3.401527 0 
192 383.424994 336.026929 446.450663 229.110575 502.079906 334.581482 118.155913 118.155913 -0.000000 3.129411 4.227034 0 
193 430.854621 188.665085 425.411923 174.350135 482.666878 160.019894 59.777043 59.777043 -0.000000 2.636552 2.896343 0 
212 348.798961 101.544511 369.330269 92.482608 383.911690 150.672779 59.520133 59.520133 0.000000 4.091855 4.466862 0 
225 461.776073 273.196078 455.679954 260.072514 477.728232 259.312244 21.500889 21.500889 -0.000000 2.425407 3.107124 0 
268 83.702038 244.416415 149.965349 234.241747 131.281779 333.665227 101.431718 101.431718 0.000000 4.222603 4.898142 0 
303 220.560947 375.908796 114.914964 425.740746 151.947728 373.321708 72.569145 52.268650 -0.338495 0.037688 2.185855 0 
318 495.891046 431.345990 469.944772 423.175379 508.512636 351.899512 79.941468 79.941468 0.000000 1.728349 2.066786 0 
327 208.884360 385.130452 185.020819 363.976514 506.720447 33.640879 460.625833 460.625833 0.000000 2.273752 2.342951 0 
330 551.966628 442.929708 495.879172 447.541002 512.424315 302.894111 145.741961 145.741961 -0.000000 1.295588 1.684684 0 
344 503.955088 335.760228 476.423446 296.392235 681.418007 180.930145 234.934347 234.934347 -0.000000 2.424201 2.628638 0 
346 41.243034 300.099469 77.332143 248.259526 125.187146 319.751233 85.384847 85.384847 0.000000 3.371557 4.122511 0 
369 49.947481 304.164738 87.296009 316.071492 -4.163236 525.209692 227.393644 227.393644 -0.000000 4.952463 5.124644 0 
373 433.303102 419.749117 398.868686 372.058236 505.114843 331.302437 113.795460 113.795460 -0.000000 2.252764 2.775306 0 
380 113.000053 236.993220 147.013709 237.261423 128.709666 329.002161 92.562657 92.562657 -0.000000 4.543280 4.909322 0 
391 238.112177 375.627494 203.549167 421.550720 147.870513 342.648844 95.384118 95.384118 0.000000 0.350370 0.956275 0 
424 184.983562 206.023564 202.049816 217.928587 162.614110 250.140943 49.235717 49.235717 -0.000000 5.181656 5.598265 0 
427 611.370410 332.022035 605.592952 366.159837 502.304749 328.654879 109.446523 109.446523 -0.000000 0.030863 0.348306 0 
455 604.645480 409.739880 593.930192 419.867237 569.205691 384.247997 43.577664 43.577664 0.000000 0.623563 0.964019 0 
458 467.098487 421.852418 448.180627 409.227824 491.589431 363.251713 62.678172 62.678172 -0.000000 1.966663 2.327480 0 
469 619.120791 348.033710 579.728770 414.723050 523.373942 336.122403 95.941733 95.941733 0.000000 0.123768 0.948767 0 
470 211.952521 383.963807 184.866455 410.713362 147.651654 344.863567 75.218904 75.218904 -0.000000 0.546341 1.056399 0 
476 346.543501 263.333098 294.069456 280.593613 302.492119 210.365440 69.127181 69.127181 -0.000000 0.877043 1.690159 0 
494 334.374242 268.828391 317.254215 276.562708 312.804455 242.853590 33.201309 33.201309 0.000000 0.877785 1.439550 0 
554 118.030107 438.700671 85.874871 428.297999 189.243932 205.770462 245.058312 245.058312 0.000000 1.867502 2.005661 0 
575 515.896028 239.234529 540.050722 242.734899 505.239125 356.068091 117.726848 117.726848 -0.000000 4.803352 5.010403 0 
581 98.028643 200.698282 134.980420 204.206248 60.623135 716.007245 516.706688 516.706688 0.000000 4.784850 4.856665 0 
617 146.001715 189.934085 163.822719 198.197715 149.104765 208.531359 18.650754 18.650754 -0.000000 4.547057 5.671044 0 
650 192.051702 144.393117 197.968962 150.989289 194.346641 148.923429 4.934080 4.934080 -0.000000 4.243496 0.518305 0 
740 290.369700 324.063922 286.895902 344.154905 222.343742 323.186352 67.443659 67.443659 0.000000 0.012900 0.314079 0 
747 418.637101 139.086733 424.699225 112.787616 437.516986 129.862897 20.581494 20.581494 0.000000 2.687144 4.068464 0 
