35 250.998472 106.191257 276.033317 107.736146 251.220843 320.803702 214.893364 214.893364 -0.000000 4.711353 4.828320 0 
123 216.816797 372.754783 198.691509 389.697596 105.042035 281.737094 143.721328 143.721328 0.000000 0.683397 0.856263 0 
125 210.539603 373.419220 189.674097 391.584389 143.373405 314.175518 89.955601 89.955601 0.000000 0.722807 1.031752 0 
136 102.621876 276.546488 125.645136 254.229774 195.742376 343.814890 114.014601 114.014601 -0.000000 3.767181 4.048432 0 
143 505.680866 210.242265 401.686485 308.089388 467.600677 284.968121 82.486092 61.472801 -1.124247 5.183686 2.804225 0 
177 188.063514 407.100163 155.140784 420.520412 136.249450 330.315442 92.247419 92.247419 0.000000 0.977186 1.364353 0 
211 186.654269 185.698484 188.071518 174.306417 187.778014 180.058739 5.917074 5.917074 -0.000000 1.767475 4.763368 0 
269 84.253154 379.161760 80.934192 327.994664 201.213182 347.381022 121.574394 121.574394 0.000000 2.876276 3.301397 0 
290 431.149996 350.817344 405.014001 307.996577 458.540855 305.166711 53.107365 53.107365 0.000000 2.111224 3.088774 0 
296 223.931102 246.059262 243.402564 323.708432 161.677790 300.897068 84.243560 84.243560 -0.000000 5.561034 0.272196 0 
306 110.195061 405.740612 82.579954 356.964475 145.155110 354.735863 62.219043 62.219043 -0.000000 2.171675 3.105993 0 
307 522.035292 306.018687 453.017745 360.141656 449.664817 287.214667 72.863661 72.863661 0.000000 0.254209 1.524852 0 
308 481.026820 202.861916 498.157482 206.189195 479.483544 252.950760 49.756611 49.756611 -0.000000 4.743190 5.092329 0 
321 448.988403 211.976531 475.991711 202.963053 484.711306 276.259518 73.589365 73.589365 -0.000000 4.205170 4.593982 0 
351 189.260948 401.426541 112.498816 411.431328 138.796226 328.843194 88.357350 88.357350 -0.000000 0.963255 1.879062 0 
354 438.751180 358.492781 416.934470 344.071229 451.198815 314.767324 44.935627 44.935627 0.000000 1.848137 2.434070 0 
