27 558.033504 252.982930 414.168607 362.779783 478.317894 297.919285 90.711085 90.711085 -0.000000 5.769878 2.350682 0 
47 126.331354 283.164591 123.517294 246.980650 210.996050 259.891194 88.108514 88.108514 -0.000000 2.873330 3.288120 0 
52 27.987468 26.998579 50.050600 48.053587 42.651756 31.867750 17.530890 15.637573 1.541808 3.462181 1.142039 0 
71 35.591184 333.044868 32.518992 305.052792 139.057800 306.985211 105.850237 105.850237 0.000000 2.894859 3.159729 0 
77 308.674725 149.076217 331.997840 145.959158 325.267598 202.288086 56.158086 56.158086 0.000000 4.410118 4.831306 0 
104 58.939228 391.044545 26.729465 310.018936 136.234098 312.282496 109.179600 109.179600 -0.000000 2.346793 3.162261 0 
115 562.596690 256.141322 512.409342 384.746288 480.234653 299.122965 91.228590 91.228590 0.000000 5.802201 1.211351 0 
121 234.542873 341.543015 210.539744 365.539884 173.918005 303.562618 70.571714 70.571714 -0.000000 0.559664 1.037102 0 
125 235.886840 383.907231 169.174303 434.365992 136.688890 320.779261 116.962552 116.962552 0.000000 0.566744 1.292236 0 
128 95.828287 334.054188 88.593512 311.128276 175.802806 293.497022 88.793639 88.793639 0.000000 2.672260 2.942110 0 
136 382.143384 298.014828 390.259097 255.080941 468.559311 288.045248 85.254446 85.254446 -0.000000 3.026733 3.540069 0 
139 64.487386 320.083567 60.229103 293.962651 192.447900 285.138247 132.090197 132.090197 -0.000000 2.874999 3.074951 0 
142 369.809314 175.186991 373.205329 159.048724 761.119841 258.202198 399.989402 399.989402 0.000000 3.350640 3.391841 0 
149 223.172126 397.200370 81.525703 418.697504 137.862987 304.985417 127.047379 127.047379 0.000000 0.824279 2.030788 0 
150 19.079045 314.006482 22.162306 287.978461 120.396399 312.373049 101.471398 101.471398 -0.000000 3.125472 3.385000 0 
167 228.442799 362.513052 211.853746 376.830542 146.167860 287.716144 110.566024 110.566024 -0.000000 0.737825 0.935605 0 
188 72.736906 332.418553 62.237318 296.965606 161.008121 288.975947 99.230438 99.230438 -0.000000 2.684245 3.060878 0 
198 33.679221 278.905680 45.557131 251.773946 196.043931 342.799340 175.771002 175.771002 0.000000 3.516500 3.685587 0 
201 235.355324 342.290151 208.446646 368.550196 169.226724 300.219663 78.172074 78.172074 0.000000 0.566607 1.049734 0 
203 562.558075 223.306331 572.752555 240.134557 530.132736 251.778842 43.013607 43.013607 -0.000000 5.562605 6.016481 0 
228 114.940023 355.154319 97.346377 330.834671 146.053852 314.106923 51.317825 51.317825 -0.000000 2.219396 2.810780 0 
234 261.985241 130.996190 257.960824 126.908506 256.762628 131.700070 5.005766 4.759136 -0.236730 6.149217 4.957427 0 
243 98.444042 350.457347 78.786181 318.496989 159.232143 287.322460 87.108920 87.108920 0.000000 2.337259 2.771890 0 
275 54.158785 329.964825 58.841479 291.956870 276.154859 341.521062 223.214684 223.214684 -0.000000 3.193602 3.365834 0 
281 406.673556 208.479154 434.158445 191.252802 488.805757 313.490513 132.840164 132.840164 -0.000000 4.048642 4.291985 0 
288 97.432744 262.591667 110.404493 244.571331 147.032427 285.791075 54.239678 54.239678 0.000000 3.579095 3.985907 0 
297 80.055340 302.793018 86.451035 325.838642 -18.873501 350.795182 107.802768 107.802768 -0.000000 5.831432 6.050527 0 
301 30.854239 262.918012 71.610549 217.495438 121.484009 302.026780 98.160868 98.160868 -0.000000 3.548975 4.179355 0 
302 45.657450 251.732059 54.970575 239.979176 112.156216 295.528803 79.804130 79.804130 -0.000000 3.723997 3.912480 0 
307 368.741559 304.076820 368.000000 287.000000 412.751591 292.586952 44.888233 44.888233 0.000000 2.886219 3.265794 0 
331 192.067619 378.318648 167.129583 383.610647 159.795274 290.443199 92.952438 92.952438 0.000000 1.218837 1.492237 0 
340 187.057638 371.396793 169.982158 373.877175 163.808293 284.280653 89.717216 89.717216 0.000000 1.309997 1.501998 0 
364 65.938070 219.956771 82.956733 208.904190 123.785765 294.704101 94.839145 94.839145 -0.000000 4.053760 4.268236 0 
366 201.107803 407.212847 46.119172 362.329742 144.008342 313.280732 109.391954 109.391954 -0.000000 1.024603 2.677092 0 
371 210.306157 362.510821 164.998125 375.943966 166.298458 299.532298 76.702973 76.702973 0.000000 0.960894 1.587812 0 
372 22.697553 287.917686 30.901653 262.957301 147.250012 321.328036 130.104835 130.104835 -0.000000 3.403666 3.606591 0 
401 33.559002 300.904686 39.608417 272.915366 157.483946 316.624138 124.669196 124.669196 0.000000 3.267765 3.496680 0 
436 382.625011 61.962403 384.130658 86.992140 -26.110608 106.023740 410.779834 410.779834 -0.000000 6.175801 6.236827 0 
494 498.638047 216.267903 515.237523 241.876605 423.417489 289.726685 104.211927 104.211927 -0.000000 5.509636 5.802778 0 
495 320.061807 296.941980 302.148939 277.860185 510.685397 96.115102 276.562533 276.562533 -0.000000 2.330135 2.424733 0 
496 335.983713 281.991681 321.036476 291.425631 316.511285 273.293899 21.698985 14.979356 0.694382 0.420083 1.326220 0 
501 48.890897 233.897093 62.929509 221.839095 158.530272 340.277503 152.720679 152.720679 0.000000 3.911906 4.033287 0 
514 344.250210 318.762688 334.414136 323.760649 337.283329 317.547389 9.073219 5.845958 1.228182 0.172702 2.003408 0 
527 169.171368 426.063721 34.676856 361.624054 120.412552 361.069273 89.478573 64.503335 0.386167 0.927167 3.135122 0 
534 83.606587 287.961462 86.219924 266.046304 209.061690 285.827740 125.099488 125.099488 0.000000 3.124586 3.301254 0 
559 100.874598 297.993090 111.124933 253.069757 203.300114 300.903389 104.239870 104.239870 -0.000000 3.169999 3.620279 0 
560 88.330516 276.768783 104.118586 246.429181 154.355240 293.332810 67.980428 67.980428 -0.000000 3.387396 3.892693 0 
577 424.506241 379.685857 396.089620 352.920705 466.181860 308.421007 82.313174 82.313174 -0.000000 2.099964 2.575925 0 
601 165.896370 296.920532 154.579861 311.677820 50.700664 214.937149 141.399985 141.399985 0.000000 0.618527 0.749831 0 
606 260.144759 276.998875 259.973675 254.992430 521.647248 270.250553 262.023731 262.023731 -0.000000 3.115792 3.199836 0 
628 511.908934 213.180090 551.093015 246.932333 478.844289 293.782028 86.426325 86.426325 -0.000000 5.101676 5.707900 0 
640 245.678734 313.356458 202.270596 400.107222 151.533356 320.083746 94.509867 94.509867 -0.000000 6.211850 1.005730 0 
652 86.359406 123.960591 83.817616 98.009059 238.889381 95.404578 155.115572 155.115572 -0.000000 2.956519 3.124799 0 
656 251.403990 322.051127 240.811878 364.337696 158.529548 321.617136 92.529557 92.529557 0.000000 0.004673 0.478885 0 
658 407.046502 98.996108 409.138060 123.988446 126.423899 136.759723 282.892155 282.892155 0.000000 6.149418 6.238042 0 
671 34.855156 371.087218 23.456397 345.206198 144.087592 307.193350 126.589149 126.589149 -0.000000 2.612324 2.836326 0 
675 495.277577 218.805925 512.819729 245.103122 446.699913 272.856707 71.591661 71.591661 0.000000 5.444508 5.885773 0 
677 565.295973 310.057882 549.898528 349.552492 483.049892 300.245821 82.756037 82.756037 0.000000 0.118740 0.635509 0 
686 566.040378 338.021833 545.112026 368.092084 499.701162 311.278754 71.444876 71.444876 0.000000 0.383199 0.896483 0 
702 116.858939 230.505694 158.983872 225.277690 154.035315 355.749920 130.774135 130.774135 0.000000 4.423842 4.750299 0 
727 403.003962 61.874901 389.953711 61.461595 397.132604 38.805609 23.340224 23.340224 0.000000 1.321578 1.877653 0 
760 418.579729 213.177861 444.867077 199.739974 487.195784 311.882069 119.450753 119.450753 -0.000000 4.104913 4.351467 0 
776 177.104307 411.675668 128.925973 413.694325 145.938533 275.891637 139.148680 139.148680 -0.000000 1.345180 1.693631 0 
777 29.594802 25.734188 52.017400 20.980803 42.715975 28.620368 13.402851 11.607617 0.076732 3.358108 5.595571 0 
783 172.039229 196.729891 204.490150 209.105806 146.969220 306.542782 112.841501 112.841501 0.000000 4.936840 5.245675 0 
787 186.994492 405.982230 155.013617 413.125404 101.984748 156.715314 263.119343 263.119343 0.000000 1.242127 1.366859 0 
827 308.830533 150.664524 328.888238 148.119271 326.072836 214.933139 66.082782 66.082782 0.000000 4.450276 4.754502 0 
838 65.622675 413.406134 43.343143 392.707009 125.122263 326.940536 104.232267 104.232267 0.000000 2.173511 2.464298 0 
847 66.674022 372.643196 68.833611 258.906051 157.072766 316.739656 106.506416 106.506416 -0.000000 2.587746 3.721768 0 
861 216.540278 250.548107 244.233832 309.964319 159.131496 314.686395 85.090843 85.090843 -0.000000 5.442478 6.227755 0 
866 523.661016 210.662946 561.347847 247.469310 491.612454 281.323757 77.196483 77.196483 0.000000 5.138195 5.831229 0 
871 75.952961 253.942941 97.395077 236.266220 147.306156 320.109343 96.813009 96.813009 0.000000 3.889292 4.175439 0 
903 501.032619 206.903951 540.292938 228.586623 468.513535 306.654578 105.389141 105.389141 0.000000 5.027529 5.455845 0 
914 439.623887 382.627497 385.305274 317.882580 469.495923 300.578674 85.460878 85.460878 0.000000 1.919956 2.938883 0 
921 457.024450 197.191392 500.037859 197.530771 475.838573 299.154900 103.667705 103.667705 0.000000 4.529923 4.946161 0 
922 225.763763 383.746563 204.381866 402.186350 143.632510 313.761513 107.317290 107.317290 0.000000 0.705719 0.968837 0 
929 315.035728 373.440630 307.431587 368.851628 312.313657 368.803647 4.985762 4.985762 0.000000 1.039964 3.131765 0 
956 154.978126 418.696348 132.000798 417.974585 144.920587 286.718540 131.847895 131.847895 0.000000 1.494737 1.668912 0 
961 504.102473 191.729867 570.446725 242.705383 472.424687 301.652435 114.379704 114.379704 0.000000 4.992969 5.741763 0 
1021 246.986159 354.994598 233.254849 384.145871 112.496435 308.460096 142.404495 142.404495 0.000000 0.333114 0.559859 0 
1035 436.550658 382.938783 408.294625 364.971176 458.056559 323.319700 63.456821 63.456821 -0.000000 1.916991 2.444686 0 
1055 116.290030 385.158284 93.052283 370.914702 155.028832 298.845027 94.157369 94.157369 -0.000000 1.992666 2.281040 0 
1056 113.813267 391.296720 74.795266 361.224847 157.844617 296.990597 103.687650 103.687650 -0.000000 2.007614 2.483254 0 
1080 162.865358 442.534531 184.000286 436.000889 218.197856 586.329461 153.853161 153.853161 0.000000 4.345053 4.488710 0 
1100 314.874308 349.077505 305.165464 325.970711 337.846268 324.661614 32.696379 32.696379 0.000000 2.325733 3.101557 0 
1106 33.256444 250.199124 46.757458 232.811671 132.856941 313.220249 117.469234 117.469234 0.000000 3.705738 3.892826 0 
1109 349.055345 262.916829 301.888883 261.540829 325.155605 142.057772 122.344382 122.344382 -0.000000 1.375566 1.763118 0 
1139 476.991851 393.087371 437.801689 384.718793 507.492472 184.795698 211.328474 211.328474 0.000000 1.716195 1.906213 0 
1146 140.920579 411.507092 94.600942 394.648524 146.932221 326.367606 85.521250 85.521250 0.000000 1.641289 2.224718 0 
1173 46.623747 335.038343 65.963141 254.976852 152.313016 318.696668 107.292214 107.292214 0.000000 2.988187 3.777321 0 
1174 509.948740 380.818772 483.052549 386.411088 477.232156 306.462762 80.437353 80.437353 -0.000000 1.156290 1.498123 0 
1203 113.019358 380.972848 89.734464 364.372460 147.890959 307.293716 80.698342 80.698342 0.000000 2.012849 2.365547 0 
1207 68.505855 258.477385 120.403034 222.984220 151.624374 326.100217 106.893392 106.893392 -0.000000 3.824554 4.418385 0 
1222 573.920964 314.287682 568.069049 333.021569 450.574187 284.362180 126.873877 126.873877 -0.000000 0.238014 0.392637 0 
1264 248.093977 250.950982 258.469990 273.805889 145.981065 311.797446 118.639146 118.639146 -0.000000 5.745805 5.957478 0 
1275 504.421864 205.004315 558.854576 249.104569 473.428357 298.285385 98.211874 98.211874 0.000000 5.033173 5.760817 0 
1320 396.549109 356.669116 378.985497 320.394970 492.389127 286.903402 118.133652 118.133652 0.000000 2.512361 2.854425 0 
1332 24.490965 195.000994 24.463616 181.001048 65.551473 187.138320 41.154729 41.154729 0.000000 2.952393 3.289866 0 
1430 75.232931 118.986002 77.459311 156.032494 -445.778358 170.428166 523.252995 523.252995 0.000000 6.184769 6.255680 0 
1432 579.211861 297.915097 571.320127 334.743276 468.046027 290.406417 111.813782 111.813782 -0.000000 0.067442 0.405518 0 
1444 573.716628 265.093426 579.303272 295.961685 419.294929 307.557065 160.356839 160.356839 0.000000 6.014833 6.210844 0 
