3 353.120913 310.980178 340.848962 347.798703 326.986791 324.833081 28.075738 28.075738 0.000000 5.795772 1.027730 0 
18 83.600020 363.149231 209.177777 223.230673 187.118331 331.612805 116.980248 107.226558 0.870811 2.845879 4.913180 0 
56 409.983667 242.016819 410.331099 263.011070 144.394805 243.096978 265.623088 265.623088 0.000000 6.279118 0.074743 0 
57 51.234373 192.544856 67.362791 198.914935 58.725925 198.912174 9.870674 8.091313 -1.242421 3.846048 0.000320 0 
67 326.381188 241.110846 336.462534 206.696466 362.296576 233.881895 35.464154 35.464154 0.000000 2.942969 3.952474 0 
79 372.033367 259.992854 379.607628 211.364275 407.606022 242.577702 38.260134 38.260134 0.000000 2.686327 3.981235 0 
86 522.171917 291.823793 535.852940 247.094947 577.783432 283.939848 54.474456 54.474456 0.000000 3.000763 3.862522 0 
93 352.827529 262.062473 365.836749 203.774735 386.699944 237.993482 39.572128 39.572128 0.000000 2.523803 4.164867 0 
94 426.337842 318.016374 425.793531 296.005106 598.607467 301.278359 172.691765 172.691765 -0.000000 3.044735 3.172097 0 
96 372.382060 253.986734 381.989194 216.377324 474.116049 247.082784 101.789016 101.789016 0.000000 3.073834 3.463309 0 
98 136.552035 270.075634 126.512560 249.287943 142.875669 253.222741 17.652333 17.652333 0.000000 1.929765 3.377580 0 
107 593.395299 333.796181 591.378603 286.812037 655.994230 308.324098 66.820422 66.820422 -0.000000 2.755144 3.462974 0 
109 380.673520 250.131133 388.213598 223.340973 414.344794 244.796077 33.278993 33.278993 0.000000 2.984454 3.829040 0 
116 335.366565 304.585219 346.008645 313.990217 329.590050 321.576747 16.977564 16.977564 -0.000000 5.040096 5.850340 0 
122 357.992752 253.999969 368.461703 211.331606 391.711422 239.123315 33.933041 33.933041 0.000000 2.726081 4.015743 0 
128 419.623569 257.998658 420.402248 236.008801 456.614782 250.706237 36.770259 36.770259 -0.000000 2.946949 3.527146 0 
129 68.363312 198.535052 53.304003 196.758981 60.083527 196.355657 7.703323 7.703323 0.000000 0.257381 3.082171 0 
135 620.225668 327.322987 638.282477 279.470988 683.682641 320.488421 62.118900 62.118900 0.000000 3.034302 3.876319 0 
137 359.149130 323.862062 337.957176 354.880864 324.956861 325.213161 33.706454 33.706454 0.000000 6.243691 1.157801 0 
169 606.332180 334.963894 629.463118 266.072999 664.774691 314.940421 60.468634 60.468634 -0.000000 2.811509 4.086656 0 
178 573.484621 309.149907 585.130779 267.054189 615.917668 300.412025 42.052941 42.052941 0.000000 2.938510 3.967050 0 
204 44.048821 311.318732 16.587882 306.539956 43.320664 236.853787 74.451780 74.451780 -0.000000 1.561018 1.937100 0 
216 249.235155 254.123547 270.435453 290.672087 191.155227 315.421172 82.990294 82.990294 -0.000000 5.470840 5.980599 0 
226 259.017374 374.721450 195.199899 417.901077 183.399760 330.988919 87.050960 87.050960 0.000000 0.524339 1.435851 0 
260 106.198129 117.699964 72.933342 115.103776 90.240824 93.076096 28.407268 28.407268 0.000000 0.995799 2.236766 0 
270 59.958792 311.663468 -0.680546 299.289805 43.340038 239.282027 74.242184 74.242184 -0.000000 1.345108 2.203706 0 
281 432.626714 273.817189 463.239163 230.528401 534.576845 308.570500 107.059286 107.059286 0.000000 3.470125 3.971842 0 
315 265.068340 258.941490 275.082506 278.634214 182.936059 312.843904 97.662475 97.662475 -0.000000 5.702403 5.927703 0 
343 10.772011 185.140537 36.111110 178.418859 42.073251 251.045050 72.141129 72.141129 0.000000 4.268983 4.630479 0 
362 440.917413 382.070504 412.177345 332.760698 529.171375 295.732889 123.445413 123.445413 -0.000000 2.367170 2.835074 0 
363 58.008815 230.005965 71.375043 210.253790 266.803326 360.823313 246.467156 246.467156 -0.000000 3.701296 3.798060 0 
373 60.094487 315.536748 -0.401404 304.637014 41.664651 241.388010 76.365055 76.365055 -0.000000 1.327181 2.157704 0 
407 512.979067 215.324702 574.210447 243.760386 515.239782 290.103904 74.338735 74.338735 -0.000000 4.682166 5.617117 0 
408 474.354790 140.192570 457.128610 161.187923 442.900643 133.603381 31.205887 31.205887 -0.000000 0.206499 1.094593 0 
416 87.168912 111.991610 128.979891 107.646074 117.728229 171.999731 65.174083 65.174083 -0.000000 4.241366 4.885480 0 
417 473.134846 148.103307 454.923459 165.847231 438.332766 133.958838 36.446209 36.446209 -0.000000 0.386034 1.091062 0 
418 424.238188 281.091330 456.525237 226.470709 528.526367 305.146859 106.285796 106.285796 -0.000000 3.368292 3.971262 0 
422 596.555903 345.380123 488.805332 395.402719 513.344991 310.119186 89.370828 89.370828 0.000000 0.400815 1.850970 0 
466 233.016267 334.769740 212.173590 329.706688 225.700870 307.244156 27.051089 27.051089 0.000000 1.311034 2.112843 0 
483 74.225808 339.001737 74.147286 304.001913 202.668497 321.310166 128.758618 128.758618 -0.000000 3.004715 3.275460 0 
502 535.824838 405.654698 495.998986 407.018129 510.260942 229.123053 178.500467 178.500467 0.000000 1.426984 1.650796 0 
515 204.297181 200.166341 235.281109 211.211427 186.130455 297.231421 97.989196 97.989196 -0.000000 4.897409 5.231503 0 
531 443.208352 245.180672 469.268337 221.409763 517.275944 301.572267 93.341223 93.341223 0.000000 3.792320 4.172794 0 
537 496.003793 209.569019 532.009804 209.885869 509.859669 377.978828 168.648549 168.648549 -0.000000 4.630299 4.843407 0 
568 568.462426 224.492167 598.714445 265.688407 513.538280 296.712393 90.528114 90.528114 -0.000000 5.362582 5.933887 0 
582 453.540845 389.560997 412.596667 327.137593 509.288634 309.307881 97.532224 97.532224 -0.000000 2.177922 2.959244 0 
616 425.380554 329.111347 423.792211 281.924967 535.763370 303.193308 113.399915 113.399915 0.000000 2.910969 3.329301 0 
623 567.057457 374.070132 462.321968 375.999412 513.094228 307.185335 85.378494 85.378494 0.000000 0.891918 2.206455 0 
624 494.757061 79.338402 493.435460 79.628081 494.268341 84.853181 5.202112 4.757234 -0.775218 4.800778 4.554319 0 
625 493.900957 215.324158 571.415178 236.480747 515.284334 286.406542 73.995334 73.995334 -0.000000 4.420175 5.556227 0 
646 212.287420 105.265471 224.121076 105.968914 218.088491 105.779653 6.182477 3.927304 -0.308082 3.229997 0.031363 0 
696 586.990961 26.776021 625.050045 25.240039 633.206337 660.580064 635.221159 635.221159 0.000000 4.639600 4.699552 0 
715 562.471992 382.037637 479.858269 390.448709 512.805124 310.372752 86.315877 86.315877 0.000000 0.964755 1.961130 0 
741 424.567647 317.004777 424.280390 291.007951 544.894408 301.973351 120.720632 120.720632 0.000000 3.017315 3.232257 0 
765 487.929146 396.164890 430.729785 343.132547 514.165880 310.559815 89.284698 89.284698 0.000000 1.868193 2.769397 0 
820 251.817925 400.030850 232.981444 414.976614 195.569136 348.560405 75.802080 75.802080 0.000000 0.741068 1.057799 0 
858 362.760713 262.442539 357.887289 248.036027 435.997075 223.934115 81.588518 81.588518 -0.000000 2.657511 2.842297 0 
859 124.921260 415.111242 100.034664 395.959267 184.719511 312.754964 118.422664 118.422664 -0.000000 2.099530 2.365013 0 
