18 434.962357 256.836531 451.821903 241.800307 489.926228 301.572499 70.251187 70.251187 0.000000 3.824761 4.144857 0 
36 401.390811 303.053364 445.143282 229.980719 492.744014 309.233175 91.198080 91.198080 -0.000000 3.209137 4.171513 0 
54 47.568706 438.998151 47.695470 477.997739 -175.109925 458.967458 223.041660 223.041660 0.000000 6.193747 0.085205 0 
56 572.007845 337.004439 497.119701 389.867929 493.451401 307.561757 82.958848 82.958848 -0.000000 0.358592 1.526257 0 
58 134.792718 274.846004 228.217601 233.672669 206.043967 311.086632 79.507910 79.507910 0.000000 3.612122 4.991350 0 
60 300.764943 294.991372 301.024453 317.999724 18.808614 309.318511 282.227389 282.227389 -0.000000 6.232416 0.030751 0 
103 537.257129 287.762690 556.463066 308.572626 431.374387 407.449099 158.866605 158.866605 0.000000 5.436669 5.614294 0 
130 253.805871 227.370523 305.274923 321.989085 216.254542 310.359102 90.099551 90.099551 -0.000000 5.137310 0.129908 0 
133 212.046804 392.947253 141.828984 358.454905 206.330850 313.395319 79.617554 79.617554 -0.000000 1.499068 2.531822 0 
136 378.467773 372.996220 378.553004 360.996825 576.371541 371.049855 197.854520 197.854520 0.000000 3.131758 3.192368 0 
164 637.892123 382.137174 604.831851 346.064796 669.869465 317.054384 71.219492 71.219492 0.000000 2.027487 2.722023 0 
165 44.093630 431.986093 44.467248 478.160829 -195.685758 457.820571 241.702956 241.702956 0.000000 6.175857 0.084495 0 
166 398.795859 289.575203 407.210925 265.721630 509.898810 318.047102 114.316936 114.316936 -0.000000 3.392460 3.612858 0 
171 638.148632 387.797445 601.348027 351.491265 671.573048 317.122299 77.224178 77.224178 0.000000 2.012555 2.686451 0 
172 131.036871 273.026740 225.024817 229.771943 423.782245 701.471024 530.315390 203.507029 1.059693 4.112976 4.313601 0 
187 49.341232 443.004725 48.856516 478.011859 -167.264607 456.856186 216.569999 216.569999 0.000000 6.219324 0.097577 0 
201 369.548870 288.946033 404.776271 222.255086 394.603059 262.401762 41.741642 19.680305 -1.189370 2.327324 4.960566 0 
208 409.870922 261.174469 443.018710 226.236906 493.233286 307.963407 95.228306 95.228306 -0.000000 3.653049 4.161432 0 
212 414.794447 316.998535 417.055424 291.008678 505.302212 312.408183 90.511980 90.511980 -0.000000 3.090918 3.379496 0 
221 486.977096 211.476806 535.190911 216.231704 503.441416 284.565226 74.260215 74.260215 -0.000000 4.490822 5.147339 0 
226 588.120474 318.019519 590.350429 283.066285 1108.910022 289.295615 520.752814 520.752814 0.000000 3.086494 3.153605 0 
245 217.856273 215.611593 240.041095 220.825132 208.804171 308.176448 92.606046 92.606046 0.000000 4.809871 5.055819 0 
255 146.090886 302.998151 146.823735 339.023928 -262.164511 331.759083 408.772909 408.772909 -0.000000 6.212853 0.017761 0 
285 638.099755 313.962834 600.992311 315.848704 590.875425 -203.600297 519.508121 519.508121 -0.000000 1.479805 1.551323 0 
294 606.180547 263.228445 623.182086 245.171443 671.740855 305.364790 76.974922 76.974922 0.000000 3.712827 4.033568 0 
296 13.037038 297.751037 48.998893 295.977543 47.743561 530.519841 234.496528 234.496528 0.000000 4.564376 4.717741 0 
316 372.009883 287.001140 396.674873 228.737930 443.844760 282.658043 71.080499 71.080499 -0.000000 3.081207 3.993666 0 
361 574.084231 243.426137 581.907951 256.082767 523.933078 287.475403 65.490744 65.490744 0.000000 5.562472 5.786902 0 
378 239.235730 386.964412 215.917862 392.663959 208.445159 310.946644 81.539715 81.539715 -0.000000 1.185949 1.479604 0 
388 436.720711 147.050408 430.985071 159.132246 434.274834 152.632992 6.618712 6.618712 -0.000000 5.125325 2.039372 0 
397 60.097966 357.992990 58.000000 324.000000 369.945130 316.612552 312.229439 312.229439 -0.000000 3.008827 3.117915 0 
408 416.163983 222.417598 437.166332 225.796427 420.165482 255.603626 33.590344 33.590344 -0.000000 4.592390 5.230730 0 
410 434.485829 363.372361 421.937552 346.045225 470.846323 324.135201 52.807223 52.807223 -0.000000 2.318161 2.720422 0 
461 569.978250 276.006302 576.056489 296.983632 390.233883 343.394493 191.351278 191.351278 -0.000000 5.924492 6.038434 0 
479 391.072614 476.116368 408.005990 473.806923 398.482649 481.234146 9.311400 9.311400 0.000000 3.746019 5.620823 0 
481 402.952075 138.042162 418.964199 138.778503 408.147266 175.726039 37.378199 37.378199 -0.000000 4.575390 4.997195 0 
496 488.865255 388.189884 440.863698 370.208193 493.547924 310.877138 78.648165 78.648165 0.000000 1.631290 2.296925 0 
504 375.982240 319.016459 358.994293 302.006188 738.117930 -55.284821 520.695567 520.695567 -0.000000 2.339676 2.385833 0 
538 248.707207 129.484242 248.682585 130.795279 253.360623 130.028561 4.684920 4.571328 -0.707390 3.258035 2.979140 0 
551 296.432523 285.068316 268.695011 382.490485 208.502366 314.485297 91.081739 91.081739 -0.000000 5.960341 0.846264 0 
574 491.011915 393.851928 419.588561 345.679129 494.961678 311.019649 82.848529 82.848529 -0.000000 1.618444 2.710587 0 
607 551.258532 434.630427 573.006613 432.949781 563.695251 462.944889 31.341054 31.341054 0.000000 4.298523 5.013386 0 
609 557.297380 242.314607 574.348113 260.501217 545.369315 268.666344 29.238466 29.238466 0.000000 5.137443 6.008543 0 
612 10.748454 322.225817 38.207638 352.813599 -196.909284 540.269172 300.425396 300.425396 -0.000000 5.473395 5.610101 0 
619 120.276397 279.708125 215.913117 221.480762 205.829990 313.553205 91.747601 91.747601 -0.000000 3.518301 4.821467 0 
676 155.164586 346.274357 138.983105 350.853527 141.952162 331.399277 19.865250 19.865250 -0.000000 0.844525 1.722245 0 
682 352.300172 378.835603 329.951146 386.864002 301.175692 268.673492 121.169536 121.169536 -0.000000 1.136292 1.331976 0 
742 180.001823 294.937873 167.998426 294.917271 173.717860 273.595143 22.391811 22.391811 -0.000000 1.284456 1.832866 0 
768 378.381791 55.936460 381.123853 87.994499 256.679790 81.394574 124.305632 124.305632 0.000000 6.076975 0.052986 0 
