4 153.592160 223.088561 147.755849 262.113041 -445.464441 149.944008 603.354219 603.354219 0.000000 0.121498 0.186879 0 
38 425.028228 175.747694 422.040525 188.357343 424.050198 182.947601 5.871401 5.871401 -0.000000 4.847402 1.926487 0 
41 148.798597 210.811776 147.865343 251.980054 -147.332902 207.390022 298.874631 298.874631 0.000000 0.011554 0.149918 0 
44 629.416658 155.869625 621.038534 175.016861 149.112220 -45.421405 520.317068 520.317068 -0.000000 0.396855 0.436986 0 
56 514.968348 237.040820 559.785740 339.907348 523.576967 296.372592 62.466612 34.629143 1.144548 4.568302 0.877010 0 
74 420.074119 291.452291 433.167275 299.044144 426.030784 297.578795 7.494570 7.494570 0.000000 3.941046 0.202517 0 
79 441.991024 406.090114 387.572723 360.268247 464.518082 325.280725 83.551605 83.551605 -0.000000 1.842662 2.714832 0 
100 517.053504 232.919553 483.001121 409.640622 474.481150 318.458583 94.642259 94.642259 -0.000000 5.174191 1.477628 0 
128 432.950826 368.464492 411.043256 370.974034 423.767080 373.317049 11.683392 9.928713 0.975466 5.797088 3.323697 0 
144 431.745856 305.164483 419.297243 295.515159 425.397355 300.257595 7.955846 5.620430 0.327729 0.658010 3.802422 0 
146 564.955220 253.803415 567.654724 265.269180 554.958515 258.511043 15.836693 7.526362 0.206387 5.843073 0.489149 0 
153 533.939452 180.960981 609.975741 145.139517 594.311878 210.674006 67.212403 67.212403 0.000000 3.598950 4.947004 0 
173 178.803143 204.952170 182.814864 188.440956 215.321322 205.732654 35.259457 35.259457 -0.000000 3.162962 3.630470 0 
239 494.838598 346.250468 514.927479 363.070876 482.062991 380.181756 36.163587 36.163587 -0.000000 5.072486 5.803155 0 
257 96.719281 237.973891 97.954431 272.001654 -5.131189 249.762286 102.527908 102.527908 0.000000 6.167956 0.212480 0 
286 440.127955 233.170893 483.002081 227.102831 471.005006 306.640633 79.917977 79.917977 -0.000000 4.314532 4.862095 0 
289 377.363398 333.065930 375.282236 312.970770 487.041393 310.838230 111.523161 111.523161 -0.000000 2.941638 3.122513 0 
305 231.334010 287.999955 231.332441 310.999954 14.190137 299.568995 217.128466 217.128466 0.000000 6.229957 0.052594 0 
334 598.614888 191.945148 600.609026 177.944314 640.075490 191.388309 41.275120 41.275120 -0.000000 3.128163 3.469908 0 
338 409.963606 153.930968 445.002916 152.970231 427.601728 252.583034 100.945960 100.945960 -0.000000 4.535467 4.885332 0 
340 171.821462 261.912124 185.920659 238.551648 236.216891 284.578903 68.025380 68.025380 0.000000 3.480042 3.882701 0 
341 389.646999 278.815509 401.767473 257.636369 472.915674 317.658194 91.842292 91.842292 0.000000 3.578062 3.842369 0 
343 175.477474 231.125261 168.464039 257.859396 -144.429252 159.956473 327.375555 327.375555 -0.000000 0.218902 0.303245 0 
346 360.862481 338.387436 361.259761 347.978571 360.324037 342.529089 5.635059 5.635059 -0.000000 4.841671 1.400746 0 
350 377.156460 297.040791 411.674782 240.666332 459.312659 309.828050 82.973141 82.973141 -0.000000 3.295999 4.109226 0 
394 419.214937 345.142055 382.983663 336.065213 542.031164 -199.685517 558.556897 558.556897 -0.000000 1.792513 1.859378 0 
398 197.829749 134.291681 171.511913 113.435969 211.056728 89.311469 45.577413 45.577413 -0.000000 1.856797 2.593813 0 
421 378.022570 302.823356 403.123871 306.030503 367.196428 473.479475 170.847935 170.847935 0.000000 4.775742 4.923742 0 
488 408.933524 155.967376 444.071943 156.154665 427.144661 231.230798 77.119439 77.119439 -0.000000 4.474987 4.934149 0 
496 104.108602 316.110905 85.676684 323.142662 86.825277 296.274289 26.777061 26.777061 0.000000 0.854075 1.613519 0 
497 566.661452 372.776412 546.320938 396.400556 493.408374 331.584037 83.907678 83.907678 -0.000000 0.512260 0.886169 0 
501 184.801933 212.834790 203.299241 225.565203 146.089080 289.482971 85.310742 85.310742 0.000000 5.180086 5.442467 0 
548 113.982289 257.090253 102.006296 257.323408 99.243372 166.032454 92.065894 92.065894 0.000000 1.410325 1.540541 0 
597 161.865564 93.527973 153.315961 82.558307 156.701502 88.759991 7.505052 6.311510 -0.523047 0.745540 4.212694 0 
694 327.005715 406.482527 308.914208 404.261906 321.528419 362.805538 43.887334 43.887334 0.000000 1.446043 1.866172 0 
724 90.180274 230.212708 157.002748 204.703930 148.604878 282.669106 78.185683 78.185683 -0.000000 3.873217 4.819688 0 
726 230.638268 309.893820 216.559422 347.757230 143.626075 297.135185 88.661378 88.661378 -0.000000 0.145593 0.606746 0 
734 582.464293 279.206288 578.528146 253.975137 613.418372 261.364520 35.533193 35.533193 -0.000000 2.618711 3.350298 0 
738 418.329773 161.780376 426.478205 174.015538 388.854465 192.027808 41.766573 41.766573 0.000000 5.484859 5.836684 0 
776 173.050736 379.636217 134.802209 376.671155 158.096450 295.346326 85.016798 85.016798 -0.000000 1.395208 1.849762 0 
814 426.102510 227.260800 514.949861 227.139586 470.336215 325.660685 108.069629 108.069629 -0.000000 4.289926 5.137597 0 
815 606.430163 299.524209 592.183193 295.371508 726.666950 -159.096392 473.982407 473.982407 -0.000000 1.827196 1.858501 0 
825 593.688325 236.471018 611.948777 232.748716 609.923598 269.281038 35.865796 35.865796 0.000000 4.252889 4.767768 0 
826 379.585041 378.847992 365.328403 380.266821 369.708883 357.991395 23.418080 23.418080 -0.000000 1.128551 1.764969 0 
830 237.928975 342.965182 219.976258 366.971199 180.662394 319.008485 62.142898 62.142898 -0.000000 0.396213 0.884173 0 
885 92.116682 231.146749 133.802320 207.489283 148.370162 280.911561 74.273902 74.273902 0.000000 3.865864 4.516521 0 
899 214.211920 216.815971 230.001554 234.998650 125.973920 310.394716 128.194274 128.194274 0.000000 5.468421 5.656028 0 
942 469.919557 408.440390 449.858267 404.775921 472.313071 329.107203 78.748568 78.748568 -0.000000 1.600958 1.859270 0 
947 187.141256 372.470772 171.086429 377.288047 162.668878 319.600574 57.918341 57.918341 0.000000 1.137286 1.425902 0 
