3 210.222162 203.795447 189.227202 259.159512 -33.927419 150.997306 249.560897 249.560897 0.000000 0.212974 0.451330 0 
65 441.415961 63.513041 443.101370 40.782301 444.502625 52.830486 14.809817 6.910621 1.020116 1.852080 4.596605 0 
68 163.152876 209.011088 192.079937 213.482911 158.255151 335.536430 126.033417 126.033417 0.000000 4.751079 4.982735 0 
87 99.764647 226.549646 163.013699 209.383378 160.765338 324.051092 114.904709 114.904709 -0.000000 4.153330 4.731994 0 
92 378.676837 248.945251 289.927331 207.665414 420.066386 36.689836 215.024473 215.024473 -0.000000 1.763378 2.221399 0 
109 473.034217 294.425102 461.895121 293.762122 470.775160 247.129531 47.399760 47.399760 -0.000000 1.523068 1.758969 0 
147 229.463335 396.374739 153.967057 417.162786 156.134683 274.614325 143.132832 143.132832 -0.000000 1.028733 1.586001 0 
188 190.593449 129.932865 193.405835 112.901883 256.279391 132.686974 65.532057 65.532057 0.000000 3.183497 3.446463 0 
236 233.847563 216.139850 259.537834 241.454179 167.238816 309.575404 113.837751 113.837751 -0.000000 5.331710 5.647377 0 
240 565.477822 192.038218 582.535571 198.742481 571.154912 201.700293 11.653810 11.653810 -0.000000 4.181164 6.028913 0 
257 187.047638 404.364061 132.284915 402.258834 163.509226 293.095603 113.731315 113.731315 0.000000 1.362324 1.849391 0 
271 582.906353 238.027300 422.622440 352.520048 493.777626 282.834683 99.429927 88.704920 -0.658137 5.817359 2.366630 0 
275 363.374542 339.311663 357.623375 323.963585 370.854540 327.746512 13.879223 13.879223 -0.000000 2.144898 3.420074 0 
326 265.511420 292.997744 210.559676 396.170639 173.643678 311.280152 92.408427 92.408427 0.000000 6.086744 1.160599 0 
370 95.439142 383.534167 71.247977 356.805917 163.727102 294.896762 111.295544 111.295544 -0.000000 2.227238 2.551673 0 
372 464.969501 112.839593 443.080670 128.258633 439.747316 93.363215 34.477286 34.477286 -0.000000 0.657554 1.475561 0 
429 38.769348 317.215859 41.510035 304.246115 60.152589 318.021690 27.051274 11.666415 0.394188 3.179260 3.777972 0 
462 79.049210 301.034310 66.949088 307.855729 62.763631 282.597581 25.470396 25.470396 -0.000000 0.847272 1.406581 0 
515 399.210322 191.117983 388.915278 218.668878 323.518483 179.397764 77.847783 77.847783 -0.000000 0.153621 0.540791 0 
518 629.747398 58.508185 597.008748 64.051662 592.433911 -49.399443 113.083117 113.083117 0.000000 1.237876 1.530494 0 
523 454.653621 186.409927 475.750036 178.267460 495.831127 267.371550 91.312921 91.312921 0.000000 4.241881 4.490726 0 
534 224.877962 233.140874 261.053639 289.984733 163.812789 312.322611 99.822189 99.822189 0.000000 5.369322 6.057386 0 
545 508.102847 382.945874 488.014152 385.130159 474.101996 183.718215 201.799866 201.799866 -0.000000 1.401762 1.501833 0 
581 404.708429 269.947023 401.939718 280.703767 353.764410 263.554332 51.373633 51.373633 0.000000 0.124832 0.341992 0 
583 626.990344 37.770539 625.699060 49.079818 16.991865 -5.802485 610.845944 610.845944 0.000000 0.071310 0.089919 0 
687 542.806922 353.650517 511.377621 368.971283 422.823978 162.197570 225.617188 225.617188 -0.000000 1.010978 1.166165 0 
689 154.029359 198.746352 183.102844 202.111464 149.138785 355.995751 157.052997 157.052997 0.000000 4.743480 4.929618 0 
701 378.145955 104.791721 420.590558 114.830146 387.365898 151.745570 48.471535 48.471535 -0.000000 4.518494 5.445216 0 
781 61.513574 23.592071 73.448926 32.785853 67.355539 27.891028 7.976053 6.125669 -0.237142 3.775992 0.676751 0 
784 61.962616 437.926205 39.675929 435.173694 51.222395 430.551220 12.547254 12.547254 0.000000 0.601723 2.760796 0 
791 582.581515 245.870268 579.162679 310.314715 490.681312 272.116267 95.747235 95.747235 -0.000000 6.004998 0.407542 0 
809 36.796916 120.893094 35.854509 159.122172 -41.990908 136.962236 80.466750 80.466750 0.000000 6.081990 0.277330 0 
830 326.853511 296.194076 299.667891 270.272091 358.231676 234.526033 68.381208 68.381208 -0.000000 2.041478 2.593577 0 
833 388.163355 299.017794 391.332178 269.927254 483.694277 294.611832 94.944965 94.944965 -0.000000 3.095505 3.402748 0 
843 87.200661 117.978291 85.860103 158.943347 -114.285952 137.406003 202.537036 202.537036 -0.000000 6.187061 0.107196 0 
861 343.666854 316.226444 337.566545 297.005905 357.548735 301.119656 20.300164 20.300164 0.000000 2.313965 3.344627 0 
863 381.150285 142.304923 404.904662 147.440944 347.380544 373.466563 233.135053 233.135053 -0.000000 4.857450 4.961601 0 
868 326.983732 299.797566 303.403810 280.506416 381.441531 210.292495 104.123344 104.123344 -0.000000 2.117393 2.408919 0 
871 194.928149 423.769812 179.172791 422.724448 188.134803 413.120692 12.998862 12.998862 -0.000000 1.002956 2.321642 0 
875 579.717840 211.189708 591.013840 227.990695 510.528183 271.723005 91.422394 91.422394 0.000000 5.564418 5.785458 0 
913 334.827956 152.587787 381.994205 144.267105 373.514444 233.448581 89.635417 89.635417 0.000000 4.266143 4.807188 0 
921 65.829372 338.631392 59.586569 311.271884 133.688362 312.348266 73.105205 73.105205 -0.000000 2.772065 3.156117 0 
934 394.080781 264.035484 416.728162 224.808775 498.879181 298.828012 110.100997 110.100997 0.000000 3.462138 3.874968 0 
951 324.877367 155.730762 371.024874 142.511817 371.783719 225.142872 82.926790 82.926790 -0.000000 4.118113 4.703206 0 
952 84.831600 282.228647 85.899595 293.806474 83.027267 288.485949 6.284557 6.284557 -0.000000 4.993130 1.075773 0 
985 567.068964 340.061767 452.645766 375.388670 483.311053 274.056531 106.068936 106.068936 -0.000000 0.667410 1.864656 0 
1005 445.650364 372.599700 412.407162 346.567907 471.707199 305.105231 71.820372 71.820372 0.000000 1.939227 2.531403 0 
1009 147.075524 200.899174 183.043442 203.366799 151.791063 408.699172 207.188777 207.188777 -0.000000 4.689700 4.863434 0 
1030 217.564291 216.155562 240.669589 233.391645 143.298017 338.239064 142.910064 142.910064 0.000000 5.258906 5.460835 0 
