16 190.190768 90.706647 240.537722 140.280888 147.624238 186.920200 104.147674 104.147674 0.000000 5.128919 5.817967 0 
18 470.598360 219.920617 511.835437 208.121723 541.041292 383.253750 177.828095 177.828095 0.000000 4.305208 4.547145 0 
27 442.100242 279.084366 467.045305 271.916040 462.094147 298.065912 27.670865 27.670865 -0.000000 3.901022 4.899512 0 
36 442.141844 281.199180 469.968627 273.208532 462.430094 302.835455 30.128834 30.128834 -0.000000 3.959133 4.961550 0 
37 423.474597 275.066328 437.851935 268.667327 442.313905 294.175854 25.314138 25.314138 0.000000 3.934111 4.539220 0 
39 405.966308 143.670604 389.929519 145.310934 385.379513 -6.345373 151.614584 151.614584 -0.000000 1.434417 1.540803 0 
54 473.053091 131.339599 474.424773 121.029825 469.694787 124.878287 6.728169 6.081076 -0.217847 1.091469 5.600188 0 
60 295.803831 393.718566 264.496959 377.475120 295.632674 356.311874 36.606107 36.606107 0.000000 1.566221 2.544615 0 
62 563.809580 405.562581 470.937018 416.474175 504.325674 290.912772 129.054289 129.054289 -0.000000 1.092197 1.830697 0 
71 187.994037 93.420057 237.225425 140.871928 148.925508 185.595288 99.171673 99.171673 -0.000000 5.113286 5.814356 0 
72 399.953226 169.917653 425.099109 165.816842 416.750614 219.516835 52.711606 52.711606 0.000000 4.385850 4.866620 0 
74 322.495238 280.814173 298.316980 295.521116 262.781609 212.352148 89.890331 89.890331 -0.000000 0.853546 1.167007 0 
75 469.930220 408.063796 493.175548 368.384216 501.017266 397.545308 30.830419 30.830419 -0.000000 2.815329 4.449693 0 
80 241.002008 337.954512 202.010275 334.909758 246.929671 69.771562 268.911020 268.911020 0.000000 1.592896 1.738622 0 
86 258.357766 350.126049 335.935758 345.360543 297.627878 354.803241 39.502736 31.838280 -0.020007 3.260137 6.041508 0 
92 401.373256 293.667113 444.866829 234.866906 512.264802 331.044147 116.219813 116.219813 -0.000000 3.466693 4.101147 0 
110 148.451153 83.847823 183.182696 91.128471 127.604334 263.271159 180.223443 180.223443 -0.000000 4.828058 5.024686 0 
113 225.721350 160.289977 280.054251 144.794548 323.984819 377.354267 237.888032 237.888032 0.000000 4.287298 4.525689 0 
133 423.640680 290.619320 440.149861 278.319680 445.134031 301.601274 23.492707 23.492707 -0.000000 3.613959 4.501490 0 
145 591.132776 380.167874 573.247926 394.313463 549.835643 349.826296 49.755499 49.755499 0.000000 0.633646 1.086354 0 
147 417.163112 51.179089 439.157218 48.136477 450.362433 194.843058 146.873656 146.873656 0.000000 4.485286 4.636159 0 
148 336.990831 366.952185 259.436628 372.725701 297.996254 363.595136 39.826197 31.845109 -0.051314 0.085878 2.909084 0 
159 64.830010 211.963946 76.861230 199.577002 75.472259 211.124266 10.890149 10.890149 0.000000 3.062855 4.832100 0 
165 404.242212 350.365263 409.137276 283.748719 512.352024 326.912221 111.348233 111.348233 0.000000 2.927966 3.537682 0 
170 236.985314 101.513337 224.872434 77.570444 394.178645 4.268432 184.368096 184.368096 -0.000000 2.587585 2.733003 0 
174 410.361965 281.217208 444.614128 238.605348 502.519721 320.582256 99.581864 99.581864 0.000000 3.545282 4.097404 0 
176 484.571893 475.008398 514.814429 446.577790 516.032019 483.469138 34.824903 34.824903 -0.000000 3.404312 4.679396 0 
177 234.246243 100.877922 223.518351 79.238784 265.438097 71.857854 41.182205 41.182205 -0.000000 2.392248 2.967306 0 
178 391.551438 184.168231 416.000000 169.000000 407.038039 179.293036 15.759340 9.576983 -0.366184 2.836613 5.428768 0 
182 440.075118 295.065901 466.078953 282.861801 462.080729 304.375086 23.273451 23.273451 0.000000 3.541799 4.896142 0 
184 300.002584 366.659164 298.059484 359.097364 298.074922 363.148830 4.309477 3.811207 -0.133054 1.068614 4.708579 0 
188 392.989968 190.996419 418.003432 173.250581 414.000688 194.325810 21.534065 21.534065 0.000000 3.298747 4.900080 0 
198 107.640743 92.798915 145.980765 84.757296 146.694179 175.953848 91.150462 91.150462 -0.000000 4.273318 4.704566 0 
200 117.903494 367.129466 100.826293 345.071063 129.560789 339.463936 29.243729 29.243729 0.000000 1.969584 2.948879 0 
205 271.839305 41.451923 251.272307 38.376033 266.290718 21.864192 21.335094 21.335094 -0.000000 1.294759 2.308865 0 
206 398.784685 221.657831 411.703349 213.528576 417.908007 236.532351 22.947899 22.947899 -0.000000 3.802663 4.448935 0 
210 480.132774 134.161749 468.549809 143.669792 459.583383 122.426020 22.661888 22.661888 -0.000000 0.518897 1.171407 0 
218 15.473131 305.788016 26.701812 277.880025 108.849647 330.134350 96.156245 96.156245 0.000000 3.396647 3.708135 0 
222 397.615396 237.972268 412.692816 215.562414 417.956348 236.821448 20.900925 20.900925 0.000000 3.085076 4.469679 0 
224 199.201314 252.758419 241.589689 299.932764 152.936888 337.537663 95.300562 95.300562 0.000000 5.211928 5.882008 0 
225 12.793719 338.051590 14.622817 309.910487 266.815308 340.934157 253.812218 253.812218 0.000000 3.152940 3.263994 0 
235 79.435631 382.936809 90.853450 376.774061 88.551667 388.062833 10.065103 10.065103 0.000000 3.653837 4.913532 0 
236 441.516585 101.330646 446.510259 110.066062 437.083931 111.583540 9.707887 9.707887 0.000000 5.120453 6.123572 0 
239 283.081313 337.218439 306.040845 334.340108 298.095395 365.656386 32.031897 32.031897 -0.000000 4.226625 4.960862 0 
243 19.893847 358.194907 18.903603 309.925662 123.083094 334.031995 105.976498 105.976498 -0.000000 2.911576 3.368983 0 
246 446.222198 368.433004 439.873741 358.948818 448.669816 360.514580 8.435668 8.435668 0.000000 1.870585 3.317754 0 
250 582.135270 259.098378 569.706690 272.134966 567.686569 258.851665 13.088694 13.088694 0.000000 0.017073 1.419873 0 
256 276.892546 335.929571 306.997277 326.870795 297.152903 361.401181 35.039689 35.039689 0.000000 4.040453 4.990114 0 
257 336.920477 348.013793 338.104245 367.010041 277.750526 363.685752 61.098351 61.098351 -0.000000 6.024267 0.055025 0 
258 502.239969 179.250686 481.291040 199.304038 438.292953 133.230108 77.971102 77.971102 -0.000000 0.623804 0.993889 0 
261 68.027553 249.056316 111.646331 233.706381 124.897907 347.180122 113.353687 113.353687 0.000000 4.187121 4.596135 0 
288 287.849440 339.036782 301.820704 336.852942 298.697592 362.474971 25.361421 25.361421 0.000000 4.278908 4.833682 0 
289 442.699506 397.302578 408.592160 350.198709 490.571408 326.651052 84.459297 84.459297 -0.000000 2.166315 2.861884 0 
290 205.350060 416.621765 24.304603 311.895350 135.478253 336.520645 113.837082 100.562451 0.054372 0.853500 3.359576 0 
294 411.507765 290.744151 444.843123 244.851405 508.988573 328.559209 104.430514 104.430514 -0.000000 3.511645 4.058536 0 
307 34.636980 277.618280 60.274294 253.236911 108.541513 332.192143 91.101665 91.101665 -0.000000 3.777652 4.163685 0 
309 87.232941 424.546724 48.111528 396.880245 125.366079 328.927171 102.568208 102.568208 0.000000 1.950268 2.420163 0 
319 559.993644 247.835010 583.495278 259.282867 559.010515 267.554058 20.359516 20.359516 -0.000000 4.762205 5.957411 0 
321 407.770030 348.016052 409.775624 296.741499 513.101101 323.680532 107.065233 107.065233 -0.000000 2.914538 3.396635 0 
323 230.310384 399.326470 24.747654 374.515643 132.195676 355.490118 109.792483 84.400916 0.096262 0.420179 2.966342 0 
327 515.942031 217.112996 605.769084 254.211098 528.183180 319.478807 101.709035 101.709035 0.000000 4.593372 5.583804 0 
349 57.761138 237.678122 62.697133 216.565223 71.658796 229.072258 15.375878 15.375878 -0.000000 2.587152 4.090655 0 
353 248.491384 171.711189 290.666199 169.224599 270.823698 183.523692 25.949274 25.949274 0.000000 3.628125 5.658748 0 
356 228.003641 381.772845 220.965608 364.964399 237.994361 352.935058 31.182883 12.987065 -1.155974 1.904301 2.526575 0 
359 371.052874 99.049323 389.370513 79.412792 446.591352 150.367294 90.633739 90.633739 -0.000000 3.738333 4.033731 0 
368 290.345956 378.134114 278.744280 371.443419 298.087706 351.478669 27.356006 27.356006 0.000000 1.853458 2.340389 0 
369 35.122986 269.265846 61.034316 247.046282 105.888955 328.720425 92.701077 92.701077 0.000000 3.840345 4.210168 0 
379 599.033398 467.738395 618.105546 470.173262 603.267721 534.219051 65.801306 65.801306 0.000000 4.648782 4.940048 0 
380 585.885607 223.151786 605.431403 377.281806 534.970495 314.045379 103.440380 94.113810 -1.018317 5.223000 0.731415 0 
390 397.839220 347.004450 397.685862 307.001204 545.813382 327.716732 148.557669 148.557669 0.000000 3.011978 3.280541 0 
408 565.844173 356.652050 589.096589 363.814846 567.496107 391.173007 33.702518 33.702518 0.000000 4.664572 5.380722 0 
419 35.000000 270.000000 48.092188 246.128448 52.629662 266.048434 18.924931 18.924931 -0.000000 2.921094 4.488425 0 
435 428.142048 216.195402 409.333795 236.250850 198.809307 10.659904 307.858684 307.858684 -0.000000 0.730730 0.819931 0 
465 71.275358 253.389519 143.102922 240.058174 127.061367 340.213766 102.067986 102.067986 -0.000000 4.141293 4.871206 0 
485 395.096445 239.008243 399.175783 222.064542 421.947902 237.826015 26.965422 26.965422 -0.000000 3.097593 3.747023 0 
489 19.178714 367.746501 11.312929 341.351051 99.527483 332.535270 88.494460 88.494460 -0.000000 2.728570 3.041988 0 
496 517.992186 151.997771 481.243450 203.264513 432.996894 127.855710 88.547651 88.547651 -0.000000 0.276751 1.001625 0 
505 186.009166 355.889542 208.105955 357.723098 192.062408 435.534542 79.187249 79.187249 -0.000000 4.636532 4.915724 0 
507 613.657336 281.131643 617.815304 309.024857 537.676302 307.606044 80.541009 80.541009 -0.000000 5.947906 0.017703 0 
514 170.025737 288.922126 160.693856 267.876307 169.030129 276.837842 12.682516 12.682516 -0.000000 1.488593 3.963122 0 
529 383.026077 264.968218 356.739195 292.715880 37.484979 -32.536665 455.749860 455.749860 0.000000 0.710836 0.794705 0 
555 202.972952 262.068387 231.755802 295.084523 157.294180 331.270248 82.287676 82.287676 0.000000 5.295818 5.830829 0 
570 36.954598 399.044982 18.642465 369.655207 112.153671 333.701280 99.644126 99.644126 -0.000000 2.426204 2.774530 0 
611 463.482337 402.044770 470.528651 369.426030 524.060822 393.708337 59.883746 59.883746 -0.000000 3.004838 3.567438 0 
621 96.532668 365.157848 97.988810 343.971922 96.917486 354.486200 10.005345 3.450166 1.504279 1.606840 4.813931 0 
657 552.059009 209.764502 584.329891 222.314037 534.416385 296.283506 88.527557 88.527557 -0.000000 4.913547 5.305991 0 
694 516.861376 128.000715 501.573101 178.696673 434.480951 130.766045 82.625567 82.625567 -0.000000 6.249630 0.620325 0 
698 2.778018 345.005422 2.314172 326.016753 78.913190 334.111822 76.606491 76.606491 -0.000000 2.999475 3.246883 0 
751 230.226877 205.301825 237.382685 223.631395 127.942079 255.710154 114.196546 114.196546 -0.000000 5.825296 5.998056 0 
756 505.899637 319.208251 480.006559 290.997292 519.402115 282.608675 39.642291 39.642291 -0.000000 1.924230 2.931793 0 
783 65.605378 150.065212 76.428812 114.176138 164.635423 162.313848 100.195918 100.195918 0.000000 3.264654 3.641158 0 
793 28.101034 259.079988 51.682964 240.311217 56.287414 269.135450 28.771747 28.771747 0.000000 3.484267 4.553985 0 
802 494.695548 81.276484 512.892666 108.056619 448.735212 131.945292 68.178864 68.178864 0.000000 5.449098 5.926745 0 
804 412.649690 256.700713 426.952541 239.959454 547.380551 358.390929 168.610271 168.610271 0.000000 3.788137 3.918632 0 
851 472.054988 122.196091 481.093439 131.071523 467.531430 130.591659 17.709223 7.290973 -0.382362 5.206595 0.035368 0 
874 354.480912 147.975070 369.107519 96.529914 444.399428 146.364733 89.981913 89.981913 -0.000000 3.123686 3.726280 0 
950 154.708082 289.203673 153.113734 265.082633 167.007897 275.788146 18.139048 18.139048 0.000000 2.312835 3.798088 0 
951 101.363036 378.782067 89.113627 378.840933 110.881727 356.395043 31.177947 31.177947 -0.000000 1.972826 2.340866 0 
