7 240.140143 219.010386 241.846246 195.988606 353.449597 214.285922 112.881829 112.881829 0.000000 3.099922 3.304096 0 
29 250.590205 199.695082 266.885094 205.053814 254.546271 215.132824 20.459791 11.097120 -1.274060 4.461528 5.598252 0 
134 516.060788 190.977375 521.436081 236.020593 406.770832 227.655584 115.309610 115.309610 -0.000000 5.959392 0.072823 0 
144 395.442337 211.693669 420.910468 208.318520 411.750435 228.658648 23.268265 23.268265 -0.000000 3.946730 5.135528 0 
208 393.024706 376.313923 373.838037 371.354107 403.435169 302.191184 75.050877 75.050877 -0.000000 1.710333 1.975149 0 
301 406.950665 221.965438 428.350276 217.366915 420.197358 229.761503 16.027246 16.027246 -0.000000 3.673535 5.294214 0 
320 136.990334 132.471122 170.001500 131.084645 178.431603 467.674248 337.130426 337.130426 0.000000 4.589383 4.687349 0 
330 50.079498 136.374176 26.983242 137.710326 22.770133 -123.386433 260.984987 260.984987 -0.000000 1.466048 1.554662 0 
382 424.109471 143.515551 441.213369 139.490802 443.494479 200.944384 61.654256 61.654256 0.000000 4.386850 4.675287 0 
388 313.597525 232.173003 335.319433 221.601586 591.696577 744.311604 582.943973 582.943973 -0.000000 4.214924 4.256389 0 
405 169.999739 130.995447 205.996003 128.930329 199.990705 390.538607 261.272716 261.272716 0.000000 4.597346 4.735340 0 
554 193.543722 291.501952 206.943768 282.076003 199.740576 286.346826 8.089627 8.089627 -0.000000 2.447704 5.747998 0 
