2 60.798774 259.783664 60.863265 269.350406 65.325874 264.085096 7.041138 5.940017 -1.456853 3.901435 2.273866 0 
13 288.749132 77.422612 324.090691 81.137058 296.007162 272.730118 193.594436 193.594436 -0.000000 4.675244 4.857932 0 
19 294.970784 82.391745 315.082658 83.891661 296.225181 221.668540 138.912589 138.912589 -0.000000 4.703383 4.848413 0 
22 458.238884 134.173805 442.234591 156.170682 390.631455 100.409925 74.993462 74.993462 0.000000 0.463176 0.824103 0 
28 390.746403 253.689505 337.010284 280.047886 323.005268 184.659557 96.486621 96.486621 0.000000 0.794821 1.425017 0 
29 332.242977 151.856534 318.334896 149.551452 325.775768 145.095441 9.285719 9.285719 0.000000 0.807611 2.602015 0 
45 298.022742 174.017711 325.049951 185.974139 305.469395 189.847991 19.362091 19.362091 -0.000000 4.272696 6.087866 0 
47 414.816247 172.002897 393.521390 250.349109 320.961684 189.503008 94.436392 94.436392 -0.000000 6.098842 0.697818 0 
57 66.986067 160.924569 87.040676 157.220211 86.503054 207.085590 49.340148 49.340148 0.000000 4.312381 4.723170 0 
68 337.003747 261.140344 302.088771 259.430847 322.478271 188.222739 73.741172 73.741172 0.000000 1.374166 1.849671 0 
76 113.003494 169.073221 80.980975 170.601325 91.516148 10.589177 159.542883 159.542883 0.000000 1.436038 1.636541 0 
82 363.661828 37.051793 370.036859 70.160112 173.744405 90.423993 196.886026 196.886026 -0.000000 6.009223 6.180317 0 
92 81.035643 176.669817 67.183489 161.255840 84.235985 165.583738 23.317687 10.079679 -0.173750 1.851837 3.390143 0 
97 260.210898 163.960638 290.950989 168.450327 250.540176 333.633359 170.143470 170.143470 0.000000 4.769324 4.952319 0 
98 314.132333 164.836873 318.234928 198.510143 310.035775 184.381374 18.342044 18.342044 -0.000000 4.919000 1.044976 0 
109 297.041494 80.555705 329.996489 85.016571 293.895119 225.060910 144.380644 144.380644 0.000000 4.734159 4.964681 0 
133 200.938616 256.104989 191.187487 270.688608 198.082686 264.298682 9.568356 7.870136 -0.127477 5.047773 2.394209 0 
136 446.732964 90.480295 478.033470 95.731933 425.652125 216.064108 130.036041 130.036041 0.000000 4.878701 5.122957 0 
150 359.945034 18.520643 391.870314 23.540994 361.188137 127.824694 108.840940 108.840940 -0.000000 4.701017 4.998533 0 
161 334.162518 103.689278 359.018375 117.972458 301.968729 183.315805 86.008184 86.008184 -0.000000 5.096605 5.430128 0 
170 286.975097 98.565405 327.165744 101.027257 299.735664 212.723511 114.892262 114.892262 0.000000 4.601071 4.953201 0 
176 399.836036 128.207702 434.020235 122.260218 487.797971 464.382771 347.336348 347.336348 0.000000 4.456471 4.556476 0 
180 293.002471 155.019324 295.099879 164.292634 295.720308 159.140685 4.681610 4.681610 -0.000000 4.129398 1.690645 0 
189 351.927572 282.683708 333.967478 281.242313 345.345385 252.763936 30.167827 30.167827 -0.000000 1.354251 1.950896 0 
191 388.035885 156.165516 363.663857 161.449589 356.747919 56.186029 104.562548 104.562548 -0.000000 1.267507 1.505189 0 
195 352.895166 261.239448 329.089113 266.465896 322.859781 201.503746 65.318098 65.318098 -0.000000 1.104908 1.475197 0 
218 328.900982 267.108022 278.172382 256.573151 320.778078 169.974430 96.479902 96.479902 0.000000 1.487364 2.028015 0 
222 320.436097 143.483387 337.591407 139.639356 345.059154 283.120474 143.155910 143.155910 -0.000000 4.537847 4.660389 0 
227 340.895009 261.645874 321.042169 264.452750 305.635454 83.843495 181.512233 181.512233 0.000000 1.375029 1.485698 0 
297 387.016792 79.942757 378.079015 75.882081 387.867590 57.110950 23.108227 23.108227 -0.000000 1.608043 2.051472 0 
331 184.978951 210.494655 206.999352 212.004457 185.256814 360.420532 150.184960 150.184960 0.000000 4.710536 4.857851 0 
