39 467.901228 140.877964 469.780849 154.758854 444.119186 150.033092 25.150648 25.150648 0.000000 5.915712 0.182116 0 
57 464.256241 166.412523 460.000205 152.876636 479.270525 154.544929 19.131646 19.131646 0.000000 2.472720 3.227951 0 
60 472.785235 158.912988 464.321763 166.357263 467.459732 158.706103 8.601509 4.988542 -1.460013 0.038828 1.960005 0 
73 239.992870 124.877241 272.997700 122.960394 267.011502 246.955281 123.776346 123.776346 0.000000 4.494577 4.760629 0 
80 354.374000 341.199402 315.636458 293.631031 408.035349 265.475686 94.490784 94.490784 -0.000000 2.187302 2.845816 0 
85 458.318116 151.969359 459.174212 132.917956 495.015987 143.059753 36.527827 36.527827 0.000000 2.903418 3.417344 0 
88 257.988071 222.074255 239.130550 199.892730 594.649669 -73.287665 448.101191 448.101191 0.000000 2.421447 2.486420 0 
107 475.603105 142.132268 458.605752 265.536907 369.500461 192.929402 116.685606 116.685606 -0.000000 5.836678 0.683731 0 
118 253.994352 207.002712 234.796862 165.518995 555.337706 41.025551 343.711332 343.711332 0.000000 2.638142 2.771139 0 
157 184.218887 184.151291 200.931877 164.928938 232.321627 211.947966 55.586723 55.586723 -0.000000 3.665574 4.123743 0 
165 291.564056 102.588132 365.948937 68.505120 360.110252 154.823952 85.759640 85.759640 0.000000 3.792763 4.779927 0 
167 435.201762 287.326983 458.000476 284.014601 453.410912 336.694504 52.644075 52.644075 0.000000 4.359022 4.799291 0 
206 291.746964 213.872486 281.915123 230.944445 199.938734 171.230642 101.116129 101.116129 0.000000 0.434819 0.629551 0 
208 224.912717 136.696528 313.560975 143.619381 259.446854 250.886015 119.943732 119.943732 -0.000000 4.418706 5.179616 0 
227 286.977354 263.987677 276.071643 278.071015 267.114053 259.517094 20.039191 20.039191 0.000000 0.221379 1.121014 0 
247 347.280138 81.694764 366.063798 79.294689 360.932754 114.318176 35.457185 35.457185 -0.000000 4.316044 4.857857 0 
279 284.444860 343.962598 284.999774 365.059307 2.913369 358.785896 282.438385 282.438385 0.000000 6.230582 0.022236 0 
281 299.978274 249.426925 302.061019 270.701969 276.733756 262.035399 26.763321 26.763321 0.000000 5.786174 0.329694 0 
290 265.993907 246.088718 282.424249 251.429927 270.468993 265.946807 19.976315 19.976315 -0.000000 4.490738 5.401321 0 
320 314.224156 69.938856 318.554532 43.549430 339.379387 60.507876 26.678816 26.678816 0.000000 2.782900 3.825015 0 
354 310.342878 179.723575 293.114348 219.502807 -152.591128 -1.414233 497.137677 497.137677 -0.000000 0.372968 0.460167 0 
421 453.335636 230.401085 417.348427 207.600554 501.429561 120.940496 119.638888 119.638888 -0.000000 1.984777 2.341091 0 
430 259.268592 295.089890 270.710300 284.551855 269.190929 299.696833 17.806087 9.121274 1.300136 3.576275 4.812376 0 
442 218.917928 168.800562 235.150815 170.210860 228.211516 208.972319 40.435035 40.435035 -0.000000 4.485042 4.889538 0 
517 118.754723 236.714110 134.944961 230.771423 138.493965 268.259260 37.933946 37.933946 0.000000 4.153254 4.617999 0 
622 106.096937 103.999539 121.975293 108.037399 110.759102 124.517510 20.471093 20.471093 0.000000 4.488959 5.309969 0 
