3 152.176698 97.841635 195.517570 109.155454 151.472840 195.405266 96.851929 96.851929 0.000000 4.719603 5.184532 0 
4 176.239304 119.500885 190.774672 126.469966 173.654578 139.195985 19.421009 19.421009 0.000000 4.842880 5.643961 0 
16 103.325668 32.217357 103.243082 14.181534 102.341034 23.348433 7.685227 4.303734 -1.347957 1.460228 4.810476 0 
47 -0.476247 82.041490 24.613350 98.342612 -15.262825 132.866796 52.981382 52.981382 0.000000 4.995504 5.569598 0 
59 317.957240 121.875744 353.068839 123.590136 331.430415 360.712039 238.208030 238.208030 0.000000 4.656037 4.803391 0 
66 278.792468 28.984327 279.761991 78.004707 -170.224324 54.870691 449.505078 449.505078 -0.000000 6.225598 0.051365 0 
102 429.799980 208.948246 432.063180 243.931218 238.973194 238.450089 192.552470 192.552470 -0.000000 6.129800 0.028379 0 
136 114.602089 -0.167512 115.836695 19.010513 -9.999593 12.050937 126.002844 126.002844 0.000000 6.185438 0.055250 0 
138 420.911766 286.954880 385.154516 333.168666 329.702147 253.036460 96.955022 96.955022 -0.000000 0.356027 0.965452 0 
162 210.346423 256.297763 179.473326 241.067624 267.136801 111.620442 155.081220 155.081220 0.000000 1.944848 2.166066 0 
198 398.008207 147.997736 401.018341 126.524553 399.848812 136.131335 9.960703 4.594559 1.563250 1.724681 4.833533 0 
224 386.022041 119.018340 361.994059 126.491176 363.263786 85.136278 41.574448 41.574448 0.000000 0.979324 1.601490 0 
235 404.574710 279.774255 383.685040 311.750517 313.657327 245.639106 96.373600 96.373600 0.000000 0.359167 0.756639 0 
249 344.856647 333.080344 315.030541 332.760942 332.242953 258.073313 76.365448 76.365448 -0.000000 1.404188 1.797300 0 
268 82.127418 252.632228 119.418873 245.116552 176.203098 574.329127 334.549070 334.549070 0.000000 4.427886 4.541585 0 
305 -0.178860 261.629089 19.871254 259.013194 15.078834 296.659366 37.311612 37.311612 0.000000 4.301610 4.839010 0 
405 293.063293 140.781443 331.182116 135.047789 370.049036 492.568792 359.484487 359.484487 0.000000 4.496944 4.604102 0 
422 139.786113 221.379577 147.239535 250.049237 127.572953 238.865870 21.889103 21.889103 -0.000000 5.322068 0.517048 0 
424 127.054468 105.266452 158.001781 101.133244 152.496706 171.421961 70.471490 70.471490 -0.000000 4.345244 4.790550 0 
446 329.757096 222.747904 332.256683 240.036104 310.564324 233.890301 22.051875 22.051875 0.000000 5.757189 0.276081 0 
492 382.331044 330.499150 350.020778 345.069836 338.394897 274.233340 71.365128 71.365128 0.000000 0.907831 1.408124 0 
