9 115.176653 188.746896 119.030153 223.020972 85.279739 208.965400 37.620327 37.620327 -0.000000 5.688561 0.394612 0 
12 102.999914 193.019838 115.124989 220.059756 105.042179 211.513602 19.100754 12.666878 -1.358306 4.602405 0.703097 0 
14 293.397568 42.975080 294.016205 61.997573 241.227941 52.238378 52.846281 52.846281 0.000000 6.107456 0.182810 0 
27 153.654820 198.915833 157.276571 227.092986 23.450525 230.093931 133.287379 133.287379 0.000000 6.048156 6.260765 0 
32 235.194790 79.031056 249.996624 68.918089 275.446998 93.952434 44.888176 16.112381 0.473314 3.496586 3.918750 0 
35 126.068089 167.310458 148.043519 171.915349 129.085397 210.416869 42.921547 42.921547 -0.000000 4.642506 5.169938 0 
41 201.806332 132.427847 222.260683 139.621793 205.166059 159.032424 26.056439 26.056439 0.000000 4.586770 5.434429 0 
89 30.182833 15.030504 25.060911 30.687578 -2.578652 15.206718 32.582418 32.582418 0.000000 6.277807 0.510563 0 
148 155.200801 61.126885 167.231618 59.676278 161.581477 63.460668 6.873646 6.873646 -0.000000 3.492236 5.693026 0 
154 249.946961 174.403489 253.873646 183.905852 249.677250 179.738760 6.937641 4.940105 -0.350417 4.762898 0.781894 0 
171 231.973080 174.929739 235.818429 182.471849 236.570227 178.436265 5.474966 4.346299 0.486014 3.793211 1.754977 0 
190 239.040480 184.824587 246.917628 197.993892 240.594329 192.201676 7.253372 7.253372 -0.000000 4.504792 0.741591 0 
196 55.863464 218.183439 58.850827 230.897450 54.688918 224.809010 7.066069 7.066069 0.000000 4.887841 0.971179 0 
200 221.288155 189.790854 220.999893 197.968641 226.363993 191.668612 7.018426 5.973546 -1.309815 3.495920 2.276126 0 
208 144.015294 111.980783 146.894766 126.886612 142.326752 119.957717 8.368590 7.558128 1.005237 4.920988 0.987932 0 
223 255.901096 185.717491 261.758077 193.041143 256.050575 190.806979 5.616109 5.616109 0.000000 4.683027 0.373108 0 
325 162.904829 72.148442 158.008834 61.006664 162.438040 65.315555 6.372279 6.372279 0.000000 1.502587 3.913223 0 
