3 253.259246 126.650264 222.844711 120.808493 297.097415 -177.863854 307.436619 307.436619 -0.000000 1.713775 1.814466 0 
13 -0.004556 81.997258 9.697958 78.798932 7.128734 91.012800 12.157467 12.157467 -0.000000 4.043024 4.919719 0 
18 32.988089 93.939661 48.957970 90.787090 76.573759 238.569134 150.631242 150.631242 0.000000 4.419684 4.527651 0 
26 119.769782 81.652786 165.008072 76.871560 177.063451 352.258226 276.471454 276.471454 0.000000 4.503746 4.668641 0 
35 101.271585 101.453190 119.783466 82.411436 119.291206 93.523316 19.245011 10.324395 -0.291569 2.727028 4.756660 0 
89 190.432138 -0.013204 187.591190 37.943763 -64.507876 -0.026661 255.055887 255.055887 0.000000 0.000053 0.149493 0 
108 192.434358 19.858508 194.132304 -0.053470 458.598673 35.649910 266.499723 266.499723 -0.000000 3.200853 3.275783 0 
151 198.984896 119.882888 132.959540 119.366258 168.536779 -97.448728 219.566198 219.566198 0.000000 1.431603 1.733437 0 
161 84.480294 75.006112 84.985017 64.845839 176.883332 71.024271 92.594379 92.594379 0.000000 3.098527 3.208723 0 
199 279.998426 25.232488 264.934673 24.476142 275.460101 -22.212151 47.456621 47.456621 -0.000000 1.475431 1.792530 0 
