25 964.012970 140.987010 1005.211552 99.857521 1016.299318 128.529385 57.065326 28.790816 -0.024667 2.907696 4.343390 0 
30 545.138138 55.807478 544.742657 65.343047 542.438375 60.042682 7.371987 5.262031 0.332762 5.279896 1.160705 0 
50 1050.486667 255.528876 1076.947576 236.858296 1097.201570 293.235991 60.155758 60.155758 0.000000 3.820693 4.367493 0 
69 1028.584897 264.096095 1044.997172 257.978404 1053.954966 303.848313 47.260344 47.260344 0.000000 4.144350 4.519529 0 
70 971.772018 184.015916 984.085250 162.099877 989.999753 181.387942 18.658929 18.658929 -0.000000 2.998405 4.414851 0 
89 436.079693 233.858889 413.609344 265.032333 388.082723 219.259730 51.141231 51.141231 -0.000000 0.295277 1.062073 0 
94 361.681033 148.188201 342.382235 137.957214 355.802264 133.341327 15.256016 15.256016 0.000000 1.193777 2.810313 0 
95 598.669029 165.255812 600.946356 137.891693 607.428057 151.667749 15.250271 15.250271 0.000000 2.143374 4.272615 0 
96 536.864459 47.185453 538.997944 23.980982 542.788714 35.932607 15.635552 11.940130 0.139509 2.055393 4.405250 0 
97 456.008653 198.657252 423.707910 175.045971 540.738622 110.626606 139.206919 43.973873 -0.616677 2.337091 2.638405 0 
102 1135.260890 182.653357 1170.190319 169.426303 1457.238021 961.718108 851.997413 129.343350 1.201746 4.320481 4.364798 0 
108 1024.817771 370.709680 994.058096 388.131886 963.724449 306.497170 87.235647 87.235647 0.000000 0.810286 1.215029 0 
111 1250.828029 382.994245 1277.607526 395.444545 1247.131576 426.505008 43.578341 43.578341 0.000000 4.797140 5.488289 0 
126 1237.999481 321.597747 1270.000718 321.556430 1258.498324 1149.730267 828.217650 828.217650 -0.000000 4.687641 4.726277 0 
130 512.332261 46.310771 489.889397 61.575087 478.413261 21.138424 42.191183 42.191183 0.000000 0.638446 1.294263 0 
140 1250.871634 200.091008 1233.024938 231.036108 1227.801229 211.968382 26.656228 18.279948 -0.337407 5.807743 1.303401 0 
145 1154.971408 208.013394 1168.937200 174.940645 1167.056859 195.073043 22.005173 16.948518 0.997658 2.322047 4.805518 0 
157 1232.887040 158.130531 1246.906968 181.955595 1223.334725 182.504549 25.090970 25.090970 0.000000 5.085898 6.259901 0 
167 692.164284 427.252526 696.118057 435.070446 693.709338 430.277950 4.638433 4.638433 -0.000000 4.240226 1.105069 0 
182 535.189324 41.869378 543.008079 26.822664 539.177228 34.612920 8.476467 5.586963 -1.167653 2.073306 5.169414 0 
190 1046.107505 312.948142 1049.233240 337.066591 997.541268 329.802957 51.551829 51.551829 0.000000 5.949143 0.139604 0 
206 83.141930 316.551178 69.964448 309.062465 88.684602 296.250096 21.495249 21.495249 -0.000000 1.837324 2.541403 0 
227 1141.096044 178.002090 1159.032387 169.365537 1155.423355 184.659080 15.209875 15.209875 0.000000 3.576551 4.944133 0 
241 1146.690029 793.496749 1161.005599 787.908531 1160.206419 805.934077 17.249586 17.249586 -0.000000 3.885438 4.756696 0 
294 695.182225 276.072363 719.817345 258.633051 735.893779 304.354181 48.732974 48.732974 -0.000000 3.748744 4.374272 0 
299 1076.620832 384.762104 1054.486987 372.492069 1128.844864 266.333922 129.013339 129.013339 -0.000000 1.986121 2.181820 0 
300 1149.964664 405.926700 1112.736093 403.439015 1134.494481 384.740388 27.614751 27.614751 -0.000000 0.940090 2.431681 0 
304 678.914099 382.166976 739.330451 465.131887 639.269428 473.624480 99.780408 99.780408 -0.000000 5.121417 6.198514 0 
343 1240.001659 106.170067 1210.004515 106.462737 1235.340990 -268.261592 374.758396 374.758396 -0.000000 1.558350 1.638307 0 
356 333.555586 347.125590 354.506721 354.216532 342.055062 356.078867 12.377402 12.377402 -0.000000 3.952987 6.134721 0 
360 554.510174 22.504556 569.474334 27.609612 545.043894 72.540093 50.790636 50.790636 0.000000 4.899370 5.210412 0 
381 744.977007 103.906227 769.564311 109.404523 752.438204 132.657959 29.316335 29.316335 -0.000000 4.458485 5.347193 0 
389 897.002157 55.024433 804.994415 59.466691 827.967232 -446.876308 506.385490 506.385490 0.000000 1.434107 1.616135 0 
403 934.509898 241.375666 911.554649 257.290185 900.772275 214.525442 43.882298 43.882298 0.000000 0.672208 1.323812 0 
410 1083.283051 64.155026 1097.851845 49.738656 1102.432886 69.311181 19.567396 19.567396 0.000000 3.404608 4.482473 0 
419 926.663846 189.320975 936.289542 213.006795 913.992840 207.865353 22.828106 22.828106 -0.000000 5.311805 0.226631 0 
432 406.791972 54.814025 408.929910 40.760739 407.558897 48.653691 7.707699 7.707699 -0.000000 1.694653 4.884374 0 
438 1278.141030 144.622478 1218.991359 148.391114 1240.230855 -39.798592 188.660186 188.660186 -0.000000 1.368057 1.683183 0 
444 1188.089382 205.232541 1157.992446 206.577950 1163.880336 -170.188858 376.488206 376.488206 0.000000 1.506400 1.586422 0 
462 874.987358 442.034579 867.938778 451.145636 872.615581 447.086145 5.916475 4.981769 -0.734641 5.151351 2.426738 0 
478 834.024415 478.420268 835.111668 478.804709 835.911645 472.968773 6.110467 5.304933 0.744976 1.904069 1.707025 1 
484 865.100501 542.025893 873.234484 523.223263 904.592518 546.564867 39.396443 39.396443 -0.000000 3.256025 3.781473 0 
486 171.065795 336.361648 87.776523 320.845655 162.113388 128.638730 206.557765 206.557765 -0.000000 1.527725 1.939832 0 
507 842.586225 577.555295 839.000000 569.000000 838.539170 574.051129 5.209008 4.653054 1.019507 0.713627 4.803370 0 
515 414.589409 141.600606 454.005311 129.857737 448.655063 191.432196 61.228194 61.228194 0.000000 4.112744 4.799062 0 
532 1159.885768 16.572310 1157.151525 0.894270 1172.354873 6.744214 16.180953 16.180953 -0.000000 2.474091 3.508910 0 
572 665.367841 34.450312 661.139601 12.559677 669.325635 22.489890 12.875929 12.875929 -0.000000 1.890362 4.022972 0 
599 1238.230086 190.401858 1202.784178 203.009435 1195.452856 118.646359 84.092704 84.092704 0.000000 1.033211 1.484112 0 
636 893.045222 131.984915 885.433898 146.417231 888.467213 138.632094 7.328521 7.328521 -0.000000 5.315501 1.942330 0 
646 1113.030987 0.142446 1093.963105 3.249903 1094.683794 -45.717662 49.010390 49.010390 -0.000000 1.190231 1.585513 0 
693 205.092036 327.181456 218.669066 318.668031 225.919437 342.010901 24.404010 24.404010 -0.000000 3.760338 4.411233 0 
709 677.301018 315.030826 687.894460 282.931045 720.077061 310.733616 42.518095 42.518095 0.000000 3.041470 3.854102 0 
740 866.083920 479.683850 867.731180 472.211996 863.096615 474.914474 5.369958 5.369958 -0.000000 1.011226 5.755275 0 
745 1136.235031 116.429415 1169.495808 132.057979 1104.716998 228.007166 115.467672 115.467672 0.000000 4.987692 5.306233 0 
827 795.119327 201.402874 799.628899 189.572632 811.127199 201.334670 16.706474 16.706474 0.000000 3.137332 3.938329 0 
836 857.259143 449.116587 857.011927 441.773274 852.032396 447.021143 5.708210 5.708210 -0.000000 0.381289 5.471556 0 
847 988.647264 190.081895 981.796684 175.060029 1001.885410 175.642875 19.793567 19.793567 -0.000000 2.312833 3.170598 0 
911 398.763173 429.216586 378.023136 432.513064 380.807447 372.852421 59.535665 59.535665 -0.000000 1.262394 1.617432 0 
922 1195.557379 168.036629 1233.546957 190.552112 1174.148781 252.354910 86.297569 86.297569 0.000000 4.961037 5.477950 0 
1056 115.209171 650.078700 136.950504 619.946949 212.148819 698.099224 108.488043 108.488043 -0.000000 3.601526 3.946251 0 
1127 169.477724 685.564525 179.776369 703.051517 158.732642 704.116934 21.187369 21.187369 0.000000 5.237355 6.232600 0 
