18 1127.659510 90.962137 1115.492042 114.482300 1105.003286 91.799271 23.939224 23.939224 -0.000000 6.246253 1.137674 0 
23 1003.999267 582.468595 980.997492 582.416689 980.906513 363.808701 219.141975 219.141975 0.000000 1.465576 1.570380 0 
27 708.838577 258.744498 778.763515 282.511873 683.464177 453.439372 195.870674 195.870674 -0.000000 4.841988 5.221004 0 
42 -0.356974 175.251659 69.909121 149.518305 112.645303 374.747895 228.630850 228.630850 0.000000 4.197013 4.524873 0 
49 892.890096 93.378958 903.138698 101.901808 891.920758 104.001522 10.772797 10.772797 -0.000000 4.803390 6.098152 0 
55 748.681483 742.700835 770.879822 749.431906 451.777602 1769.758780 1069.033940 1069.033940 -0.000000 4.993799 5.015497 0 
66 1016.753062 341.857389 1098.929746 376.132304 946.004109 626.347129 292.949101 292.949101 -0.000000 4.956132 5.260987 0 
79 1230.132561 36.940468 1234.857500 25.903103 1236.278188 31.520156 8.174895 8.174895 -0.000000 2.418824 4.464660 0 
80 929.809216 699.381283 972.203108 720.594087 471.165487 1631.503887 1039.095308 1039.095308 -0.000000 5.169650 5.215264 0 
81 1194.615293 281.704223 1211.494358 271.856843 1278.027346 398.144852 143.698868 143.698868 0.000000 4.090775 4.227504 0 
97 991.076438 586.282620 974.883055 587.331915 996.102189 225.145876 361.517348 361.517348 -0.000000 1.584712 1.629316 0 
126 204.798781 220.570422 267.012527 202.152045 322.367015 488.388601 292.247012 292.247012 0.000000 4.298733 4.521360 0 
138 1118.375600 83.303396 1116.659564 108.767271 1103.743457 95.573331 18.999272 18.999272 0.000000 5.585370 0.796039 0 
167 857.442960 559.871458 824.222087 543.678390 910.201654 404.255043 164.215363 164.215363 0.000000 1.897665 2.123390 0 
168 1098.702887 701.522976 1106.898321 706.178974 1082.757634 740.223504 41.800169 41.800169 -0.000000 5.103211 5.329191 0 
194 815.277116 652.769351 830.047545 643.894656 821.874331 649.169950 11.454803 8.938830 0.524088 2.642139 5.710025 0 
213 842.004139 615.003151 860.822106 616.238825 849.340100 618.971288 9.601422 9.601422 -0.000000 3.637435 6.049553 0 
233 1164.779549 97.819620 1131.937017 121.755046 1119.322563 69.894393 53.327195 53.327195 0.000000 0.550884 1.332192 0 
239 909.596822 54.680660 955.878696 45.136510 959.523468 188.027319 142.466377 142.466377 0.000000 4.354134 4.686887 0 
240 1095.752083 171.567634 1085.893815 176.455198 1082.724149 158.439888 18.807684 18.807684 0.000000 0.789214 1.396636 0 
242 1113.058373 771.883466 1175.172581 805.710081 953.107425 1143.513561 404.221720 404.221720 -0.000000 5.118828 5.293935 0 
245 320.560805 491.017922 311.979071 506.782451 295.007209 486.625074 26.856828 26.856828 0.000000 0.170243 0.870984 0 
254 993.009985 804.976114 1012.015277 810.361042 954.728561 971.550111 170.907549 170.907549 0.000000 4.938283 5.053867 0 
269 319.505105 442.557948 322.255043 456.102559 315.986808 451.119580 8.738873 8.738873 -0.000000 5.102289 0.671659 0 
272 993.974972 42.907521 964.988714 44.986567 928.123343 -985.256677 1030.814436 1030.814436 -0.000000 1.506836 1.535028 0 
285 1015.006653 46.967005 1033.272224 50.649877 1006.706928 135.757607 89.337997 89.337997 -0.000000 4.805593 5.014943 0 
308 960.993881 23.138630 1004.996438 25.080712 956.119974 632.487260 609.094829 609.094829 -0.000000 4.720387 4.792683 0 
309 70.806811 214.942864 48.222517 220.260660 56.447385 201.831788 19.528453 19.528453 0.000000 0.739986 1.990572 0 
318 939.035442 406.979185 931.306998 393.819703 1029.054129 345.550523 108.389228 108.389228 0.000000 2.542777 2.682904 0 
346 1085.818422 43.530217 1140.989609 67.019955 1030.943004 250.244805 213.552758 213.552758 0.000000 4.971869 5.253257 0 
349 823.662338 544.560265 773.775977 508.176252 911.274597 371.606278 193.625761 193.625761 -0.000000 2.039681 2.359583 0 
388 896.896250 92.075568 909.608573 54.987820 945.972326 81.885435 58.979320 29.173811 0.134635 2.936862 3.778458 0 
394 1039.641893 51.326723 1052.387286 54.387077 1024.617236 139.386268 89.847759 89.847759 -0.000000 4.881381 5.028166 0 
429 1085.144117 176.125377 1067.914434 178.331833 1058.243600 7.876339 170.527976 170.527976 0.000000 1.412253 1.514122 0 
440 986.264486 64.271351 976.007034 68.076120 974.586093 53.126885 15.671010 15.671010 0.000000 0.762008 1.476030 0 
445 402.834398 531.620289 413.630954 540.220559 407.256898 536.826335 6.711600 6.711600 -0.000000 4.008189 0.489313 0 
448 1053.910822 159.573139 1069.012008 161.922825 1056.513518 191.588387 31.698982 31.698982 -0.000000 4.631272 5.111133 0 
458 1010.225497 136.560265 940.855994 125.263355 1089.847024 -609.968622 751.106263 751.106263 -0.000000 1.677050 1.770734 0 
478 748.741237 398.802153 772.040655 380.240848 794.099189 420.642456 50.291575 50.291575 0.000000 3.590339 4.212636 0 
522 999.643774 45.797895 1015.036333 30.114265 1174.330330 189.917348 226.449796 226.449796 -0.000000 3.831403 3.928586 0 
531 1170.135358 461.487347 1133.835082 550.720962 1091.161475 479.039416 81.929801 81.929801 -0.000000 6.064488 1.033824 0 
565 171.993810 363.011206 137.135226 296.059918 180.773375 314.623632 46.645197 46.645197 0.000000 1.750286 3.543803 0 
595 409.967391 341.934317 365.952208 360.867813 281.854789 116.035517 259.194001 259.194001 0.000000 1.054901 1.239933 0 
628 766.920670 509.270011 735.221014 425.671066 828.100401 438.195100 94.293438 94.293438 0.000000 2.281514 3.275626 0 
652 1076.495573 195.866781 1070.841524 204.850748 1070.600722 197.968743 6.057921 6.057921 -0.000000 5.940664 1.535821 0 
658 343.281044 160.770856 335.223498 186.453981 318.537493 168.894367 26.132567 26.132567 -0.000000 5.965964 0.810903 0 
661 963.180270 458.875317 948.657646 428.683663 1117.633121 367.046671 179.279157 179.279157 0.000000 2.605196 2.791822 0 
666 996.705078 72.262348 998.675507 53.316015 1004.890952 65.185413 11.973756 11.973756 -0.000000 2.428723 4.229999 0 
671 529.593396 433.953207 546.668420 411.009039 695.722407 543.241934 198.654501 198.654501 0.000000 3.723470 3.867261 0 
683 533.946538 718.374026 554.969614 725.095098 431.464688 1068.179054 364.536240 364.536240 0.000000 4.997382 5.057931 0 
687 147.816576 262.509891 157.218890 252.303109 287.936659 381.711728 184.471949 184.471949 0.000000 3.846500 3.921958 0 
716 1000.995011 508.027765 987.489927 494.790524 999.940564 495.376557 12.764133 12.764133 -0.000000 1.487641 3.188626 0 
772 767.794126 27.238592 773.311820 48.065146 758.676480 40.044517 16.255290 16.255290 -0.000000 5.331114 0.501331 0 
777 875.238244 3.769292 894.994939 -0.075633 891.800105 29.021281 29.354489 29.354489 -0.000000 4.131903 4.821751 0 
783 546.248263 564.787666 520.848271 523.059441 615.335948 495.471299 98.056155 98.056155 0.000000 2.354542 2.857513 0 
822 961.127207 18.194632 974.140329 5.028983 968.258656 11.675886 11.111137 6.204784 -1.353889 2.401050 5.436784 0 
887 364.111387 536.782883 353.070431 529.988748 359.257741 531.941345 6.220376 6.220376 -0.000000 0.784149 3.447282 0 
893 82.898967 294.036985 82.320474 277.239115 89.269001 283.325035 11.218999 11.218999 -0.000000 2.107285 3.860908 0 
937 1012.094423 9.110825 1028.207185 10.070523 1018.812061 13.804729 14.331710 8.005884 -1.024589 3.751475 5.904869 0 
941 1153.923910 105.019955 1138.993300 114.614729 1131.931743 93.026521 24.113202 24.113202 0.000000 0.499266 1.254664 0 
942 1111.835003 130.542877 1087.908706 135.894206 1078.387426 29.678627 106.622012 106.622012 0.000000 1.250598 1.481394 0 
967 1259.303115 112.719213 1262.899231 126.370879 1255.102738 122.198581 10.025836 10.025836 -0.000000 5.129496 0.491371 0 
989 146.665841 53.287785 170.439850 44.386681 207.644228 176.427797 137.340020 137.340020 -0.000000 4.252592 4.437746 0 
994 521.810520 450.955300 517.406402 469.624057 448.566734 442.072670 74.044880 74.044880 0.000000 0.120686 0.380701 0 
1010 846.372489 607.245553 779.144012 557.497326 922.010373 427.663817 194.457926 194.457926 -0.000000 1.969435 2.403950 0 
1024 1011.578553 574.397697 997.587359 554.805760 1023.310252 551.414514 25.622106 25.622106 -0.000000 2.042767 3.010511 0 
1054 144.546414 195.484256 139.988877 177.995763 147.580148 184.374347 11.538463 11.538463 -0.000000 1.837363 3.840400 0 
1070 446.515987 254.215860 448.373153 293.270731 420.160252 276.319804 33.443519 33.443519 0.000000 5.585302 0.541024 0 
1072 504.964141 526.294519 509.638412 481.613856 594.027924 515.393602 90.215710 90.215710 0.000000 3.019804 3.522344 0 
1100 843.011080 71.972789 850.139478 79.360236 839.048726 80.051474 11.209323 11.209323 -0.000000 5.168384 6.220940 0 
1118 858.030082 549.834890 872.369770 557.506629 845.174064 584.190405 37.801485 37.801485 0.000000 5.070463 5.507288 0 
1122 1107.313946 461.558022 1121.608248 479.132020 1045.844733 524.454202 88.027125 88.027125 0.000000 5.486314 5.744086 0 
1148 1230.269368 3.830617 1224.981939 25.993747 1155.982698 -2.147742 74.615980 74.615980 0.000000 0.080304 0.387257 0 
1161 359.104240 60.549312 378.237168 64.974592 343.834192 159.388671 99.881677 99.881677 -0.000000 4.865671 5.061820 0 
1217 1065.457161 541.702009 1076.553655 551.613608 1072.303327 545.749188 8.184516 5.292126 0.349569 3.675487 0.943642 0 
1218 899.152590 729.537226 902.076208 719.832766 896.193972 722.925614 7.862208 5.419462 0.491866 1.150033 5.799116 0 
1293 400.061066 539.430706 400.938724 531.215177 398.614680 534.743421 4.647091 4.647091 -0.000000 1.271490 5.294854 0 
1344 88.054833 667.206600 72.498597 651.714698 90.735553 651.000590 17.344084 17.344084 0.000000 1.734727 3.102455 0 
1369 744.693466 270.766445 784.163458 292.178628 711.165044 379.041158 113.152315 113.152315 -0.000000 5.012685 5.411278 0 
1373 339.184182 66.189305 342.401405 46.064169 584.373903 96.100728 246.961384 246.961384 0.000000 3.262986 3.345505 0 
1376 381.793371 226.638315 412.170976 236.471824 337.300033 430.576453 207.981963 207.981963 -0.000000 4.927194 5.080529 0 
1445 331.995498 216.407020 386.785429 222.025521 336.450444 445.839962 229.486538 229.486538 -0.000000 4.692974 4.933604 0 
