3 725.086751 292.877664 737.017062 227.103465 773.654054 262.282283 72.132817 40.772596 0.000228 2.579436 3.906689 0 
15 960.672121 289.544830 918.312892 310.963979 882.912964 191.058744 125.413419 125.413419 0.000000 0.902463 1.283719 0 
16 891.639745 356.145066 913.049320 352.699525 913.087147 403.081129 51.198971 51.198971 0.000000 4.283771 4.711638 0 
24 991.980443 196.837114 1017.984296 169.217018 1027.426106 189.337843 37.062466 20.906147 0.039379 2.933096 4.273638 0 
28 1063.025568 91.019624 1063.847607 169.002952 -64.991175 127.174399 1128.683123 1128.683123 0.000000 6.251145 0.037038 0 
30 1228.935404 354.955701 1244.705269 357.045605 1236.302588 358.020212 8.419837 8.419837 -0.000000 3.535788 6.167714 0 
38 909.158178 915.914106 868.201384 830.344877 1354.682522 651.413567 517.882522 517.882522 0.000000 2.605830 2.789143 0 
41 372.197607 557.203901 493.002161 525.017135 508.331923 833.107141 308.017873 308.017873 0.000000 4.254025 4.662673 0 
42 705.888415 271.006852 729.793404 232.699988 733.920565 264.924332 29.389745 29.389745 -0.000000 2.927921 4.585007 0 
44 655.119770 658.164793 730.794471 619.464076 789.787554 838.128858 225.786557 225.786557 -0.000000 4.069974 4.448875 0 
48 493.991570 525.416551 596.028475 541.915415 506.971608 770.310700 245.135500 245.135500 -0.000000 4.659436 5.084179 0 
54 954.506682 362.810996 937.952771 378.883911 936.132261 362.108799 17.715892 17.715892 -0.000000 0.038197 1.462695 0 
58 950.640331 249.261370 952.991704 291.982791 940.195051 273.159011 23.220597 23.220597 0.000000 5.124450 0.973747 0 
62 670.743317 251.712656 694.115889 257.848660 641.885744 426.522306 177.128400 177.128400 0.000000 4.875993 5.012677 0 
63 668.056666 270.925613 662.072516 248.002252 691.369054 254.538003 29.558109 29.558109 0.000000 2.528885 3.361088 0 
71 1006.518618 264.921863 994.014434 289.021020 968.952049 262.925406 36.533635 36.533635 -0.000000 0.053095 0.805592 0 
75 602.767419 545.433876 633.398191 565.779753 558.680701 643.108362 107.171236 107.171236 0.000000 5.136376 5.480616 0 
82 736.469117 227.190044 790.127236 214.850869 821.751474 477.696636 264.950295 264.950295 -0.000000 4.384257 4.592650 0 
84 1000.257357 276.189275 964.993710 305.985910 954.333917 255.283012 49.965756 49.965756 0.000000 0.427204 1.363574 0 
90 730.276843 234.984812 761.873106 223.646391 788.774049 346.315286 125.169139 125.169139 0.000000 4.228599 4.496509 0 
100 658.658199 651.364983 664.962583 642.942201 671.482796 652.198931 11.809820 11.809820 0.000000 3.206528 4.098732 0 
111 709.558979 267.084125 725.861137 239.703457 736.724542 265.631605 28.378355 28.378355 0.000000 3.088174 4.315627 0 
125 668.920726 233.947518 654.522807 244.259550 653.630766 226.222324 17.317192 17.317192 -0.000000 0.467836 1.521381 0 
126 432.950276 1.044032 456.466043 14.921294 442.472592 12.398163 13.864871 13.864871 -0.000000 4.014512 0.178391 0 
127 888.017860 315.245701 857.036177 317.497707 839.368195 -119.139356 436.853606 436.853606 0.000000 1.459264 1.530355 0 
129 300.587404 686.825921 301.121974 621.666246 375.536417 654.108586 81.523703 81.523703 0.000000 2.729998 3.552717 0 
137 312.822417 842.712076 329.651560 860.122929 313.575644 860.507032 17.431384 17.431384 -0.000000 4.670086 6.259297 0 
156 223.131936 197.124748 260.176638 196.484028 227.523341 287.614284 96.916403 96.916403 0.000000 4.663898 5.056452 0 
160 761.963650 223.764609 807.082828 218.050142 823.045315 511.055439 293.548043 293.548043 -0.000000 4.502896 4.657964 0 
186 595.176076 373.120040 642.023438 335.079317 657.965206 400.886201 67.802109 67.802109 -0.000000 3.557952 4.474717 0 
189 257.799147 845.536924 281.015771 845.163400 264.949000 1482.624152 637.795142 637.795142 0.000000 4.701167 4.737588 0 
193 1130.693384 308.121675 1181.221177 372.117736 815.580023 610.859545 436.461009 436.461009 0.000000 5.517814 5.704746 0 
211 240.613684 568.249382 234.947513 634.967141 167.596682 592.540136 79.115455 79.115455 0.000000 5.962030 0.562144 0 
218 868.922693 221.323926 921.013155 235.966244 834.092478 445.223891 226.411995 226.411995 -0.000000 4.866714 5.106080 0 
225 889.007854 47.780626 878.475255 62.838132 876.899122 50.608205 11.550203 11.550203 -0.000000 6.053780 1.442628 0 
231 1238.911633 667.720497 1256.397210 697.608336 1241.606152 687.447642 20.190445 17.763737 -1.487373 4.576640 0.601913 0 
238 489.015160 775.148479 436.932217 774.896101 466.245198 523.032009 253.402125 253.402125 0.000000 1.480725 1.686659 0 
242 758.919408 596.275596 770.513514 607.051957 759.746338 607.991920 11.342654 11.342654 -0.000000 4.641927 6.196107 0 
252 520.093323 770.503055 493.870267 774.693600 479.232687 592.790637 182.448018 182.448018 0.000000 1.344799 1.490500 0 
262 1152.389957 193.220970 1154.677782 215.358948 1144.638504 204.252285 14.562414 14.562414 -0.000000 5.324909 0.835832 0 
267 736.807084 229.374796 807.878059 215.031484 824.331384 465.406310 251.208925 251.208925 -0.000000 4.357291 4.646769 0 
271 872.964749 808.024925 879.508512 822.008274 670.252258 954.116314 249.977894 249.977894 0.000000 5.658713 5.720053 0 
309 731.053017 290.927719 709.141050 267.599058 754.998456 241.961003 53.788500 53.788500 0.000000 2.025617 2.631803 0 
331 843.061306 331.703752 789.965066 327.332709 902.747126 -676.859357 1010.504606 1010.504606 -0.000000 1.629906 1.682639 0 
338 1245.741240 354.709520 1251.893263 365.623830 1229.361130 371.671463 23.500102 23.500102 0.000000 5.480338 6.020965 0 
341 828.447567 52.762337 828.523899 74.001422 779.335130 60.288129 50.566746 50.566746 -0.000000 6.131132 0.271885 0 
346 868.015708 218.924601 899.123861 225.405466 845.784154 387.525713 169.883077 169.883077 -0.000000 4.843492 5.030246 0 
368 692.756040 292.388153 669.324745 269.441916 775.382786 184.482723 136.405688 136.405688 0.000000 2.224291 2.466204 0 
384 648.132139 241.206093 608.896568 238.178453 674.189784 -335.572175 577.295397 577.295397 -0.000000 1.615944 1.684110 0 
390 1057.424867 184.046017 1057.120539 167.015716 1326.072999 174.181785 268.840427 268.840427 0.000000 3.104891 3.168231 0 
399 1103.177949 278.919171 1018.367627 284.568099 1063.956926 285.346730 43.293402 19.227969 0.094550 6.120749 3.158670 0 
424 949.402995 222.141625 978.046816 236.914333 860.682989 418.595843 216.128622 216.128622 0.000000 5.136578 5.285938 0 
438 933.491891 393.981315 925.695783 405.313381 923.305729 395.546761 10.091556 10.091556 0.000000 6.130695 1.330796 0 
456 147.676756 242.335472 102.047992 247.751055 119.110803 192.485564 58.217624 58.217624 0.000000 1.050437 1.870254 0 
462 842.252373 198.040584 895.147668 204.853510 821.859831 577.722509 379.561193 379.561193 -0.000000 4.766047 4.906466 0 
463 952.865415 291.793909 924.788377 306.529731 897.201451 214.658607 95.328002 95.328002 0.000000 0.945694 1.279084 0 
477 868.957989 40.185329 887.608915 48.530084 871.666485 61.422026 20.607271 20.607271 0.000000 4.585535 5.603189 0 
494 1098.724567 826.197789 1053.406153 907.666251 952.412993 800.162292 148.346296 148.346296 -0.000000 0.176102 0.816615 0 
520 871.004185 136.872629 825.937019 136.701426 846.072539 -144.287736 281.782726 281.782726 0.000000 1.482354 1.642333 0 
523 911.688214 208.942961 934.579799 216.952558 827.740419 488.404443 291.949362 291.949362 -0.000000 5.004205 5.087353 0 
578 17.806060 298.922748 61.353823 297.968466 42.226481 391.568467 95.734901 95.734901 0.000000 4.454662 4.913966 0 
579 457.382780 322.506975 443.935914 347.835830 441.527040 331.465034 20.271520 16.193887 0.018490 5.768920 1.424700 0 
584 896.199213 877.994836 874.861131 837.438814 1259.966965 656.720437 424.999957 424.999957 0.000000 2.595104 2.702830 0 
635 505.493008 269.104749 515.891257 249.795145 524.058815 263.278003 17.646720 17.646720 -0.000000 2.837485 4.167735 0 
644 1147.077903 192.943788 1135.943280 217.855656 1050.436956 181.191756 106.095521 28.751626 0.242397 0.121011 0.405073 0 
650 313.097323 649.003137 351.600000 591.569162 412.271061 677.925795 104.753620 104.753620 0.000000 3.425359 4.099944 0 
653 790.111394 90.764771 791.312332 92.157754 790.001845 84.866969 5.467098 5.467098 -0.000000 1.552224 1.392950 0 
675 1128.562831 266.351522 1138.138334 292.028757 1122.033602 284.376313 18.202630 18.202630 0.000000 5.059923 0.443585 0 
710 522.092513 758.652667 484.920470 762.895137 473.569001 536.685955 226.986442 226.986442 -0.000000 1.355575 1.520657 0 
751 529.057949 544.665260 587.210815 559.382512 508.141339 745.573956 201.837424 201.837424 -0.000000 4.816125 5.113978 0 
806 597.771452 459.529516 588.273783 431.821705 625.492306 432.989009 38.306721 38.306721 0.000000 2.377944 3.172946 0 
848 485.666842 333.995295 473.893059 349.627050 472.923749 336.286143 13.676644 13.676644 0.000000 6.105313 1.498267 0 
849 625.542453 689.545206 704.692908 633.359958 767.885052 805.712378 182.755132 182.755132 -0.000000 3.826080 4.360963 0 
921 1220.550900 682.036581 1201.855661 679.686427 1211.647500 671.278951 13.640653 13.640653 -0.000000 0.879430 2.432115 0 
968 715.881544 559.999815 731.544445 546.604377 725.028226 555.501922 11.901189 9.264018 -1.442161 2.684566 5.344506 0 
975 1235.941221 48.702175 1264.778960 52.705672 1228.207567 278.918251 230.107582 230.107582 -0.000000 4.745969 4.872670 0 
1060 809.735800 875.562778 825.025802 882.983976 811.669517 892.381056 17.560786 17.560786 0.000000 4.597915 5.670067 0 
1071 830.433367 104.426190 809.963934 114.772108 812.097148 92.777721 21.554987 21.554987 -0.000000 0.565951 1.667483 0 
1100 315.882886 629.930566 353.804262 587.760649 410.386368 678.048139 105.961238 105.961238 0.000000 3.612543 4.152577 0 
1141 683.565315 482.456094 652.981391 492.219190 663.126714 456.069764 36.812261 36.812261 0.000000 0.911742 1.844407 0 
1156 1131.948555 221.798677 1100.987432 225.071718 1100.145634 66.395423 158.755236 158.755236 -0.000000 1.368936 1.565491 0 
1196 1057.516425 120.863823 1052.611838 111.082502 1058.228526 115.935638 6.052171 6.052171 -0.000000 1.714299 3.854191 0 
1203 148.279602 951.264580 134.844377 944.351666 142.008710 946.407712 7.699869 7.699869 -0.000000 0.659004 3.421065 0 
1247 127.387389 721.942926 95.943064 734.861414 -61.015253 311.821992 451.015044 451.015044 0.000000 1.140167 1.215515 0 
1260 164.967454 161.790331 186.033208 162.173282 174.351704 250.484425 88.779395 88.779395 -0.000000 4.606976 4.843902 0 
1298 381.780015 224.942478 373.172869 251.438401 335.236387 226.423245 45.305155 45.305155 0.000000 6.251381 0.582952 0 
