2 47.120975 716.981643 9.946142 721.562970 -11.246274 419.052935 303.013697 303.013697 0.000000 1.377336 1.500855 0 
3 48.105149 714.753142 -0.023606 719.595207 -40.060075 135.390904 586.040075 586.040075 0.000000 1.419779 1.502372 0 
9 340.096035 295.497966 320.069460 299.360167 320.895521 247.471960 51.122387 51.122387 -0.000000 1.190467 1.586715 0 
13 128.002230 62.007953 67.028927 70.048502 81.507178 -68.158874 138.136719 138.136719 -0.000000 1.227725 1.675173 0 
16 597.018564 401.439605 656.169805 409.371875 609.962983 534.390931 132.848698 132.848698 0.000000 4.615333 5.066415 0 
18 551.961614 436.974791 597.028282 402.074608 604.174762 458.797868 55.992132 55.992132 0.000000 3.537486 4.587061 0 
21 224.470317 510.134480 279.899587 456.630767 262.215445 493.011318 44.078467 25.668914 -0.797442 2.715706 5.164845 0 
26 239.475546 590.343068 227.633424 572.239793 288.125828 545.561373 65.546171 65.546171 -0.000000 2.397576 2.726231 0 
29 1243.035208 42.330489 1270.461224 -0.798137 1300.544271 45.799312 56.109154 56.109154 -0.000000 3.201838 4.139117 0 
31 701.190176 439.906482 698.166647 529.126024 631.470494 482.471705 81.884740 81.884740 0.000000 5.735067 0.610394 0 
32 540.696920 488.953422 546.713687 449.802319 796.189855 510.310596 256.033196 256.033196 0.000000 3.224991 3.379539 0 
43 51.545234 531.058976 135.257773 646.987897 -282.144691 763.516824 441.682938 206.815150 -0.382634 5.674726 6.010940 0 
46 567.002420 39.011321 543.028842 44.134953 527.175331 -90.762315 135.432136 135.432136 0.000000 1.273024 1.453810 0 
58 3.958615 45.171341 12.260642 51.337192 5.547189 51.808790 6.664873 6.664873 -0.000000 4.477473 6.213054 0 
69 597.820702 405.010952 620.140409 404.122899 610.292354 446.734272 43.437214 43.437214 0.000000 4.421930 4.939514 0 
73 147.073864 846.979345 147.605939 883.842874 97.416239 868.746235 54.107070 54.107070 -0.000000 5.870071 0.292183 0 
83 477.101780 44.331584 455.946356 50.825236 453.862722 7.145097 42.808992 42.808992 -0.000000 1.012245 1.523130 0 
102 579.000620 377.005201 551.040118 380.336698 550.599372 253.877674 125.845432 125.845432 -0.000000 1.344096 1.567311 0 
142 524.922759 44.541934 496.921473 40.550953 521.331692 -26.757219 70.586291 70.586291 0.000000 1.520473 1.918708 0 
149 763.047035 28.284250 788.080455 26.646886 787.222859 167.084241 141.172480 141.172480 -0.000000 4.539942 4.718496 0 
162 82.005191 13.463640 40.788204 11.734007 68.141100 -204.366886 218.066111 218.066111 0.000000 1.507236 1.696701 0 
164 137.043747 653.002111 135.695569 675.127623 -1.490099 657.186224 138.312515 138.312515 0.000000 6.252992 0.130044 0 
207 384.930432 536.009091 371.948343 574.969507 313.430748 531.665342 72.452888 72.452888 -0.000000 0.060677 0.637083 0 
217 819.833722 662.285082 827.771586 644.570934 842.142778 656.633121 22.203129 22.203129 0.000000 2.893465 3.839860 0 
239 87.258379 751.240853 0.212564 823.311321 -137.953001 565.749277 291.215586 291.215586 0.000000 0.688986 1.078427 0 
244 1096.736040 180.438681 1127.662337 177.526331 1115.095703 209.922207 34.684497 34.684497 0.000000 4.155439 5.082428 0 
254 850.205604 605.285111 872.848594 592.671575 901.849190 672.141658 84.824355 84.824355 0.000000 4.054672 4.362481 0 
288 1001.150365 600.637388 1032.428300 618.452491 953.887903 719.265172 127.930827 127.930827 -0.000000 5.091524 5.374238 0 
302 68.984785 65.143161 50.598978 51.779283 66.985331 48.736276 16.417924 16.417924 -0.000000 1.449528 2.957981 0 
305 898.191726 143.081840 883.205119 165.257173 866.244044 138.827805 31.508448 31.508448 -0.000000 0.132378 1.000242 0 
311 38.905853 274.330372 40.056560 310.147766 13.558662 295.080750 39.019384 23.734433 -0.157150 5.597178 0.517020 0 
312 309.969583 500.972979 282.200305 500.729499 297.448432 490.198779 17.550422 17.550422 -0.000000 0.710547 2.537187 0 
332 1100.129792 29.057584 1053.705988 18.366831 1099.443268 -95.164994 124.059086 124.059086 0.000000 1.565270 1.953765 0 
336 122.202134 597.504258 131.905864 641.009595 42.300877 638.615617 89.974793 89.974793 -0.000000 5.807984 0.026711 0 
338 481.705392 42.514056 456.999284 55.725377 455.363801 20.221114 35.241198 35.241198 -0.000000 0.702343 1.524764 0 
656 360.879920 304.939980 341.043801 328.057586 316.569894 286.298167 48.385234 48.385234 0.000000 0.398234 1.040683 0 
677 770.153800 47.048986 740.882847 49.758442 730.704961 -261.935137 311.725775 311.725775 -0.000000 1.443811 1.538154 0 
694 62.769340 531.582087 106.754014 560.288059 22.464991 640.724928 116.024644 116.024644 0.000000 5.066136 5.521168 0 
720 843.841492 153.234276 846.007246 132.262464 852.862239 145.427549 19.897447 11.611687 0.465498 2.428215 4.232323 0 
898 1102.021139 281.982773 1111.074422 295.581657 1090.510921 302.107494 22.390966 22.390966 -0.000000 5.231924 5.975888 0 
922 847.634598 708.233402 836.789814 671.009694 895.254301 674.378263 58.267081 58.267081 0.000000 2.523557 3.199146 0 
1017 895.980716 592.493780 937.995933 590.893237 924.990402 773.141120 182.058795 182.058795 0.000000 4.553161 4.783630 0 
1090 67.014801 116.413991 51.841939 119.251222 59.474517 102.174141 17.413255 17.413255 0.000000 1.083813 1.991110 0 
