6 570.980192 697.810066 550.913327 780.922521 459.845913 691.294931 128.228592 90.859032 0.671182 0.058557 0.777430 0 
21 534.879990 656.189100 556.135481 673.857502 505.481866 711.144795 62.309593 62.309593 0.000000 5.203598 5.648625 0 
22 531.836088 800.908660 565.776455 802.222998 555.381909 824.163766 37.732316 19.742582 1.159976 3.920779 5.154821 0 
27 531.133291 792.078581 473.940483 789.296779 508.561986 693.044207 101.538375 101.538375 0.000000 1.346710 1.916081 0 
28 467.953128 863.996442 329.441893 883.168221 397.098523 870.758323 71.990093 28.299669 -0.011916 6.188040 2.960184 0 
34 402.860445 849.760013 429.583681 882.938440 415.385678 867.366516 21.586512 14.474990 1.232272 4.094054 0.831517 0 
38 564.027478 281.992214 523.552445 341.628049 532.571931 293.012057 54.723003 33.407387 1.388263 5.946216 1.754236 0 
39 556.054611 673.961172 564.271375 685.518042 482.269305 736.961594 96.877105 96.877105 0.000000 5.576469 5.722902 0 
40 794.685395 799.131609 790.512069 783.919550 834.272511 778.856917 44.229256 44.229256 0.000000 2.668269 3.026415 0 
44 442.271445 884.090376 384.998121 891.496357 394.359182 737.313249 154.358529 154.358529 -0.000000 1.255273 1.631436 0 
45 265.739711 730.845879 228.740101 769.573735 205.889387 711.174354 61.941984 61.941984 -0.000000 0.317556 1.197827 0 
47 257.096970 726.166710 285.419629 726.757744 269.295361 750.523674 27.979075 27.979075 0.000000 4.248088 5.308513 0 
50 563.662528 748.801952 525.532037 786.885807 504.767177 727.598933 61.888029 61.888029 -0.000000 0.345566 1.233904 0 
52 738.705906 712.877072 748.606112 683.429990 781.497553 707.543735 42.206524 42.206524 -0.000000 3.017597 3.774210 0 
63 562.757955 691.220100 544.773761 780.830867 530.849052 728.108484 58.714442 39.672193 -1.452906 5.425534 1.312579 0 
65 458.953774 835.738024 471.796586 849.095502 462.518485 846.148667 11.669673 7.401081 1.061857 4.382492 0.307535 0 
69 507.233528 313.991434 510.726814 279.921002 613.021944 304.511775 105.861809 105.861809 0.000000 3.052222 3.377507 0 
72 750.959775 686.457302 771.336978 667.591427 760.272294 677.291439 16.337236 12.378480 -1.327000 2.364131 5.563414 0 
76 734.286508 746.607631 735.654338 721.162148 770.631942 736.220323 38.226516 38.226516 -0.000000 2.863219 3.548120 0 
86 821.501583 821.876204 787.513319 868.915219 759.727254 815.224930 61.562760 61.562760 -0.000000 0.107257 1.093227 0 
97 510.133881 171.062051 537.864372 172.015596 524.012685 173.721367 18.664797 13.646489 -1.398719 3.330908 6.160657 0 
99 445.830028 416.880868 432.989542 409.745513 436.721935 415.408034 8.910241 6.002835 0.139828 0.160318 4.129615 0 
108 507.002128 172.476828 539.005667 172.607030 522.749703 416.551679 244.248351 244.248351 -0.000000 4.647959 4.778929 0 
114 544.076982 175.910009 501.504418 177.004721 523.082655 184.088811 22.656587 21.897163 -1.433099 5.911701 3.458804 0 
117 541.012315 200.014261 500.620919 176.966493 523.297875 185.658390 23.376683 22.513593 -0.293403 0.681053 3.507613 0 
137 322.119918 816.886174 286.966622 859.793549 263.826922 792.636511 74.879421 46.793946 0.948690 0.394220 1.238975 0 
140 458.268543 823.538563 459.110334 813.078035 489.853541 825.115357 35.007954 13.106350 0.232817 3.191474 3.514788 0 
142 565.840515 225.445691 548.675377 200.025534 563.022984 208.348618 16.958096 13.554380 1.158556 1.407468 3.667253 0 
168 557.112456 219.923493 552.108867 197.073353 574.073695 204.715725 23.250531 23.250531 0.000000 2.410649 3.476428 0 
170 701.931853 1097.338542 733.846451 1103.762804 649.459061 1422.491011 329.269077 329.269077 0.000000 4.872389 4.971213 0 
172 586.098717 527.929220 579.584301 499.732683 609.072350 507.349108 30.825558 30.825558 -0.000000 2.411095 3.394357 0 
175 547.544449 362.607733 521.730706 362.103109 535.560641 358.561367 15.062952 15.062952 -0.000000 0.325633 2.890888 0 
177 630.123573 415.196868 587.052917 406.827733 611.707183 394.779033 27.223747 27.223747 -0.000000 0.836891 2.687021 0 
178 431.540630 686.227800 454.313194 657.156033 480.412764 705.892013 54.655419 54.655419 -0.000000 3.524132 4.220723 0 
183 313.108896 798.009879 288.879863 834.769802 295.123225 808.634357 26.033002 16.014680 -1.174136 5.749618 1.805287 0 
192 406.041914 216.036956 385.281746 231.549453 382.600081 205.630745 24.730809 24.730809 -0.000000 0.417783 1.467699 0 
195 469.002875 650.008891 485.056017 646.154449 492.108301 715.400797 69.455671 69.455671 0.000000 4.372744 4.610896 0 
206 466.040248 784.925083 432.915281 757.067392 483.239985 730.952396 55.876430 55.876430 -0.000000 1.879297 2.662916 0 
207 381.960935 232.232993 354.263998 220.748618 378.624717 199.587129 32.033236 32.033236 0.000000 1.468956 2.426358 0 
208 410.096473 174.000938 409.785154 206.007637 -27.597648 188.412928 437.650258 437.650258 -0.000000 6.250270 0.040206 0 
218 272.805423 858.368187 257.775310 850.425168 279.122939 828.145031 30.106801 30.106801 0.000000 1.776858 2.334824 0 
286 624.926374 1137.920414 650.994369 1131.999606 638.996456 1133.978262 14.652057 6.483905 -0.573302 2.868417 6.119740 0 
289 405.036358 846.051169 425.860540 847.177639 414.315833 863.109535 20.142218 20.142218 -0.000000 4.214176 5.339454 0 
295 258.467721 752.400699 283.219833 771.718323 179.892073 878.034070 147.711516 147.711516 -0.000000 5.271302 5.483535 0 
299 476.978893 344.296471 486.469371 338.795021 482.920005 343.065209 6.136503 6.136503 -0.000000 2.937241 5.405865 0 
303 629.847727 520.888066 586.790328 528.214822 604.738787 508.343768 27.786554 27.786554 0.000000 0.463324 2.305402 0 
308 743.030028 1074.870728 768.199383 1092.843258 741.109589 1102.815353 27.816703 27.816703 -0.000000 4.781004 5.930467 0 
309 675.585301 1278.185625 701.376740 1277.702153 688.547063 1278.596462 12.758470 8.754016 0.135435 3.173278 6.213592 0 
320 428.565993 740.618060 428.209248 697.393567 486.720959 717.592712 62.544947 62.544947 0.000000 2.764599 3.473999 0 
321 780.999535 1140.000240 773.095961 1116.975324 801.906913 1117.877055 29.353476 29.353476 0.000000 2.327948 3.172881 0 
332 611.004032 423.985717 584.843273 404.072718 598.285495 411.948221 15.185405 6.920242 0.678690 0.757895 3.671564 0 
351 505.000520 423.917235 538.005503 424.124725 519.920285 730.295522 306.421142 306.421142 0.000000 4.663730 4.771389 0 
355 752.277243 1146.349780 768.418328 1173.007061 748.056484 1166.365996 20.987683 20.987683 0.000000 4.920211 0.315274 0 
394 795.033923 1165.981200 811.775970 1224.925389 704.229565 1224.771078 107.516505 107.516505 0.000000 5.708616 0.001435 0 
412 79.452521 1030.059856 91.178945 1011.322933 108.993175 1037.051777 30.985265 30.985265 -0.000000 3.374004 4.106793 0 
425 425.517952 847.418761 435.749027 880.049009 406.207706 870.831856 30.373104 30.373104 -0.000000 5.402048 0.302437 0 
485 608.980850 1179.077446 622.504972 1142.279639 670.564443 1181.247296 61.343650 61.343650 -0.000000 3.176812 3.822897 0 
498 374.024160 460.051752 353.069511 461.691575 361.541106 441.076762 22.570066 22.570066 -0.000000 0.988909 1.960704 0 
507 628.221403 1141.565999 662.200522 1142.332863 642.859990 1195.783900 56.853853 56.853853 0.000000 4.448681 5.059569 0 
572 842.070541 916.921702 839.867536 943.073082 326.006791 890.545925 516.541233 516.541233 -0.000000 0.051065 0.101867 0 
600 3.708665 954.802048 22.033811 936.043807 40.036333 973.147000 40.668827 40.668827 -0.000000 3.609221 4.260650 0 
628 818.486847 841.737139 802.672265 864.435815 758.740080 813.117979 65.789299 65.789299 -0.000000 0.446713 0.862783 0 
