1 797.522850 487.270979 798.082452 486.047099 782.266798 496.363476 18.228852 16.372126 -1.126705 5.745717 5.705203 1 
2 748.773567 494.144012 749.319508 493.843478 731.082624 498.419785 18.465899 17.107905 -1.019043 6.046040 6.037325 1 
3 790.674612 497.904432 791.351823 497.414350 782.374714 496.406459 9.088684 8.042134 -1.184324 0.178559 0.111805 1 
4 736.988470 504.994632 736.872111 504.850755 731.180712 498.485019 9.192218 8.438433 -1.104646 0.842318 0.841268 1 
5 790.872982 447.186033 791.326163 447.045069 783.977991 442.738249 9.168802 8.175071 -1.331893 0.572905 0.530142 0 
6 781.889329 424.669899 781.529810 423.836925 783.873756 442.678498 18.394304 16.712915 -1.321076 4.602638 4.588622 0 
7 767.707815 379.927395 768.833356 381.464113 784.437926 388.131240 18.452294 16.868247 -1.512190 3.597502 3.545372 1 
8 797.172337 269.163356 796.610337 269.385236 782.597112 279.070083 18.366947 16.636421 1.248801 5.686216 5.678443 0 
9 791.278175 339.046625 790.719027 338.535208 784.065692 333.363908 9.081509 8.292814 1.452310 0.667319 0.660714 1 
10 278.665936 500.734894 279.081642 502.045377 295.699180 497.414396 18.154332 16.509914 1.081274 2.949065 2.869808 1 
11 797.487064 322.853574 798.445061 321.922162 783.993333 333.378445 18.442920 16.836128 1.434859 5.620770 5.612895 1 
12 787.193650 232.046761 786.867348 231.584106 780.325011 225.589450 8.981055 7.999769 1.086230 0.754541 0.741741 1 
13 777.843029 381.169777 778.261247 382.190357 784.556359 388.077676 9.132785 8.284087 -1.505282 3.941274 3.893529 1 
14 749.179534 436.407403 749.553790 433.981380 732.396614 443.995227 18.650865 17.492656 -1.274300 5.858573 5.754872 1 
15 797.681130 225.618625 797.038989 225.584410 780.217276 225.716130 18.223697 16.257796 1.075655 6.277602 6.275355 0 
16 696.134295 495.894483 696.186241 494.877177 677.835819 500.004973 18.661913 17.752380 -0.881257 6.062218 6.010698 0 
17 739.212465 448.576712 740.004605 449.000876 732.498341 444.041464 9.302663 8.620647 -1.288234 0.594078 0.583863 0 
18 291.167742 489.283515 290.995477 489.025675 295.682380 497.452415 9.070034 8.124681 1.167266 4.207505 4.204803 1 
19 783.425864 179.942368 783.586575 177.699301 777.000484 173.718723 8.817429 7.796544 0.947181 0.769451 0.543642 0 
20 748.444214 377.921150 748.713742 376.105832 732.830032 388.678116 18.740200 17.669696 -1.491488 5.679932 5.613636 0 
21 744.940734 266.800337 744.959082 263.010092 731.216303 278.074658 18.620416 17.423358 1.167950 5.595484 5.451936 1 
22 286.086385 439.010393 286.382915 441.205494 294.095994 444.045963 9.116178 8.311153 1.353792 3.702842 3.494447 1 
23 279.231243 454.857466 280.523197 455.194944 294.123214 443.977041 18.282953 16.869379 1.266760 2.510608 2.451885 0 
24 773.742704 277.706004 774.192344 279.172406 782.702645 279.013322 9.050219 8.184427 1.313523 3.286477 3.122902 1 
25 27.005848 443.866680 28.445521 443.779785 23.686091 428.521149 15.629706 10.855650 1.455631 1.357746 1.268443 0 
26 749.830422 326.945765 748.955084 327.056604 732.406358 333.172480 18.703302 17.626750 1.416832 5.939966 5.929186 0 
27 684.223985 507.753867 683.930011 505.929035 677.886251 500.065308 9.283724 8.770308 -1.036612 0.881409 0.770280 1 
28 738.539191 395.376499 739.328760 395.137716 732.948585 388.615568 9.274024 8.690450 -1.533267 0.879868 0.796401 0 
29 792.795606 171.335950 794.322548 168.891321 776.919312 173.797472 17.981046 15.805627 0.937232 6.129366 6.008406 1 
30 696.136814 438.114179 696.054151 436.271313 678.818120 445.021679 18.841306 18.133137 -1.180425 5.903674 5.813414 1 
31 602.814537 506.080324 604.613614 510.033207 623.070099 501.180687 18.774972 18.210299 -0.708828 2.904260 2.694363 1 
32 631.256797 505.712487 631.199521 505.297880 623.088893 501.238522 9.321974 9.052191 -0.873505 0.501114 0.464046 1 
33 17.928662 367.604896 17.363214 366.662917 22.529290 382.246982 15.618885 10.919896 1.548100 4.407951 4.392292 0 
34 734.596131 175.961179 734.306726 175.584010 726.476299 171.320812 8.965093 8.124299 0.815314 0.519189 0.498565 1 
35 274.878694 389.507771 275.455667 390.158176 293.291427 389.873424 18.327856 17.034529 1.473409 3.161449 3.125629 1 
36 741.188601 337.078692 739.804248 335.412685 732.469141 333.088707 9.236955 8.671254 1.433452 0.429152 0.306824 1 
37 687.761279 392.015026 686.874426 391.306118 679.116184 389.092870 9.212397 9.212397 -0.000000 0.325957 0.277895 1 
38 275.159940 338.050187 276.898678 337.926644 293.254501 335.569438 18.328561 17.004152 -1.430223 3.005343 2.998458 0 
39 743.961000 172.483064 744.384721 172.470699 726.395419 171.433898 18.192655 16.488578 0.808373 0.059658 0.057571 1 
40 739.323961 284.021457 739.281529 282.279860 731.335404 278.003670 8.899966 8.899966 -0.000000 0.645610 0.493698 1 
41 711.496709 228.619804 712.179100 231.001823 729.155812 223.997092 18.455068 17.050946 0.976444 2.885563 2.750265 1 
42 17.578245 462.781221 17.336645 463.121515 26.265460 474.420079 15.536527 10.635550 1.351671 4.071197 4.043615 0 
43 340.435679 491.126841 340.849895 492.730124 347.066336 499.269018 9.167292 8.563075 1.056855 4.028954 3.952265 1 
44 328.663802 497.951083 328.366506 500.407798 347.068497 499.216489 18.409252 17.315147 0.949493 3.210239 3.077979 1 
45 670.571045 440.953508 670.657085 441.267897 678.857250 445.102181 9.382773 8.938796 -1.201766 3.605778 3.578975 1 
46 277.873962 228.943244 278.776723 229.093272 295.498235 228.621732 18.078647 16.449328 -1.051844 3.123352 3.113401 0 
47 696.625826 383.958245 697.523571 380.961702 679.061667 389.131947 18.635231 18.635231 -0.000000 5.996727 5.866547 1 
48 279.858377 176.016361 279.846597 178.427226 297.687173 177.035679 17.866772 15.904266 -0.869030 3.198703 3.063751 1 
49 278.232155 289.039286 277.236755 290.010471 294.019037 281.598079 18.231551 16.775153 -1.228821 2.701124 2.676933 1 
50 586.015953 495.769132 585.836503 492.971072 567.327258 501.795616 18.817162 18.496407 -0.383857 5.971246 5.838299 1 
51 721.221606 220.119537 720.517905 219.927746 729.250941 223.880015 9.074510 8.407504 1.026432 3.579595 3.566578 0 
52 29.560596 348.439552 30.466899 348.561976 22.568292 335.995276 15.609780 10.843259 -1.517889 1.058871 1.009659 1 
53 285.267691 385.007638 285.765593 385.535693 293.228263 389.809359 9.120471 8.360304 1.510852 3.684353 3.661676 1 
54 327.166128 446.358408 328.068696 446.997032 345.828252 445.007781 18.549417 17.625883 1.181347 3.069346 3.030047 0 
55 381.163219 499.551549 381.396935 501.427700 400.489642 500.570962 18.632594 17.879189 0.794407 3.194291 3.096750 1 
56 409.628494 502.318343 409.971773 502.321033 400.486816 500.661778 9.082638 9.082638 -0.000000 0.179265 0.173183 1 
57 437.997561 509.904287 438.360055 510.229432 455.379474 501.516090 18.800594 18.266179 0.491739 2.691976 2.668419 1 
58 574.895871 507.972781 574.863820 507.259836 567.330157 501.874751 9.311943 9.194001 -0.803820 0.678394 0.620592 1 
59 604.365460 451.690195 605.283557 451.963315 623.645970 445.804293 18.939372 18.600619 -1.073359 2.845301 2.817970 1 
60 337.166436 443.352806 336.982636 444.280172 345.795876 445.065645 9.249158 8.706708 1.326962 3.337534 3.230482 0 
61 519.163326 507.038530 519.598909 506.848786 511.199504 501.983256 9.322932 9.265499 0.428246 0.565601 0.525038 1 
62 448.872819 493.322096 449.198651 494.691274 455.382029 501.564315 9.314303 9.094470 0.854043 4.043936 3.979764 1 
63 693.738764 214.352984 692.218636 213.798177 676.120051 222.738368 18.655319 17.677723 0.847706 5.838973 5.776251 1 
64 301.280190 286.102154 301.381650 286.047927 293.988537 281.563466 9.033967 8.236330 -1.221454 0.556763 0.545238 0 
65 695.850437 325.576687 696.231875 324.971330 678.728339 333.033053 18.931066 18.254603 1.353272 5.872470 5.851571 1 
66 691.184808 162.999520 690.288915 162.780067 673.910779 169.712372 18.384048 17.034010 0.657220 5.912537 5.882784 0 
67 291.233121 171.355420 291.725925 171.851848 297.629373 176.904860 8.824925 7.872154 -0.938107 3.856221 3.849527 1 
68 301.451081 234.815189 300.980475 234.309420 295.382022 228.458822 8.929836 8.070769 -1.052049 0.808517 0.807418 1 
69 333.420611 403.866760 333.038154 405.534937 345.118488 390.031722 18.620210 17.807589 1.454881 2.272687 2.232734 1 
70 530.961658 501.763206 530.552127 500.738463 511.154829 501.938148 18.710037 18.710037 -0.000000 6.274353 6.221416 1 
71 331.609892 182.053836 331.807131 182.276700 348.317506 174.001514 18.130470 16.606383 -0.744000 2.692485 2.676977 0 
72 640.006468 380.450571 640.516083 377.927916 623.744826 389.587712 19.102204 18.749254 -1.537350 5.771265 5.675671 1 
73 631.790975 450.970711 632.005145 450.756182 623.679723 445.857204 9.493453 9.186010 -1.226206 0.562488 0.531873 1 
74 289.229414 326.948388 289.220421 327.480348 293.181607 335.484164 9.077902 8.381365 -1.393116 4.278765 4.252820 1 
75 391.551608 461.928495 417.032807 454.048286 399.522839 445.720607 18.784620 18.201209 1.077775 2.027872 0.443935 0 
76 326.702947 332.373427 327.227118 332.972424 345.017487 334.877967 18.597130 17.807415 -1.407640 3.277501 3.248297 0 
77 680.249940 163.618010 680.202149 163.616360 673.972777 169.578414 9.078265 8.381589 0.685289 5.523666 5.519710 0 
78 642.935029 330.709472 642.309974 330.580044 623.427112 333.040182 19.069160 18.738353 1.272112 6.164274 6.153631 0 
79 630.277535 396.627263 630.849007 396.047485 623.783143 389.491169 9.460659 9.284888 -1.454631 0.832442 0.748010 1 
80 685.277106 222.316753 684.827644 221.975625 676.178951 222.609291 9.162809 8.713772 0.840668 6.251043 6.210049 1 
81 688.794400 262.136475 682.850557 260.239698 677.747558 277.372264 18.824444 18.052101 1.080830 5.339736 5.001876 0 
82 24.512771 274.604228 24.089988 273.783597 23.821416 289.919260 15.551957 10.696915 -1.418703 4.757501 4.729032 1 
83 436.594025 450.481843 435.502486 451.072491 454.737122 446.242707 18.824403 18.824403 -0.000000 2.912060 2.895581 1 
84 493.515436 454.696521 493.120440 455.991672 510.918363 446.418320 19.029433 18.862843 0.365562 2.697591 2.648093 1 
85 635.157588 161.149552 636.028937 158.173446 619.946289 168.622963 18.477468 17.398386 0.438938 5.826517 5.706994 1 
86 328.219266 228.079890 328.125945 228.458478 346.664107 226.319716 18.365697 17.179769 -0.927655 3.046452 3.026730 0 
87 518.854449 453.825991 518.137938 452.063136 510.935691 446.481936 9.461572 9.351953 1.535628 0.747762 0.659263 1 
88 584.293442 379.706563 583.729020 378.611954 567.402598 389.849418 19.081995 19.081995 -0.000000 5.742402 5.680355 1 
89 437.939841 400.615014 437.634880 402.055867 454.304409 390.132156 18.953898 18.953898 -0.000000 2.571866 2.520672 1 
90 390.746591 443.680203 390.059738 443.716900 399.506168 445.795597 9.391130 9.007064 1.291228 3.378551 3.358192 0 
91 587.236849 444.364157 587.269519 444.083566 567.483175 446.279964 18.965700 18.892277 -0.737365 6.186503 6.172632 1 
92 641.700932 271.956605 640.497753 272.139307 622.707117 276.981353 18.927868 18.516510 0.921375 6.024563 6.017454 0 
93 628.816744 172.063988 628.916058 171.918756 619.988427 168.481790 9.121794 8.576096 0.455454 0.385464 0.367492 1 
94 684.511925 340.488762 684.226047 340.050545 678.816363 332.987779 9.371885 9.014015 1.382617 0.921364 0.917169 1 
95 338.080600 383.020707 338.428548 384.040348 345.086034 389.998242 9.214920 8.795459 1.535761 3.924996 3.871592 1 
96 328.829521 272.934834 327.945882 272.970657 345.550080 280.101643 18.519198 17.535765 -1.117977 3.546528 3.526465 0 
97 0.644848 369.973399 1.430707 389.023485 -22.532489 381.833719 24.182648 24.182648 0.000000 5.810205 0.291488 0 
98 379.213247 390.721825 379.654670 393.165709 398.925745 390.149779 18.858195 18.426684 1.449908 3.112581 2.986351 1 
99 490.577612 394.553089 491.524719 395.055264 510.651073 390.026127 19.088584 19.078884 0.311660 2.919784 2.884470 1 
100 390.699704 385.532963 390.844714 385.811886 398.927544 390.081698 9.253815 9.253815 -0.000000 3.646619 3.627590 0 
101 686.036311 281.014964 686.533493 281.025027 677.836121 277.296161 9.313065 8.922038 1.169148 0.425762 0.405030 0 
102 417.772545 337.310456 417.676688 337.272909 398.807490 334.269950 18.836171 18.407837 -1.383947 0.158969 0.157823 0 
103 346.148746 325.304232 345.899729 325.165261 344.975774 334.809211 9.221002 8.766732 -1.349166 4.835174 4.807904 1 
104 573.547109 454.342822 573.170175 453.724133 567.487606 446.335181 9.501435 9.327022 -1.237747 0.923011 0.915206 1 
105 447.814305 439.651047 447.208669 439.278931 454.748638 446.313429 9.365521 9.365521 -0.000000 3.906992 3.892323 0 
106 29.089970 214.849465 29.318335 214.857752 29.935533 200.088902 15.304105 10.258455 -1.247256 1.628019 1.612563 0 
107 353.939364 230.984183 354.169140 230.834286 346.625308 226.192721 9.098217 8.451377 -0.964779 0.579954 0.551579 1 
108 352.686692 285.924952 352.265228 285.261929 345.523080 280.034615 9.203154 8.638395 -1.144461 0.688166 0.659509 1 
109 460.724060 398.555552 460.188948 397.257009 454.307194 390.062950 9.427629 9.329033 -1.562068 0.923732 0.885424 1 
110 0.569025 459.181281 -0.169215 486.875615 -3.327390 472.061537 14.407935 8.650025 1.438224 5.006148 1.360753 0 
111 493.136117 161.051912 491.313236 161.371442 509.809909 168.661290 18.583633 17.684280 -0.111827 3.569729 3.517017 1 
112 383.416230 168.914378 381.167354 170.121061 400.880896 171.579626 18.369196 17.116286 -0.579359 3.293032 3.215446 1 
113 346.650538 164.743947 346.625794 165.663037 348.308571 173.870414 8.961818 8.209903 -0.811727 4.532676 4.510159 1 
114 403.307104 162.643216 403.214955 162.728632 400.873012 171.418282 9.048360 8.447255 -0.608072 4.982973 4.975644 1 
115 639.337667 214.610821 638.270121 212.097526 621.534540 221.989139 18.767665 18.082802 0.631125 5.890293 5.749371 1 
116 417.080078 454.073696 391.014250 463.517758 400.011097 446.168632 18.296252 18.296252 0.000000 0.433714 2.049194 0 
117 546.891193 171.634084 546.085663 172.184379 565.072634 168.257925 18.531919 17.666527 0.164576 2.957991 2.937670 1 
118 520.073695 393.093057 520.081836 392.008771 510.681665 389.950884 9.475387 9.475387 -0.000000 0.322852 0.215520 1 
119 574.486155 396.814615 574.079463 395.695879 567.420934 389.790856 9.480755 9.480755 -0.000000 0.782455 0.725494 1 
120 37.712036 236.954581 36.656076 237.071619 26.342719 244.514980 15.418885 10.540305 -1.332683 5.696349 5.658030 0 
121 0.430800 414.933126 -0.393920 442.638607 -19.472262 428.694868 22.391828 22.391828 -0.000000 5.678228 0.631143 0 
123 546.977408 281.539345 548.295009 283.008589 566.670628 276.937378 18.909086 18.909086 -0.000000 2.912029 2.822489 1 
124 629.966825 339.903194 629.586057 338.559488 623.443728 332.987490 9.359923 9.359923 -0.000000 0.814604 0.736750 1 
125 384.505798 213.871312 382.109439 216.065102 399.795904 224.408491 18.579179 17.767432 -0.732125 3.745000 3.582377 1 
126 417.804134 272.835837 416.818512 273.066521 399.130194 278.827706 18.776582 18.157426 -0.990972 5.972695 5.968315 0 
127 574.308635 171.311740 573.941331 171.050335 565.078527 168.120680 9.156096 8.777691 0.225966 0.332859 0.319249 0 
128 474.238606 168.685356 473.640412 168.441492 454.901880 169.779028 18.515104 17.465031 -0.358458 6.226686 6.211927 0 
129 435.513983 222.707514 434.790366 223.916439 454.430591 223.044304 18.756887 18.118285 -0.473677 3.159395 3.097216 1 
130 525.473724 266.178661 525.150370 266.096200 510.239493 277.248665 19.008845 18.792788 -0.201895 5.654794 5.641003 0 
131 490.436160 339.569251 492.826506 342.402908 510.436974 333.437608 19.090895 19.081643 0.395205 2.844120 2.670700 1 
132 391.221653 328.827761 390.130454 329.965935 398.814933 334.225869 9.340726 9.082966 -1.334632 3.759601 3.597630 1 
133 553.568432 347.736196 554.237718 347.127845 567.152620 333.175593 19.115190 18.982757 1.042212 2.321516 2.317603 0 
134 629.081974 285.662727 628.874107 283.825033 622.755734 276.932731 9.348591 9.155661 0.963486 0.943714 0.844812 1 
135 434.772812 338.307598 436.134110 338.175788 454.112185 333.791015 18.961070 18.862951 -0.919769 2.912162 2.902368 0 
136 572.834015 341.312161 572.465620 340.707495 567.135247 333.110779 9.454663 9.454663 -0.000000 0.963532 0.958952 1 
137 517.352127 163.816165 517.865889 163.235006 509.839019 168.515321 9.161166 8.723408 -0.110277 5.724255 5.701325 0 
138 572.904719 204.090598 570.792462 202.234427 565.964846 221.780341 18.787406 18.324220 0.341573 5.086249 4.954531 1 
139 573.672935 226.560726 574.384558 226.933105 565.981051 221.684834 9.267354 9.038606 0.166851 0.564974 0.558264 0 
140 -0.659909 279.025079 -0.363189 304.885299 -18.481100 290.975638 21.694303 21.694303 0.000000 5.692477 0.654752 0 
141 446.751945 165.103769 447.387061 165.506993 454.916148 169.642591 8.905312 8.905312 -0.000000 3.648986 3.643885 1 
142 406.622081 230.257566 407.315946 229.593856 399.787836 224.302481 9.189967 8.786480 -0.826077 0.716765 0.612658 0 
143 503.158821 327.061069 503.037776 327.055066 510.464344 333.350331 9.453104 9.453104 -0.000000 3.852376 3.844731 1 
144 0.897645 326.003810 1.530918 343.017460 -22.140144 335.797826 23.896111 23.896111 0.000000 5.881206 0.296036 0 
145 461.702013 339.210177 463.433837 338.979885 454.121425 333.725763 9.432388 9.299487 -1.409871 0.626312 0.513685 1 
146 518.553012 225.015008 519.302731 225.119081 510.060389 221.990666 9.201253 9.201253 -0.000000 0.342111 0.326382 0 
147 407.444857 282.090989 407.668938 282.172250 399.113417 278.778389 9.320279 8.946311 -1.108302 0.378438 0.377647 1 
148 436.289042 286.603815 437.125806 287.983918 454.214550 277.885604 18.901321 18.571922 -0.709038 2.688918 2.607866 1 
149 522.876895 207.061816 520.713186 207.417223 510.009136 222.130559 18.841454 18.346329 -0.084389 5.419164 5.341338 0 
150 629.979190 217.348833 629.363362 217.188876 621.591991 221.844831 9.255816 8.915122 0.647897 5.791112 5.743416 1 
151 445.887172 272.422970 445.737590 273.882159 454.210979 277.810943 9.362626 9.191089 -0.873246 3.716065 3.575749 0 
152 462.176029 227.896277 462.759906 226.880932 454.427156 222.884373 9.238887 8.929977 -0.575802 0.574116 0.447212 0 
153 -0.980033 233.491097 2.781581 259.155001 -1.733254 247.148180 13.145364 7.205311 -1.500786 4.767486 1.211130 0 
154 576.666671 276.667185 576.089745 276.014011 566.715833 276.864379 9.379631 9.329017 1.050134 6.263371 6.192716 1 
156 501.185774 272.937024 501.796319 273.240264 510.277187 277.164751 9.375160 9.375160 -0.000000 3.576870 3.574995 1 
158 -0.383322 191.136518 -0.742024 220.289678 -0.914606 205.279226 14.899218 9.542293 -1.266889 4.749937 1.559299 0 
161 1022.542230 214.710640 1020.489549 183.363327 1023.654062 198.764233 14.593714 8.455208 1.348449 1.640407 4.509734 0 
163 1021.765793 204.029727 1022.403900 191.665389 1032.035646 197.603409 11.073386 11.073386 -0.000000 2.582457 3.694060 0 
196 577.244133 486.750743 585.762494 495.699984 566.655209 505.172174 20.939356 20.939356 -0.000000 5.234085 5.822954 0 
