1 849.960449 513.722240 850.024908 513.327469 840.346127 514.907583 10.831929 9.233155 -1.241042 6.160515 6.121357 0 
2 824.950820 531.409532 825.439755 531.239406 840.168189 514.848155 21.843168 18.778290 -1.197271 2.313927 2.302812 0 
3 856.097033 368.858712 856.829509 367.063994 843.193283 385.275022 22.050866 19.272884 1.556510 5.378555 5.355115 1 
4 831.045300 468.473798 831.227015 470.873031 842.576376 450.498238 21.977371 19.173790 -1.393548 2.141163 2.079020 1 
5 796.266166 241.651470 795.545404 237.450600 780.462653 253.877637 22.085522 19.861111 1.085035 5.624728 5.455150 1 
6 799.966565 436.745787 798.058914 436.974149 782.950112 451.834427 22.458892 20.491555 -1.366402 5.557762 5.506080 0 
7 763.847328 534.134387 765.472341 533.863742 780.769345 517.542275 22.278959 20.060149 -1.106782 2.366038 2.323805 0 
8 831.351004 338.143064 832.738787 341.156132 842.073454 320.297559 21.850986 19.073019 1.351118 2.111840 1.991588 1 
9 852.195391 448.793576 852.714365 448.658961 842.755988 450.553365 10.926517 9.379617 -1.407034 6.098871 6.095199 0 
10 791.724392 516.568324 790.557339 515.945884 780.930061 517.604776 11.026086 9.874623 -1.181554 6.187461 6.112549 1 
11 852.976927 387.450964 853.288341 386.216127 843.370668 385.211855 10.837767 9.445522 1.540063 0.229000 0.100917 0 
12 241.449477 524.151445 243.270633 524.662488 256.957003 510.374663 21.788694 19.322100 1.167344 2.415227 2.334697 0 
13 831.973798 319.570116 835.000000 322.000000 842.183808 320.217155 10.755854 9.355878 1.346455 3.204881 2.898332 1 
14 792.761336 455.009449 793.293813 455.148159 783.117771 451.898391 11.145154 10.093826 -1.387282 0.312064 0.309118 0 
15 800.470556 305.780909 798.801710 304.711637 782.679093 318.927905 22.358117 20.378320 1.315323 5.646794 5.560540 1 
16 800.958350 372.173734 801.175408 371.738324 783.564919 385.265712 22.458369 20.617622 1.544266 5.637961 5.628173 1 
17 793.562885 319.185691 792.719334 318.957136 782.794257 318.811547 10.999113 9.985635 1.306853 0.034730 0.014668 1 
18 829.053625 271.769505 828.407853 274.304940 839.335330 256.532129 21.627264 18.582090 1.176104 2.164387 2.122058 1 
19 794.961832 385.508638 792.738291 382.958357 783.750310 385.167014 11.082086 10.111048 1.487851 0.030461 6.042225 1 
20 830.160858 254.334621 829.568358 254.795570 839.480179 256.401271 10.648450 9.150170 1.204380 3.359821 3.302196 0 
21 764.003081 206.517160 764.696059 205.979078 776.889518 191.059472 21.709683 19.118633 0.909312 2.265727 2.255984 0 
22 720.722621 497.434242 720.457277 496.462972 717.795765 519.486486 22.624246 21.156809 -0.979549 4.844342 4.827478 0 
23 791.085064 254.967863 790.749323 254.751568 780.656158 253.742658 10.858156 9.736767 1.083526 0.116946 0.099629 1 
24 247.356681 508.061110 246.476827 507.843467 256.897045 510.433535 10.879277 9.463089 1.206763 3.385321 3.385217 0 
25 786.940153 192.288413 787.457799 192.231305 777.022328 190.859092 10.689261 9.400728 0.931116 0.143131 0.130745 0 
26 827.330821 212.643732 827.198856 213.105759 835.058283 194.842449 21.305517 17.876107 1.006570 1.980346 1.977181 1 
27 243.738237 462.796676 243.482656 463.278020 256.268972 446.117927 21.923791 19.742495 1.380462 2.215129 2.211166 1 
28 246.729496 443.537048 246.225630 443.733202 256.181222 446.207253 10.909414 9.667780 1.403593 3.416927 3.385167 0 
29 302.199024 529.318932 302.673437 528.937515 317.549527 513.950478 22.235906 20.612663 1.049428 2.355610 2.352479 0 
30 762.127480 133.833987 764.173650 134.906911 772.313835 130.967165 10.443341 8.864572 0.757186 2.867251 2.690837 1 
31 726.639251 189.145555 725.928926 187.908816 715.505771 187.731877 10.849586 9.860033 0.758111 0.126300 0.016974 1 
32 728.964362 520.285806 727.778003 519.083110 717.898036 519.561433 11.213767 10.426150 -1.102821 0.065364 6.234810 1 
33 758.798791 144.495019 759.374938 145.309579 772.181265 131.129729 21.241205 18.080041 0.756463 2.356837 2.305341 1 
34 824.458070 191.772013 826.033823 193.201223 835.214128 194.635381 10.495505 8.770482 1.013924 3.401768 3.296561 1 
35 739.459734 441.401666 739.595259 440.825699 719.668748 452.796368 22.801207 21.629274 -1.299395 5.760786 5.742221 1 
36 663.433032 523.256857 662.839965 522.649335 652.091056 520.804803 11.286561 10.914651 -0.946187 0.212916 0.169947 1 
37 720.137021 122.364172 720.508684 121.834426 711.886648 127.132353 10.643305 9.275471 0.631140 5.759148 5.732199 0 
39 306.510295 511.515093 307.190927 512.158073 317.508433 514.014391 11.075754 10.136744 1.112690 3.365045 3.319607 1 
40 729.839848 118.357804 729.841559 118.274008 711.790239 127.363005 21.544427 18.935667 0.607043 5.820407 5.816735 1 
41 735.117831 368.295743 735.264326 366.878321 720.254558 385.133332 22.848679 21.711605 1.529969 5.435588 5.400537 1 
42 241.853868 394.941378 241.594811 397.814650 256.841665 381.226349 21.909272 19.869911 -1.539034 2.400508 2.314082 1 
43 733.229039 177.649159 733.230243 176.692091 715.403372 187.939005 22.056004 20.100338 0.765348 5.759663 5.720357 1 
44 819.599977 136.487797 821.948074 137.962132 829.536572 135.790079 10.272836 8.398204 0.879841 3.071491 2.862817 1 
45 731.550778 385.168849 730.937121 384.682684 720.345140 385.042452 11.253209 10.684347 1.459720 0.011279 6.249232 1 
46 731.980532 234.009703 726.104077 232.909157 718.117038 251.676224 22.426219 20.955276 0.974050 5.377751 5.114758 0 
47 730.499187 450.860574 730.960190 450.732354 719.768480 452.847449 11.312939 10.655872 -1.331755 6.100101 6.096401 1 
48 735.157469 302.558831 735.122650 300.942025 719.731045 317.739008 22.718445 21.465491 1.230152 5.505832 5.454154 1 
49 731.163807 316.493917 730.739275 316.161932 719.881167 317.613389 11.206159 10.550132 1.221451 6.184288 6.150298 1 
50 242.784134 327.065588 241.386683 331.102308 258.724305 316.560861 21.801845 19.642606 -1.307500 2.558910 2.443683 1 
51 630.983230 531.912391 631.000000 532.000000 652.031086 520.740181 22.832197 21.973381 -0.800954 2.653609 2.650036 1 
52 650.567956 103.748073 650.039444 104.763017 648.917578 124.564417 21.756352 19.502096 0.418925 4.791506 4.768984 0 
53 364.029584 529.852261 363.923111 531.025516 381.522578 516.896879 22.600610 21.564841 0.882998 2.504132 2.465154 1 
54 658.555839 119.642540 657.338349 119.979532 648.977592 124.339287 10.745923 9.573157 0.445669 5.827283 5.802522 1 
55 817.976540 148.169036 818.527600 150.714566 829.408438 135.923434 20.875333 17.051404 0.883402 2.321842 2.205039 1 
56 729.496885 252.225890 728.825103 251.990799 718.255838 251.537577 11.076114 10.299184 1.013818 0.061156 0.042855 1 
57 304.211961 465.705709 303.622787 466.677217 317.186246 448.385875 22.379447 21.010184 1.309586 2.213721 2.208850 1 
58 247.200908 375.958159 248.126998 376.512217 256.715350 381.131514 10.867941 9.735590 -1.556455 3.639615 3.635064 1 
59 392.734629 519.304462 391.362498 519.013573 381.500250 516.967896 11.249808 10.633314 0.999397 0.205060 0.204525 1 
60 563.809039 533.180672 564.955681 533.253399 584.418552 521.096337 22.921465 22.497639 -0.451249 2.611272 2.583261 0 
61 660.092610 166.638316 660.273450 165.712974 651.291504 185.697485 22.292179 20.804588 0.561606 5.144994 5.134782 1 
63 327.478433 449.543051 327.726220 449.341943 317.102286 448.430965 11.155977 10.349422 1.351963 0.106770 0.085538 0 
64 245.414019 268.147235 246.192420 267.588025 261.852423 253.067661 21.582191 19.132842 -1.114048 2.399281 2.393938 0 
65 267.492149 321.736665 267.464677 321.150116 258.598635 316.445389 10.749655 9.685404 -1.306362 0.536705 0.487863 0 
66 299.730619 394.295579 299.181878 397.110479 317.760259 382.030904 22.391991 21.119864 -1.534387 2.544245 2.459774 1 
67 675.092286 442.997319 673.746803 443.201799 653.513530 453.278139 23.039650 22.466579 -1.217887 5.838569 5.821132 0 
68 367.993221 467.327429 368.397810 470.774777 381.423082 450.235766 22.799731 21.981340 1.201334 2.236791 2.135964 1 
69 429.233003 531.362279 428.511847 532.679942 447.982899 519.140696 22.890436 22.221169 0.571910 2.563938 2.533993 1 
70 572.633392 519.476018 573.217108 519.761987 584.432115 521.175978 11.310991 11.177596 -0.783465 3.284688 3.267011 1 
71 591.989265 104.015958 591.510336 104.469043 584.423868 122.973545 21.861806 19.974839 0.183925 5.092093 5.078119 0 
72 526.094126 526.172381 527.140848 526.384707 515.999429 520.629541 11.363623 11.251458 0.571978 0.502140 0.476804 1 
73 283.081300 176.985503 282.282035 177.597484 266.035391 191.699828 21.233012 18.445392 -0.945597 5.571068 5.568325 0 
74 668.889630 235.241296 669.220819 234.449466 652.989235 250.044013 22.645339 21.698766 0.766799 5.533523 5.517801 1 
75 251.891803 254.039810 252.018755 254.999712 261.784267 252.978376 10.642503 9.381608 -1.126106 3.034704 2.937488 1 
76 503.771890 539.432046 503.429655 540.667364 515.966952 520.581266 23.038071 22.552598 0.181096 2.145008 2.128804 1 
77 595.230212 118.963033 593.957430 119.015504 584.443895 122.699829 10.802144 9.884022 0.240582 5.949687 5.913699 1 
78 643.206002 449.821243 642.506311 449.852189 653.585322 453.323633 11.483817 11.088287 -1.344060 3.467034 3.445238 0 
79 661.720270 185.934934 663.110895 185.554091 651.372480 185.444101 11.000857 10.205947 0.589919 0.047398 0.009370 0 
80 300.459208 329.320263 301.097214 329.552966 319.359166 315.968570 22.269562 20.894884 -1.250267 2.526557 2.502031 1 
81 668.565849 366.518324 667.917080 365.050877 654.105240 384.955237 22.816354 22.816354 -0.000000 5.377501 5.319016 1 
82 596.262074 180.751120 595.807462 180.571304 585.434732 184.182142 11.020132 10.417276 0.263679 5.976311 5.948196 1 
83 435.404177 517.796176 437.683558 519.035124 447.993819 519.217465 11.352464 11.002500 0.841687 3.254010 3.159276 1 
84 641.940198 382.655081 643.378727 383.926435 654.181015 384.825487 11.398568 11.128107 1.353320 3.317078 3.224629 1 
85 327.837128 109.057618 327.679568 109.380982 329.565076 128.871592 21.252711 18.476629 -0.652801 4.625401 4.615950 0 
86 252.728956 143.302123 252.659597 144.004259 271.233183 133.056228 20.820449 17.450840 -0.785964 2.635909 2.608973 1 
87 675.887844 307.126768 675.164871 306.939756 653.936835 316.790260 22.964996 22.316770 1.117734 5.868486 5.848723 1 
88 306.991182 379.641515 307.609768 379.877357 317.687380 381.957177 11.057591 10.414813 -1.524682 3.354796 3.345116 1 
89 370.660340 447.474845 370.426370 447.732462 381.388119 450.284656 11.366079 10.826587 1.305013 3.397757 3.370345 0 
90 427.466264 464.306225 428.028542 464.171066 448.222815 451.747780 22.891562 22.891562 -0.000000 2.597479 2.590080 1 
91 582.920207 206.721333 586.000000 206.000000 585.417646 184.332663 22.371174 21.208726 0.278327 1.681886 1.543926 1 
92 394.235677 115.912093 394.237937 115.727526 390.852001 125.455432 10.591986 9.510567 -0.476912 5.053119 5.047338 0 
93 530.432973 119.546944 529.526231 119.630391 519.236124 122.424615 10.788707 9.848697 -0.020531 6.031623 6.018034 1 
94 274.498539 195.067298 274.535872 194.755984 265.880308 191.426113 10.452092 9.059291 -0.952760 0.399749 0.367255 1 
95 447.869413 103.964377 447.939413 104.974360 454.364473 123.594069 21.831938 19.740820 -0.281882 4.392849 4.380115 0 
96 304.000000 196.000000 305.110843 197.044685 325.387092 188.562405 21.696048 19.538257 -0.801478 2.806914 2.745380 1 
97 663.835717 246.117019 663.378228 245.862214 653.075828 249.932076 10.959551 10.959551 -0.000000 5.942451 5.906962 1 
98 330.125049 316.272182 329.243360 316.030788 319.264757 315.840800 10.991553 10.289127 -1.250882 0.039700 0.019037 1 
99 530.892828 103.878292 530.238144 102.758965 519.191470 122.689474 21.965703 20.032341 -0.055194 5.268859 5.218497 0 
100 280.713796 133.251986 280.536759 132.841298 271.140648 132.840818 10.229972 8.695204 -0.836051 0.042924 0.000051 1 
101 459.311550 454.252217 459.492300 454.276446 448.190375 451.796117 11.491574 11.184171 1.214735 0.217360 0.216036 0 
102 300.375364 258.852703 301.581313 260.993828 321.955306 251.162689 22.033465 20.312425 -0.980013 2.799272 2.692015 1 
103 311.238058 249.942558 311.813422 250.502698 321.882485 251.035588 10.878115 9.993187 -1.020021 3.243920 3.194467 1 
104 598.060047 389.164324 597.238745 387.052465 586.109680 384.452578 11.493347 11.367146 1.240006 0.375562 0.229497 1 
105 397.135235 105.805933 397.042049 105.599537 390.867531 125.700233 21.578304 19.225925 -0.484189 5.017596 5.010419 1 
106 364.395505 396.289648 364.080263 398.691430 381.972452 382.834118 22.792306 22.118969 -1.509688 2.488232 2.416415 1 
107 600.375025 435.908341 600.488778 433.249922 585.477779 453.285886 23.138269 22.993232 -0.995811 5.421089 5.355380 1 
108 535.055596 439.152458 536.146353 436.968308 516.579586 452.768104 23.196517 23.023515 0.365531 5.648097 5.603899 1 
109 323.212695 136.892081 322.957772 137.299362 329.543857 128.652711 10.431285 9.177504 -0.685984 2.225972 2.221738 0 
110 393.137695 382.352279 393.165226 381.560686 381.939157 382.698161 11.259435 10.911266 -1.559389 6.252309 6.182206 1 
111 573.505414 450.601317 573.738658 451.141235 585.476664 453.357322 11.459466 11.459466 -0.000000 3.367869 3.328192 1 
112 603.619645 368.957996 604.219362 368.264070 586.063514 384.563242 23.146392 23.146392 -0.000000 5.556549 5.551622 1 
113 462.091648 115.683362 461.000000 113.000000 454.402562 123.375437 10.712105 9.744515 -0.288671 5.497593 5.278767 1 
114 334.759665 192.042861 335.007841 191.988901 325.326443 188.353098 10.684264 9.630411 -0.849913 0.372850 0.359249 1 
115 528.375459 314.582993 529.677522 314.186911 517.776442 315.496951 11.360184 11.309766 -0.286792 6.197168 6.173549 0 
116 535.786796 233.855642 535.820136 232.068090 518.317890 248.594583 22.833399 22.257679 -0.092451 5.582346 5.526454 1 
117 665.226837 316.920302 665.229075 316.650691 653.985328 316.678935 11.347529 10.976874 1.109029 0.021468 6.280673 0 
118 530.404613 179.756630 528.614158 179.115901 518.825588 183.768078 11.028906 10.480258 -0.025716 5.949685 5.839520 1 
119 371.858473 311.823040 374.046271 314.733896 383.268423 315.481875 11.180722 10.798729 -1.210629 3.451904 3.222522 1 
120 426.808873 393.030115 427.284860 392.916315 448.781297 383.473032 22.981595 22.981595 -0.000000 2.731318 2.727676 0 
121 437.338417 379.806986 438.075514 380.652132 448.769659 383.363031 11.387832 11.284831 1.554473 3.443184 3.389857 1 
122 466.090250 166.670034 464.000000 164.000000 452.550883 184.626625 22.311936 20.932911 -0.362078 5.358449 5.219113 1 
123 398.800178 187.286838 398.358031 186.729847 387.788648 185.949533 10.830350 10.138405 -0.637935 0.120854 0.073694 1 
124 599.088285 230.902317 599.288706 229.806267 586.072432 249.003664 22.791898 22.156946 0.396471 5.335789 5.315315 1 
125 463.233637 185.451725 463.622651 185.344813 452.561317 184.372435 10.944449 10.338408 -0.341121 0.100787 0.087682 0 
126 500.204786 195.983726 499.734639 197.327619 518.760101 184.005954 22.441747 21.242013 -0.039141 2.568375 2.530731 1 
127 369.469018 198.811456 369.777163 200.068412 387.815292 186.160776 22.052673 20.435497 -0.603231 2.537914 2.484778 1 
128 572.235092 335.196897 572.466901 335.942261 586.293780 316.064433 22.940200 22.940200 -0.000000 2.204503 2.178558 0 
129 536.088637 370.106506 536.246115 368.216325 517.161793 384.059747 23.197192 23.167094 -0.978596 5.647914 5.590311 1 
130 527.871713 451.897916 528.668113 451.753003 516.618562 452.815275 11.528736 11.375542 1.389682 6.201845 6.195254 0 
131 403.733306 304.913668 402.768564 305.026530 383.292106 315.592619 22.638166 21.880169 -1.143976 5.801761 5.786114 0 
132 431.708837 261.197053 431.336307 261.718320 451.062210 248.879594 22.670575 21.938855 -0.513805 2.574802 2.564616 1 
134 429.855049 328.822667 429.948352 328.845597 449.733461 315.471684 22.923481 22.591241 -0.748247 2.550160 2.547185 1 
135 597.240035 252.181808 596.795278 251.662961 586.111893 248.827570 11.245394 10.972027 0.500744 0.292759 0.259421 1 
136 573.836820 314.628958 574.875784 316.188469 586.286781 315.949519 11.383578 11.263515 0.876677 3.247267 3.120655 1 
137 365.879964 262.833669 366.525915 263.346095 385.295036 249.716228 22.424263 21.271651 -0.805077 2.547409 2.513508 1 
138 530.495610 250.526748 529.129895 249.503836 518.350945 248.435765 11.168310 11.168310 -0.000000 0.170501 0.098766 1 
139 375.798032 243.969739 375.773291 244.539201 385.264401 249.593236 11.063044 10.508200 -0.936413 3.677626 3.630903 1 
140 532.854076 296.551068 529.149063 292.870186 517.756001 315.635380 23.085503 22.917759 0.022083 5.381695 5.176404 1 
141 437.869653 313.730346 438.859865 314.493327 449.720647 315.348941 11.306218 11.171145 -1.229844 3.277332 3.220210 1 
142 529.279443 385.532544 528.509673 384.373974 517.203452 383.932959 11.512760 11.412270 1.432329 0.131693 0.038987 1 
143 462.461850 247.279167 462.100677 246.979425 451.043980 248.694682 11.164427 10.881541 -0.587879 6.159841 6.129279 1 
173 586.058132 207.331093 574.060168 201.849562 590.562333 174.052875 32.137490 32.137490 -0.000000 1.705329 2.106551 0 
