1 256.125020 571.932420 256.908318 571.103020 266.745388 558.655216 19.424708 15.675959 0.656639 2.245473 2.239573 0 
2 805.904313 557.085253 804.967393 555.347998 787.457658 564.695551 19.187048 15.279343 -0.661659 5.891901 5.792827 1 
3 715.165725 575.144563 714.897797 576.130133 733.479138 567.393005 19.573062 16.022525 -0.541741 2.741186 2.702060 1 
4 782.819035 573.360624 783.428016 573.250772 787.562214 564.849301 9.499972 7.556337 -0.699195 2.079211 2.028088 1 
5 739.320915 573.054582 739.793674 573.465321 733.578832 567.548132 9.655359 7.980893 -0.588608 0.764453 0.760869 0 
6 815.935887 407.559151 815.979413 406.333866 810.104378 399.324562 10.144916 8.895339 -1.073702 0.954606 0.873206 1 
7 248.273715 518.863240 249.242710 518.422668 260.509728 506.106036 19.973866 16.763686 0.746263 2.335344 2.311718 0 
8 794.462784 523.146308 794.719960 522.018726 795.830761 513.064720 9.755932 8.046084 -0.810322 1.705663 1.694222 1 
9 813.939716 508.456820 815.438917 506.796332 795.726684 512.889599 19.720031 16.368738 -0.778232 6.044442 5.983391 1 
10 257.217101 557.332400 257.836478 557.813797 266.731551 558.781446 9.609801 7.741934 0.700886 3.292731 3.249951 1 
11 797.493509 450.195179 797.906652 450.878108 803.430468 457.600496 9.964661 8.503395 -0.926987 4.036603 4.024553 1 
12 785.941377 467.338811 785.478909 468.009282 803.299852 457.536864 20.208125 17.316980 -0.905216 2.627550 2.610306 1 
13 725.434102 527.522893 724.232282 528.696241 740.497531 514.748137 20.112981 17.297626 -0.658112 2.438223 2.432737 1 
14 303.880457 569.105121 305.393470 569.598532 321.700751 562.647754 19.803098 16.438589 0.512450 2.793949 2.738674 0 
15 697.275922 565.410943 697.161053 563.555065 676.959100 569.239577 19.852055 16.670491 -0.407812 6.096923 6.008893 1 
16 312.302540 560.438734 311.893497 560.658428 321.716945 562.797855 9.772331 8.181338 0.562556 3.387123 3.356032 0 
17 828.965666 392.889666 829.704547 391.726161 810.008148 399.260822 20.618029 18.112574 -1.069168 5.958969 5.917821 1 
18 251.347902 503.602279 250.659266 503.721854 260.465130 506.278943 9.866816 8.301681 0.805738 3.427152 3.396683 0 
19 834.560079 333.331369 835.226434 331.867308 815.672113 338.604660 20.968850 18.657654 -1.262743 6.010930 5.951378 1 
20 683.360068 575.682378 683.107750 575.182327 677.014462 569.390103 9.783782 8.307557 -0.441621 0.781178 0.760073 1 
21 369.279563 580.759633 368.971546 582.053755 379.053712 565.810233 20.047094 17.027688 0.378157 2.149849 2.126289 0 
22 234.891974 453.059729 236.469450 456.002397 254.843519 450.397608 20.431437 17.751451 0.865450 3.008947 2.845520 1 
23 749.608224 517.970650 750.120811 516.599670 740.624059 514.953599 9.978435 8.587521 -0.701163 0.323986 0.171625 1 
24 811.725724 270.975421 811.700036 271.899856 820.248046 276.276333 10.434208 9.326381 -1.495856 3.698034 3.614784 1 
25 773.943343 323.281140 773.669463 321.242298 757.585681 337.222748 21.451324 19.912987 -1.212815 5.577358 5.501010 1 
26 766.185933 454.202847 767.780874 452.931088 746.953930 458.499582 20.652419 18.391871 -0.796305 6.063379 6.021927 1 
27 631.071408 584.284350 630.601932 582.425735 618.441366 570.365256 20.087817 17.248440 -0.264700 0.833914 0.781266 0 
28 838.309968 266.971485 837.012590 266.687022 820.045862 276.285448 21.259716 19.020294 -1.499141 5.811601 5.768353 0 
29 230.838543 397.088106 231.551072 399.986026 249.990009 391.766443 20.816455 18.636059 1.026696 2.870558 2.722259 1 
30 739.936600 451.978768 740.347103 452.514819 747.109246 458.582401 10.156034 9.092728 -0.831679 3.885710 3.872907 1 
31 612.971420 578.719861 613.281706 578.336840 618.483576 570.522200 9.916461 8.654935 -0.281445 2.162762 2.158100 1 
32 822.795577 342.871676 824.282337 343.323671 815.840357 338.683530 10.329313 9.129123 -1.226514 0.542005 0.502575 1 
33 245.635423 447.680727 245.010821 447.692617 254.761511 450.455952 10.076970 8.743887 0.919153 3.436805 3.417750 0 
34 762.797277 398.360494 762.275098 398.191070 752.767045 399.121160 10.382920 9.433139 -0.971929 6.207493 6.185674 1 
35 772.822334 394.798901 772.640345 394.513238 752.660409 399.133938 21.038668 19.208202 -0.955072 6.071399 6.055914 0 
36 301.381123 518.896878 301.065467 519.675217 316.868681 509.352100 20.342367 17.611701 0.613887 2.589284 2.562951 1 
37 690.765543 520.934991 690.592851 520.289245 682.542777 516.228498 10.101648 8.924989 -0.529822 0.519858 0.467190 1 
38 806.279253 226.522104 808.999220 226.232039 822.961332 213.110612 21.391093 19.089757 1.443481 2.464450 2.387225 1 
39 370.810158 559.177623 370.510831 559.605405 379.087280 566.005836 9.872213 8.490871 0.415988 3.831363 3.782709 1 
40 422.272170 577.603313 421.750577 579.763553 438.151821 568.287584 20.256302 17.422803 0.227868 2.611050 2.531067 1 
41 297.053699 462.603838 295.614494 464.081398 312.437093 452.763834 20.811928 18.670916 0.718830 2.572527 2.549384 1 
42 663.428578 522.748017 662.170440 526.018607 682.491240 516.040867 20.440549 18.019118 -0.501077 2.803273 2.685162 1 
43 784.796047 204.711539 784.724306 203.097830 763.894593 208.983489 21.870953 20.352668 1.384295 6.081577 6.007804 1 
44 307.090626 507.205165 306.910225 507.688447 316.827187 509.556460 10.040191 8.795565 0.668216 3.378547 3.327777 0 
45 485.649486 584.159654 486.367459 584.690174 498.247923 569.932306 20.334248 17.616729 0.079777 2.295547 2.248594 1 
46 776.015079 256.965800 775.590379 255.749213 761.337815 273.555559 21.681966 20.296663 -1.456999 5.436697 5.387386 1 
47 229.766756 336.101559 227.420341 339.000617 246.179057 330.686691 21.138246 19.198340 1.231122 2.822911 2.724405 1 
48 240.563565 389.426324 240.226692 389.680172 249.910318 391.793441 10.273379 9.195450 1.078029 3.389633 3.356455 0 
49 565.402786 587.266289 567.052192 588.330685 558.645107 570.591521 20.227263 17.570864 -0.111589 1.185760 1.128223 1 
50 357.877875 520.121826 359.121839 522.965008 375.744663 512.098091 20.642632 18.233638 0.466744 2.719499 2.562596 1 
51 428.133273 566.433372 428.042954 566.415900 438.170097 568.455821 9.956414 8.701010 0.247635 3.340433 3.340364 0 
52 828.583272 222.010519 828.759027 222.283403 823.109750 213.077322 10.504004 9.393414 1.452153 1.021078 1.020403 0 
53 565.949761 576.902629 566.026304 576.681976 558.660082 570.748977 9.959874 8.752185 -0.113669 0.701094 0.678045 1 
54 767.436394 339.045645 767.701700 338.502686 757.773247 337.315586 10.559388 9.769565 -1.204143 0.177160 0.119000 1 
55 642.816068 515.185549 644.269236 514.668793 622.302450 516.680556 20.685542 18.561407 -0.313705 6.210435 6.191858 1 
56 507.564973 574.864535 507.974305 574.412632 498.306734 570.079627 10.011018 8.872971 0.093693 0.477018 0.421356 1 
57 774.068004 212.994771 774.033364 212.315589 764.073581 208.923057 10.767781 10.017586 1.384523 0.386868 0.328297 1 
58 223.518669 273.063384 224.014355 273.417858 243.417882 267.992187 21.399156 19.607472 1.456798 2.892060 2.868934 0 
59 769.688080 279.913282 770.538836 279.415935 761.503435 273.537220 10.640589 9.958967 -1.423756 0.661821 0.576819 1 
60 708.132166 451.669936 707.763411 451.056081 687.520525 458.962227 20.974631 19.249978 -0.631183 5.943134 5.910840 1 
61 694.670143 466.466160 694.364388 465.793093 687.626753 459.010790 10.350898 9.521324 -0.666873 0.813805 0.788702 1 
62 632.285982 517.352408 632.637148 517.342911 622.354520 516.876506 10.214197 9.243724 -0.367260 0.047882 0.045328 0 
63 250.934207 341.888085 251.176664 339.452346 246.111044 330.725545 9.940783 9.940783 -0.000000 1.162940 1.044863 1 
64 635.854889 462.859162 635.925653 462.006097 625.915313 459.191183 10.522560 9.870983 -0.488044 0.353525 0.274122 0 
65 385.276440 514.348474 385.923110 514.285838 375.731476 512.260772 10.182945 9.116580 0.539443 0.215332 0.196144 0 
66 322.276048 455.498645 322.600311 455.407244 312.387653 452.848446 10.250411 9.277781 0.751443 0.261857 0.245498 0 
67 438.565125 535.221917 440.276787 532.310187 436.500279 514.308338 20.862060 18.658680 0.286756 1.472383 1.364011 1 
68 712.712910 403.997217 713.044850 404.073564 692.149956 398.763951 21.405063 20.170629 -0.781068 0.249209 0.248844 0 
69 717.705836 331.628748 717.693087 329.821255 696.134771 335.944129 21.762600 20.904319 -1.033201 6.085738 6.006458 1 
70 649.000000 457.000000 646.786777 455.346009 625.869796 459.130978 21.260207 19.916223 -0.438296 6.191315 6.104170 0 
71 570.477232 520.030676 570.484022 519.757629 560.676601 516.866286 10.271671 9.409014 -0.179215 0.312310 0.286690 1 
72 250.565288 210.963717 250.015816 210.233777 241.853400 204.354563 10.639209 9.670210 -1.448712 0.649005 0.624207 1 
73 701.770712 402.062884 702.083398 402.012202 692.288163 398.881938 10.564047 9.929672 -0.821939 0.323657 0.309313 0 
74 446.307411 513.955592 447.056914 513.583161 436.497113 514.516259 10.264526 9.308012 0.329439 6.226097 6.195051 0 
75 220.932823 202.964828 222.027434 203.148382 241.962923 204.427121 21.465344 19.706675 -1.406755 3.211014 3.205649 0 
76 250.338038 276.787357 249.870053 275.801094 243.232626 267.949334 10.520757 9.618955 1.507262 0.893646 0.869012 1 
77 328.122999 384.997726 325.370710 383.828249 308.640737 393.105525 21.264428 19.621323 0.874134 5.888823 5.776871 0 
78 581.765657 514.097153 582.333692 513.088137 560.666122 516.645303 20.845118 18.797808 -0.110477 6.162999 6.120467 1 
79 281.339923 204.850400 280.846173 205.197111 302.507345 202.058782 21.953895 20.926441 -1.323843 3.010467 2.997711 1 
80 318.985359 395.294234 318.374883 394.911017 308.566554 393.169677 10.478840 9.698405 0.945604 0.201158 0.175706 1 
81 711.120594 211.011596 712.385162 210.233852 701.439404 205.401824 10.997354 10.510193 1.254458 0.525173 0.415723 1 
82 281.975808 271.014377 282.012482 271.332830 303.547425 266.963861 21.853613 20.803313 1.415523 2.955983 2.941431 0 
83 712.816169 253.456815 713.065438 252.484055 699.200241 271.173191 21.740692 21.740692 -0.000000 5.367657 5.350676 1 
84 283.308902 329.855398 284.294636 330.773283 305.657418 330.931062 21.568619 20.353270 1.108765 3.189687 3.148978 1 
85 382.676480 460.051267 381.875868 459.401107 372.677151 454.983134 10.447937 9.629007 0.579028 0.469110 0.447749 1 
86 480.754809 526.225954 481.145945 527.289040 498.403725 515.808018 20.972350 18.802776 0.089028 2.608345 2.554560 1 
87 357.282234 468.889626 357.788997 468.505154 372.688217 454.896078 21.191613 19.447400 0.547183 2.404200 2.401419 0 
88 715.118652 188.440012 715.530046 187.727393 701.301918 205.456342 22.266353 21.415316 1.243305 5.394386 5.388675 1 
89 709.580387 271.799729 710.321897 271.588700 699.311252 271.132467 10.834556 10.515390 -1.372335 0.064886 0.041412 0 
90 651.285380 393.773464 651.016650 393.527654 629.147143 398.246619 21.708906 20.760465 -0.485472 6.083814 6.070665 0 
91 412.928569 460.584493 414.168889 463.024134 435.026902 456.646592 21.443014 19.909335 0.340786 2.965245 2.844860 1 
92 571.030508 464.968602 571.658414 464.916001 562.649954 458.957078 10.598356 10.052222 -0.185884 0.622255 0.584404 0 
93 491.344239 522.718327 491.228653 523.279835 498.452830 516.025824 10.290094 9.406499 0.078744 2.386334 2.354134 0 
94 298.156583 323.595177 297.172002 323.034781 305.593202 330.976140 10.650458 10.024699 1.208976 3.923235 3.897674 0 
95 509.056162 462.069112 511.165518 461.098000 498.667343 458.025183 10.599474 10.041616 0.078961 0.371212 0.241080 1 
96 351.815036 407.180902 353.303658 407.095529 370.148746 394.378593 21.626583 20.342250 0.648321 2.532013 2.494941 0 
97 580.363149 446.769239 580.848472 446.300601 562.621881 458.859940 21.434184 20.172861 -0.153854 5.684983 5.679835 1 
98 706.520128 337.485319 706.754014 337.254641 696.265919 336.034707 10.756932 10.250066 -1.058629 0.140533 0.115796 0 
99 424.645409 453.802588 424.560687 453.954306 435.048917 456.754524 10.577265 9.924239 0.369283 3.418070 3.402494 1 
100 659.152047 202.326254 658.998761 200.999651 635.886888 202.689670 22.392803 22.392803 -0.000000 6.267566 6.210192 1 
101 619.096080 395.056693 618.648625 394.949663 629.168512 398.273889 10.708995 10.235259 -0.513546 3.450757 3.447658 0 
102 310.597340 208.866604 310.977773 209.021708 302.446734 201.981276 10.876297 10.266302 -1.357658 0.701446 0.689962 1 
103 348.030220 339.224800 347.823939 339.353022 368.222534 331.312130 21.932812 21.230966 0.868528 2.768118 2.766106 0 
104 343.723598 196.454250 344.013841 196.868870 366.348282 200.428182 22.115843 22.115843 -0.000000 3.315465 3.299628 0 
105 645.938497 208.021332 646.089714 208.008750 635.977894 202.611486 11.159450 10.915869 0.994542 0.497549 0.490288 0 
106 411.642157 401.722991 412.943286 404.030615 433.867550 395.622735 21.922379 20.850347 0.379357 2.873717 2.759514 1 
107 518.648298 450.855535 519.505742 448.017532 498.620052 457.917617 21.560206 20.117661 0.103193 5.944191 5.840543 1 
108 295.352947 258.333121 295.398784 260.408567 303.470658 266.905464 10.756478 10.216618 1.485350 3.954224 3.819303 1 
109 359.417664 389.787371 360.305146 390.605448 370.153461 394.470881 10.645240 10.055628 0.682413 3.552955 3.515614 1 
110 653.572345 325.982373 651.267790 325.120268 631.999274 334.681473 21.877127 21.877127 -0.000000 5.899890 5.822575 0 
111 409.638449 337.432830 411.379763 338.011612 433.110332 331.901847 22.296969 21.748946 0.489011 2.910171 2.867509 1 
112 569.017839 407.523090 568.861192 406.710582 564.450564 397.628728 10.648577 10.648577 -0.000000 1.138335 1.118692 0 
113 358.040462 193.014985 357.113733 192.406570 366.300440 200.351952 11.045911 10.759549 -1.207046 3.867881 3.854661 1 
114 456.228123 262.496557 455.460719 261.064562 432.636980 266.273851 22.511122 22.402379 0.527213 6.124418 6.058789 1 
115 358.670388 286.723859 358.814393 287.316161 366.874296 266.360529 22.181300 21.758053 1.205197 1.953780 1.937972 0 
116 643.751460 335.500394 642.482879 334.903072 632.082360 334.720571 10.913704 10.633647 -0.704297 0.066729 0.017546 1 
117 376.958948 338.741004 377.393426 337.366317 368.205307 331.353996 10.828256 10.444953 1.046679 0.700929 0.579433 1 
118 651.594663 254.517180 651.649047 253.475540 634.288737 269.156853 22.305009 22.159033 -1.331948 5.581056 5.548558 1 
119 479.601327 343.451184 479.412283 345.938816 499.380092 332.669296 22.481575 21.917882 0.116783 2.642500 2.555060 1 
120 425.822986 387.738035 426.118070 388.378670 433.886090 395.700009 10.600332 10.600332 -0.000000 3.920680 3.897397 1 
121 585.510901 393.445121 587.057493 389.853776 564.435288 397.587833 21.930959 21.064048 -0.171351 6.089096 5.953763 1 
122 645.343390 272.086336 645.335203 271.128272 634.374299 269.159153 10.970377 10.970377 -0.000000 0.260780 0.177753 1 
123 517.784270 383.386800 516.833652 382.739461 498.956179 396.714156 22.077649 21.184912 0.148986 5.667214 5.619707 1 
124 422.611147 260.847589 422.641197 261.255722 432.628926 266.236925 11.081689 11.035719 1.561884 3.635158 3.604226 1 
125 411.008109 207.994078 410.608475 209.002615 432.602769 199.611197 22.684124 22.428455 -0.427514 2.771307 2.738035 1 
126 375.883979 273.763368 376.226410 273.889779 366.873431 266.328402 10.967634 10.714373 1.351730 0.689884 0.679870 0 
127 585.080340 253.961781 585.386868 250.470864 567.506378 267.642074 22.626312 22.523117 0.309025 5.621729 5.518020 1 
128 488.191908 266.912128 488.617479 267.089399 499.906686 266.663785 11.209645 11.112217 -0.093715 3.120397 3.103910 1 
129 555.638814 312.397980 554.937231 317.891172 566.105331 333.602072 22.346947 22.004117 -0.254452 4.253868 4.094418 1 
130 487.433842 395.416301 487.800570 397.362984 498.976190 396.832158 10.847506 10.517102 0.158415 3.263649 3.094130 1 
131 576.872179 209.168246 576.999192 208.218197 568.609782 200.688729 11.254150 11.150285 0.449119 0.798366 0.731430 1 
132 421.558041 330.491074 422.163860 331.351056 433.122270 331.931809 10.972852 10.756359 0.573650 3.265539 3.194539 1 
133 576.734676 336.250334 577.194672 336.251894 566.148341 333.681986 11.027341 10.869369 -0.370660 0.238011 0.228582 0 
134 477.070394 203.466850 476.809604 205.143934 500.400867 199.688381 22.965955 22.590525 -0.051420 2.981033 2.914334 1 
135 546.191032 205.262595 545.587238 205.821895 568.585825 200.757767 22.838764 22.552934 0.347694 2.943087 2.924858 1 
136 477.655009 273.847102 477.304449 276.051042 499.849923 266.685428 22.689171 22.689171 -0.000000 2.829468 2.747873 1 
137 426.840234 189.676349 426.810270 189.860062 432.638084 199.544168 11.182339 11.049746 -0.800100 4.181173 4.170653 1 
138 579.241621 269.520272 580.279100 267.934994 567.523696 267.653353 11.156946 11.093788 -0.242209 0.157994 0.022077 1 
140 496.958398 187.927302 496.835563 188.498105 500.446092 199.631129 11.306103 11.155254 -0.096308 4.422772 4.398783 1 
141 491.338580 322.277451 491.775297 324.375710 499.434207 332.717623 10.965119 10.965119 -0.000000 4.052810 3.969650 1 
173 -0.310093 130.680485 15.241085 127.025871 39.461744 264.216909 139.208521 139.208521 0.000000 4.422919 4.537643 0 
176 577.035166 246.949404 586.319664 253.562389 564.841160 270.928600 26.727649 26.727649 0.000000 5.182833 5.603259 0 
