1 133.490755 404.414838 133.707118 430.821918 131.580933 416.352711 12.547622 7.469993 1.455439 4.871025 1.424895 0 
2 129.554129 391.228529 130.358626 392.153158 129.976839 378.551399 12.830228 8.327399 1.518353 1.604128 1.542735 0 
3 713.116211 515.122985 712.878007 515.022065 704.669402 512.065342 8.569101 8.434619 -1.196282 0.347314 0.345731 0 
4 129.064911 439.034059 128.939837 441.651047 132.530808 453.855951 12.740612 8.059914 1.376545 4.482680 4.426240 1 
5 772.168080 505.961608 771.848323 506.076892 755.813793 514.038943 17.428481 16.885485 -0.862818 5.824432 5.822296 0 
6 775.317271 454.593215 775.167826 453.933391 758.781698 462.213893 17.784081 17.247911 -1.260388 5.851332 5.815278 1 
7 764.266406 515.971993 764.208918 515.368861 755.823757 514.123040 8.662303 8.321629 -1.079170 0.215598 0.147496 1 
8 137.160142 348.190537 137.267832 348.046256 129.702708 340.641513 12.839573 8.271344 1.567208 0.791501 0.774685 0 
9 767.261921 464.063656 767.343497 463.278499 758.794203 462.291129 8.841910 8.459907 -1.308198 0.206348 0.114982 1 
10 104.474059 364.602286 101.731334 366.864594 106.290644 377.604956 12.468434 7.638512 1.532828 4.573579 4.310940 0 
11 132.194739 429.485733 129.132525 401.915142 130.564438 416.364391 12.754513 7.945268 1.458986 1.447182 4.613612 0 
12 138.496460 297.880070 138.660291 296.956483 130.088169 302.613998 12.823296 8.208440 -1.503445 5.770411 5.699819 1 
13 113.050634 462.113480 113.370756 462.715442 108.957995 450.670170 12.357365 7.499709 1.403641 1.227327 1.219633 0 
14 720.441180 505.304292 721.749894 504.614823 704.656244 511.995714 17.147562 17.147562 -0.000000 5.882237 5.875576 1 
15 84.999568 436.004073 91.490718 458.761640 87.281526 447.545135 11.836007 6.768263 1.398131 4.517182 1.211791 0 
16 776.608897 399.713880 776.418820 399.559644 760.975263 409.082167 18.075045 17.413937 -1.485799 5.743325 5.730648 0 
17 105.887365 400.915294 109.910192 427.263411 107.636767 414.209501 12.292991 7.064510 1.444268 4.581549 1.398369 0 
18 108.617379 291.428009 101.776301 314.055108 106.480675 303.891346 12.425996 7.710219 -1.512560 4.882177 2.004291 0 
19 67.374877 422.362265 66.096163 398.825485 64.984638 410.441660 11.647466 6.601183 1.467241 1.372907 4.807786 0 
20 85.863121 424.950199 86.254918 424.407253 85.327233 412.338797 12.079633 7.028396 1.464557 1.528330 1.494079 1 
21 69.469851 457.119286 66.037456 433.335289 66.598323 444.748467 11.580762 6.473656 1.424942 1.342714 4.663286 0 
22 108.406638 427.357142 101.546117 402.100425 106.618822 414.494897 12.204143 6.981837 1.440316 1.432684 4.323915 0 
23 91.171119 458.445092 85.448823 435.090634 86.991583 447.634240 11.927857 6.915200 1.399306 1.201890 4.590012 0 
24 83.803253 388.961253 83.555079 363.527695 83.899385 376.633425 11.859980 6.458955 1.542994 1.578594 4.686124 0 
25 107.395567 354.261331 102.708080 327.274955 105.821068 340.736817 12.375524 7.320036 -1.549128 1.454900 4.485138 0 
26 779.680082 294.001375 778.304340 294.097666 762.797108 301.398984 17.799048 17.799048 -0.000000 5.870213 5.843142 0 
27 103.608898 328.907515 111.204691 351.813391 106.104316 340.769104 12.416762 7.665314 -1.551554 4.505035 1.138164 0 
29 87.306851 329.939441 87.326822 328.934955 84.216292 340.926036 12.153080 7.134095 -1.556077 4.986605 4.966198 1 
30 724.364120 398.563887 724.695436 397.907890 708.898291 407.605563 17.714911 17.714911 -0.000000 5.754149 5.732617 1 
32 693.951467 472.538956 694.737303 473.530460 707.074284 460.401689 17.514976 17.514976 -0.000000 2.395191 2.325112 0 
33 769.558787 410.345574 769.749324 410.249805 760.980553 409.056561 8.920763 8.553628 -1.489634 0.149150 0.135248 0 
34 65.775696 432.438571 69.546062 456.162836 67.326580 444.652189 11.403159 5.794239 1.428766 4.586085 1.380314 0 
35 715.850482 463.222773 715.217244 462.709107 707.054764 460.490262 8.685977 8.685977 -0.000000 0.301211 0.265421 1 
36 134.323410 252.555815 131.293959 278.108996 124.813478 263.998705 15.040366 15.040366 -0.000000 5.405795 1.140257 0 
37 776.589332 344.465603 776.876221 343.767920 762.312917 355.292810 18.190355 17.471337 1.497806 5.634331 5.613732 1 
38 326.148829 494.592286 326.608404 494.178541 334.909141 483.638408 15.288141 12.534186 1.244052 2.245382 2.237891 0 
39 83.045772 363.448629 84.202922 390.092975 84.425814 376.705979 12.022564 7.145786 1.524687 4.608666 1.587445 0 
40 105.230115 280.826157 109.164765 280.493100 107.490122 267.287319 12.422248 7.619633 -1.452178 1.736199 1.444658 0 
41 131.213879 277.766381 132.289810 252.195059 130.882501 264.921662 12.694773 7.847137 -1.452039 1.545003 4.822522 0 
42 101.490080 314.824201 107.129196 290.153426 113.806985 304.037540 15.242593 15.242593 0.000000 2.422332 4.264084 0 
43 85.168759 317.419472 85.001152 292.852451 84.317046 305.193238 11.957313 6.900161 -1.520477 1.501246 4.767767 0 
44 66.525240 397.180364 69.026047 421.010648 55.519104 411.378062 16.389099 16.389099 0.000000 5.371828 0.619502 0 
45 664.155347 494.909661 663.261194 495.332569 653.637883 509.410493 17.015440 17.015440 -0.000000 5.339894 5.312006 0 
46 769.595300 196.461704 769.782176 196.370393 761.022305 195.434440 8.554869 8.554869 -0.000000 0.119257 0.106442 0 
47 775.791800 186.284476 776.025092 185.799278 761.003684 195.495014 17.748769 16.977110 0.910483 5.726145 5.710007 1 
48 769.689383 306.654116 770.758939 305.133419 762.795458 301.349091 8.770964 8.770964 -0.000000 0.655878 0.443620 0 
49 770.895143 355.719343 771.098306 355.527272 762.327377 355.256214 8.963780 8.581551 1.536110 0.054002 0.030894 0 
51 50.212690 365.984670 47.281597 386.532104 34.265326 375.656381 17.263547 17.263547 -0.000000 5.738017 0.696044 0 
52 620.381922 506.223304 621.000000 504.000000 603.243017 506.506561 17.025718 16.525951 0.890328 6.266660 6.142953 1 
53 745.960144 251.025915 744.802517 251.976406 762.337892 247.958570 18.018722 17.254558 1.136864 2.956450 2.916353 1 
54 753.824480 243.939145 754.446787 244.253018 762.347048 247.863336 8.881362 8.484514 1.126228 3.573100 3.570242 1 
56 610.200772 510.964531 610.716730 510.962596 603.187825 506.565967 8.466726 8.226951 1.061763 0.560184 0.528547 0 
57 132.975706 213.714575 126.923573 237.802412 132.813593 227.542295 12.713591 8.105987 -1.378013 4.724112 2.091931 0 
58 46.852247 386.139308 45.562188 361.584202 51.036507 374.904913 12.994915 12.994915 -0.000000 1.927330 4.322468 0 
60 45.339179 354.694517 47.352655 329.715727 44.603965 341.201993 11.319687 5.993823 -1.552861 1.516360 4.947274 0 
61 324.933716 448.966781 324.637408 449.492580 334.154335 438.750057 15.426272 12.816903 1.345694 2.304992 2.295773 1 
62 661.146435 513.983412 659.777287 512.873177 653.596468 509.486826 8.510272 8.341265 1.144456 0.537161 0.501215 0 
63 83.688298 282.008141 88.245972 257.527592 85.138707 269.444351 11.879912 6.814624 -1.438359 1.685731 4.967457 0 
64 85.559899 293.346994 85.409254 317.308342 77.258467 304.677080 14.820398 14.820398 -0.000000 5.344719 0.997742 0 
65 52.021580 433.153078 51.736580 451.883866 35.819549 443.921007 18.184839 18.184839 -0.000000 5.696612 0.463866 0 
66 546.242871 499.904164 545.709822 499.829716 553.874572 503.259041 8.423313 7.977079 1.042767 3.555762 3.539234 0 
67 66.747446 328.294460 66.247098 330.345060 63.795450 341.109266 11.757560 6.649654 -1.560173 4.938798 4.936328 0 
68 65.333671 387.881620 66.341048 388.669317 64.143212 375.809151 11.764610 6.647163 1.534784 1.472505 1.401529 0 
69 718.029715 407.988423 717.278803 407.650777 708.879071 407.556323 8.768213 8.768213 -0.000000 0.047186 0.011244 1 
70 673.028953 456.082594 673.511424 455.866921 655.491248 458.303089 17.528185 17.188989 1.277087 6.157243 6.148809 1 
71 328.676891 480.693950 328.561776 480.777466 334.882349 483.656992 7.671216 6.212066 1.269125 3.587070 3.569077 0 
72 329.180477 433.378425 328.573744 433.074573 334.102664 438.820438 7.709506 6.362379 1.371124 3.977105 3.946230 0 
73 361.205690 492.824902 360.807540 493.039637 374.306915 487.762252 15.635852 13.398422 1.197220 2.772843 2.768925 1 
75 417.209006 484.062326 416.995228 484.127053 416.056650 491.871166 7.997046 7.040538 1.201958 4.858902 4.833000 0 
76 453.252453 490.941723 453.208498 490.947091 460.032242 495.850691 8.187755 7.398362 1.147479 3.768284 3.764699 1 
77 719.832714 247.103978 718.763532 246.989646 710.301686 247.382329 8.806482 8.542892 1.164483 6.253989 6.236812 1 
78 103.533298 241.842251 113.422714 218.546911 108.969969 230.963641 12.242107 7.276278 -1.388434 2.034250 5.056712 0 
79 401.379378 494.357008 403.275356 496.912404 416.105783 491.822715 16.008085 14.137685 1.159964 2.971170 2.763944 0 
80 474.584082 491.390837 474.972646 490.935172 460.075561 495.792235 16.353621 14.853719 1.082286 5.988643 5.968012 1 
81 322.215503 401.973835 323.168067 401.441817 333.795766 393.256500 15.516110 12.999558 1.443692 2.496318 2.485296 0 
82 538.456292 506.341694 537.613676 507.128359 553.920391 503.203669 16.869405 16.091514 0.975257 2.941388 2.905405 1 
83 723.076320 232.972646 721.539884 234.308674 710.325415 247.483718 17.849758 17.384045 1.162897 5.433312 5.417574 0 
84 663.432674 460.487631 663.694894 460.076592 655.453543 458.403492 8.697898 8.508015 1.489564 0.255491 0.200291 0 
85 370.903695 480.360101 377.401507 496.676719 373.139810 488.177196 8.095515 8.095515 -0.000000 4.433775 1.106026 0 
86 718.315988 195.283555 718.066949 194.459379 709.382577 195.246806 8.548905 8.548905 -0.000000 0.004114 6.192761 1 
87 113.196257 217.319811 110.230150 243.403777 109.855520 230.936890 12.017611 6.864788 -1.404438 4.952972 1.540755 0 
88 723.281475 288.046875 723.523014 286.169014 710.564789 300.567594 18.047916 17.488565 1.358845 5.505552 5.445185 1 
89 694.414371 362.113996 694.645739 365.057386 710.072486 354.144667 18.087759 17.507256 1.476093 2.670804 2.525925 1 
90 65.483901 249.363979 65.944387 249.206392 66.666812 237.656391 11.632281 6.541279 -1.405024 1.671493 1.633263 1 
91 126.274722 238.952830 132.584712 214.929045 141.155127 229.054815 16.668594 16.668594 0.000000 2.554626 4.167041 0 
92 665.387023 407.336961 665.836799 407.294073 656.963878 405.937256 8.826827 8.543006 1.502168 0.164669 0.151741 0 
93 46.495406 421.600395 42.541809 397.173557 54.548113 408.074394 15.021779 15.021779 0.000000 2.107790 3.878770 0 
94 723.013848 184.937460 723.517773 184.477688 709.402112 195.348880 17.510824 17.127729 0.790890 5.630225 5.626912 1 
96 335.180208 355.407805 336.576610 355.773596 333.798612 347.303849 7.722219 6.526773 -1.558427 1.401936 1.253862 0 
97 701.944567 354.166823 700.956365 354.525714 710.073273 354.083461 8.792291 8.792291 -0.000000 3.131338 3.093122 0 
98 674.121571 398.967653 673.167968 399.259903 657.012181 405.989791 17.584716 17.584716 -0.000000 5.893723 5.888483 0 
99 16.048641 425.989289 16.721242 447.653846 0.804263 438.568727 18.069857 18.069857 -0.000000 5.593275 0.518658 0 
100 621.955218 452.671041 622.232019 451.643994 604.573224 455.947314 17.391485 16.796176 1.167584 6.096884 6.044152 1 
102 20.686019 368.143799 30.572559 385.898919 27.390848 374.177079 11.091056 5.873777 1.531384 3.874320 1.305748 0 
103 498.317253 497.453977 498.094753 497.742685 506.027673 499.664987 8.299399 7.716791 1.165153 3.420855 3.379330 0 
104 718.970974 305.038012 718.672573 304.104086 710.560796 300.527251 8.773992 8.773992 -0.000000 0.492299 0.415297 1 
105 49.914690 332.074895 47.341125 353.355039 32.674920 341.558477 18.424602 18.424602 -0.000000 5.780266 0.677379 0 
106 320.092057 351.267856 320.826035 352.986834 333.865956 347.332618 15.547526 13.073516 1.570311 2.863304 2.732453 1 
107 376.977345 495.240168 370.052443 479.370821 374.005107 487.878632 7.875391 6.408310 1.202767 1.187059 4.277467 0 
108 89.761752 257.407580 90.570331 278.113741 74.625603 268.128767 18.090898 18.090898 0.000000 5.666899 0.559479 0 
109 68.304407 260.379864 61.144911 262.039402 65.040076 271.893884 11.698016 6.594194 -1.464297 4.988649 4.335968 0 
110 335.988510 385.999174 332.889732 401.832493 333.549840 393.185968 7.832598 6.633070 1.424843 5.039524 1.646992 0 
111 358.727894 440.943182 359.196535 442.363540 373.855316 441.785744 15.806118 13.644797 1.318242 3.197233 3.102197 1 
112 33.747248 430.038672 36.058452 445.144062 14.455644 440.922263 21.246309 21.246309 0.000000 5.769534 0.192996 0 
113 496.404114 512.126154 496.364525 513.260323 506.042519 499.610181 16.641000 15.475197 1.055512 2.227031 2.187539 1 
114 664.052101 179.746067 662.067296 177.047200 657.922132 195.786909 17.196171 17.196171 -0.000000 5.077411 4.930081 1 
115 85.327023 246.225588 91.905117 222.856360 86.925935 234.364571 11.897527 6.874602 -1.389588 1.704793 5.120733 0 
116 376.246177 449.861062 370.210819 433.098925 374.969205 441.632796 8.221230 8.221230 -0.000000 1.416831 4.203739 0 
117 324.607230 206.456109 323.845287 206.875230 336.849068 210.673079 15.258430 12.729967 -1.248815 3.473334 3.425747 1 
118 63.880789 294.078635 61.747750 317.533607 64.101632 306.418827 11.667433 6.654008 -1.528140 4.694495 1.779492 0 
119 446.531030 454.818666 446.301732 456.080262 460.150467 447.757102 16.568985 15.115667 1.239089 2.663261 2.600434 1 
120 50.543929 299.012240 44.586430 295.735068 45.049417 307.638291 11.428916 6.231949 -1.533603 5.279548 4.673513 0 
121 673.620934 343.452105 673.008394 342.195310 657.972414 353.048264 17.948955 17.370140 1.458860 5.733094 5.657979 1 
122 571.286801 450.765404 571.420164 449.925587 554.762021 453.403065 17.172645 16.322381 1.132442 6.124902 6.077385 1 
123 673.392302 237.682955 672.686333 235.079054 658.435298 247.399218 17.644793 17.326012 1.377970 5.707082 5.570327 1 
124 404.008683 453.815759 403.747273 454.057018 415.899112 444.768787 16.212406 14.361035 1.284618 2.491176 2.488972 1 
125 61.338079 318.834653 63.430098 293.321011 72.466681 306.653121 15.414815 15.414815 -0.000000 2.311055 4.116714 0 
126 360.839037 401.148343 360.677761 402.066591 373.649849 395.042484 15.914978 13.816368 1.428814 2.696825 2.645315 1 
127 31.441722 396.368112 31.935806 417.701032 16.644777 408.225688 17.665810 17.665810 -0.000000 5.607620 0.554755 0 
128 320.802994 299.001640 320.536862 300.784859 334.437551 301.342894 15.514233 13.000906 -1.473588 3.311649 3.181716 1 
129 360.376620 302.483455 359.644599 303.193140 374.334304 300.721228 15.923115 13.829578 -1.457612 3.016002 2.974879 1 
130 332.724491 400.604054 335.813890 386.098754 333.676351 393.167976 7.693035 6.479761 1.467007 1.698110 5.006021 0 
131 589.152652 409.023887 588.189242 410.165368 605.724017 404.311845 17.640693 17.032358 1.465272 2.864556 2.819401 1 
132 26.832236 448.323390 26.098904 427.249402 42.063356 437.380321 18.073312 18.073312 0.000000 2.518579 3.707060 0 
133 92.427921 223.395448 84.352676 248.170259 87.487892 234.486755 11.797987 6.612524 -1.399545 5.131408 1.796032 0 
134 400.603682 396.950309 400.306601 397.453306 415.843061 396.936244 16.315265 14.604521 1.428738 3.140670 3.108324 1 
135 422.218315 401.024236 423.954127 400.972085 415.788270 396.892681 8.092782 7.264197 1.430408 0.571112 0.463302 1 
136 612.516978 408.813384 612.922292 408.981984 605.662812 404.261145 8.735065 8.466407 1.515453 0.586263 0.576586 0 
137 512.943801 455.724196 513.473558 456.079410 506.454965 450.695889 8.444731 7.815617 1.261312 0.659258 0.654316 1 
138 377.086741 402.631971 374.680671 386.620991 373.572294 395.045787 7.844959 6.913220 1.440696 1.136963 4.843199 0 
139 10.631108 385.552480 8.947135 360.980457 20.051546 373.325880 14.946641 14.946641 0.000000 2.227281 3.979863 0 
140 374.013042 386.334683 377.837710 402.475283 372.035311 395.129458 8.601501 8.601501 0.000000 4.933585 0.902250 0 
141 416.296938 452.983927 417.124971 453.781675 415.834582 444.814790 8.114080 7.150890 1.341414 1.514259 1.427871 1 
142 612.794969 458.131662 612.383728 457.964690 604.489856 456.015592 8.681523 8.327784 1.299319 0.249483 0.242071 1 
143 665.705301 199.657531 666.284501 198.160339 657.883119 195.650716 8.526393 8.462189 0.779129 0.473390 0.290278 0 
144 346.357493 245.705625 341.904490 242.135286 335.377044 255.744925 15.417821 12.912465 -1.374917 5.542532 5.159600 0 
145 28.642987 328.156946 28.751883 353.904107 17.271852 341.496957 15.931594 15.931594 0.000000 5.418279 0.824191 0 
146 488.841853 451.027347 489.969598 452.459406 506.505666 450.626300 16.882828 15.765104 1.173841 3.118892 3.031188 0 
147 452.721011 445.562128 452.435417 445.702879 460.066578 447.817426 8.293852 7.483320 1.287075 3.439485 3.411904 0 
148 339.000000 309.000000 338.703593 306.653398 334.385180 301.336520 7.124292 7.124292 -0.000000 1.028773 0.888655 1 
149 24.193939 351.453891 26.553978 329.523419 36.003110 341.086366 15.018569 15.018569 -0.000000 2.421110 4.027254 0 
150 453.272997 394.912028 453.290040 394.942436 460.261476 398.748080 8.283155 7.641826 1.436972 3.643599 3.641276 0 
151 445.833669 407.008048 447.388342 407.737545 460.327560 398.797772 16.684143 15.347534 1.408572 2.626197 2.536997 0 
152 11.666079 393.288310 9.416444 414.366877 11.856007 405.267107 10.782064 5.433352 1.490859 4.696535 1.832728 0 
153 363.028351 206.911354 361.604385 208.285332 376.465211 207.660425 15.670163 13.528765 -1.223102 3.197282 3.099567 1 
154 90.134104 278.047127 84.466602 282.193812 83.985982 275.262110 6.675371 6.675371 0.000000 0.425335 1.501571 0 
155 409.450531 345.029610 409.225441 344.988575 416.087859 348.551779 8.107163 7.291692 1.519954 3.629467 3.620509 0 
156 12.716857 361.710563 15.494460 381.921857 -0.593800 373.270732 17.064218 17.064218 -0.000000 5.568054 0.493373 0 
157 572.055706 396.763533 571.672185 394.998635 555.530632 402.502685 17.348614 16.566462 1.399649 5.948918 5.848018 1 
158 562.012177 409.002758 562.212769 408.328303 555.456081 402.489913 8.619995 8.236454 1.461985 0.782089 0.712618 1 
159 644.438954 310.620412 644.013950 311.743250 658.474386 299.990332 17.632380 17.632380 -0.000000 2.493388 2.459117 1 
160 546.586717 452.440245 546.257326 452.585580 554.670286 453.466152 8.584459 8.117934 1.264389 3.267830 3.245881 0 
161 367.194226 344.834588 367.149562 344.977130 373.724291 347.890717 7.910944 6.914651 -1.552460 3.579321 3.558735 0 
162 666.760692 355.048281 666.409336 354.528955 657.930878 353.002875 8.861714 8.589370 1.428397 0.227633 0.178088 1 
163 336.897735 203.417760 336.512738 202.747280 336.777965 210.591914 7.580950 6.339083 -1.283640 4.729082 4.678592 0 
164 404.167643 357.300917 403.399119 358.100373 416.130336 348.585874 16.352692 14.647503 1.522552 2.511982 2.499799 1 
165 563.200165 356.864290 563.147123 356.234461 556.175713 351.016839 8.461939 8.461939 -0.000000 0.694212 0.642496 1 
166 490.951273 404.869522 491.354725 407.997538 506.966864 400.638643 17.037851 16.029147 1.364336 2.883320 2.701121 1 
167 28.309691 418.741022 22.631207 400.026149 37.688972 407.187996 15.039707 15.039707 -0.000000 2.252719 3.585551 0 
168 371.113252 434.528846 376.028450 449.533730 373.771094 441.817482 7.929705 6.873211 1.350006 4.362718 1.286192 0 
169 7.698697 412.931574 10.562387 392.737830 21.147338 403.242698 14.899732 14.899732 0.000000 2.517283 3.923194 0 
170 666.451157 243.586508 666.467537 243.083996 658.376395 247.289148 8.677793 8.545502 1.391071 5.853248 5.803884 1 
171 359.096229 349.031443 359.936191 349.257436 373.803403 347.917771 15.952995 13.895561 1.552826 3.066014 3.045285 0 
173 445.266508 350.308142 445.239216 351.280340 460.705597 349.335977 16.678690 15.437502 1.499803 3.078708 3.016533 0 
174 0.428735 422.920197 -0.321530 444.523727 -11.960560 436.220236 15.327359 15.327359 -0.000000 5.462350 0.619675 0 
175 623.181062 189.699022 623.384486 188.994783 607.044865 196.703344 17.103647 16.785022 -0.825292 5.873653 5.842375 1 
176 616.160769 248.312389 615.529583 247.533544 607.135601 247.605284 8.595506 8.437877 -1.544032 0.078188 6.274639 1 
177 360.927719 250.113017 360.647484 252.359608 375.219620 253.867641 15.829675 13.746741 -1.355592 3.398497 3.244713 1 
178 446.097161 306.005468 447.706292 308.147722 461.321554 299.823139 16.690577 15.394897 -1.463323 2.755856 2.592822 0 
180 468.383397 353.053477 467.488176 351.706941 460.652801 349.295852 8.313998 7.670012 1.471858 0.452443 0.339111 1 
181 666.814472 303.065066 666.720102 302.870001 658.415936 299.965770 8.862996 8.571823 1.428742 0.353525 0.336436 1 
182 591.411903 360.733912 591.097882 361.116535 606.557473 351.995883 17.416172 17.416172 -0.000000 2.618304 2.608583 1 
183 338.533587 248.878409 339.016643 246.994482 335.253450 255.589894 7.640254 6.397908 -1.362311 5.166984 5.125063 1 
185 403.564568 259.510390 403.123552 260.020045 417.400794 252.164713 16.207129 14.570052 -1.332918 2.653530 2.638596 1 
186 508.137451 409.012215 508.586405 409.833623 506.899732 400.602376 8.473515 7.964984 1.415260 1.424670 1.390076 1 
187 565.759806 198.392295 565.037742 198.227262 557.222341 198.047557 8.264554 8.264554 -0.000000 0.040358 0.022990 1 
188 24.497267 319.782598 27.302483 295.819440 36.001782 308.924703 14.913017 14.913017 -0.000000 2.385102 4.126372 0 
190 615.951349 198.315783 615.689673 198.122070 607.016798 196.607414 8.445775 8.317185 -0.707047 0.188929 0.172899 1 
191 622.064626 289.920373 622.320531 289.100058 607.054973 299.632769 17.613226 17.096878 -1.545302 5.708868 5.679226 1 
192 0.360560 362.994520 0.603907 379.006020 -21.627354 372.732649 22.291093 22.291093 0.000000 5.866264 0.275035 0 
193 430.375046 293.188645 430.566064 291.982610 416.657663 300.191635 16.323246 14.660490 -1.451346 5.811158 5.749988 1 
194 492.818571 359.367375 494.246073 363.771743 507.461907 350.167797 17.108943 16.097950 1.508294 2.580664 2.341724 1 
195 16.648355 447.332149 8.230934 427.956098 13.260246 437.004869 10.491577 5.141319 1.436105 1.253787 4.205103 0 
196 538.298439 353.796132 539.555932 355.846926 556.255043 351.052120 17.397908 16.646161 1.447765 2.989952 2.861985 1 
197 513.824872 354.706917 514.397556 355.055124 507.394324 350.118739 8.482469 7.956439 -1.563296 0.619727 0.613989 0 
198 517.270560 196.044065 516.237833 195.915950 509.067247 199.942718 8.259777 7.761712 -1.017908 5.839530 5.771504 1 
199 377.299074 199.544793 377.172005 200.150699 376.423926 207.571707 7.796657 6.722577 -1.241262 4.820987 4.812855 0 
200 45.437558 252.568518 50.342840 228.957514 47.148436 240.750619 11.123673 5.577459 -1.413925 1.714567 4.976912 0 
201 613.031560 264.741152 614.006249 264.455385 607.209061 247.702004 17.412123 17.044127 -1.427004 1.241523 1.185368 1 
202 465.821027 292.962831 465.780618 292.775224 461.236531 299.759873 8.292932 7.657897 -1.465451 5.305784 5.289173 1 
203 370.293977 247.372199 370.397202 248.526297 375.153579 253.788183 7.854724 6.799966 -1.356802 4.064155 3.977407 1 
205 0.479381 394.966872 -0.174269 412.916716 -18.299375 404.940090 19.920158 19.920158 -0.000000 5.794976 0.414580 0 
206 15.401728 301.024587 12.044523 322.019924 -1.776099 309.542614 18.134553 18.134553 -0.000000 5.822844 0.734362 0 
207 598.232602 347.950330 599.131103 348.465653 606.526284 351.968737 8.764749 8.461162 1.426463 3.592775 3.583978 1 
208 405.942316 197.054123 405.974382 197.329719 418.475849 204.861316 16.063885 14.293437 -1.169262 3.698684 3.683817 0 
209 544.429889 210.192361 544.663466 210.248944 557.324988 198.149167 16.923578 16.280759 -0.981356 2.390342 2.378877 1 
210 369.321278 294.394727 369.687007 294.905161 374.272449 300.696476 7.929545 6.867722 -1.446766 4.046440 4.042681 1 
211 614.921452 303.952193 614.384767 303.582369 607.021041 299.600302 8.723561 8.469878 -1.552312 0.503491 0.495728 1 
212 469.975877 206.037539 469.853231 205.679189 462.724216 202.214979 8.105898 7.418334 -1.135885 0.485114 0.452329 1 
213 421.415942 195.318382 417.977575 196.332795 418.428597 204.742097 7.972733 7.078118 -1.172325 5.019371 4.658807 0 
214 445.460068 251.805198 445.784746 253.944039 461.878658 250.686607 16.590879 15.298543 -1.257726 3.073568 2.941889 1 
215 454.237687 188.930928 453.747106 189.192873 462.768366 202.299417 16.398272 15.011455 -1.115456 4.144412 4.109557 1 
216 520.633389 188.420784 521.277078 186.901470 509.120914 200.044853 16.691316 15.690090 -1.054190 5.492964 5.458786 1 
217 409.665121 298.402151 409.395166 298.752086 416.622168 300.166860 8.126471 7.245532 -1.476936 3.390011 3.334910 0 
218 543.433379 311.880034 544.055537 311.334335 556.768624 299.511803 17.365823 16.650646 -1.491574 2.393799 2.392475 0 
219 0.297339 332.998083 0.394053 347.997459 -22.426629 341.266164 22.948474 22.948474 0.000000 5.934227 0.286831 0 
220 524.475842 293.423785 523.550055 292.982849 508.038600 299.578097 17.030050 16.116169 -1.483769 5.924930 5.881157 1 
221 509.424337 240.813903 507.738931 239.356572 508.521214 249.295474 8.376912 7.904046 -1.245196 4.818470 4.633842 1 
222 540.626324 255.582878 542.701725 259.055062 557.138016 248.376746 17.191033 16.492014 -1.298639 2.730084 2.504726 1 
223 494.245002 258.671251 494.571796 259.104610 508.557845 249.368469 16.917260 15.975356 -1.247713 2.565245 2.533467 1 
224 553.838410 307.517053 553.881534 308.110440 556.700593 299.457793 8.635922 8.220488 -1.484378 1.912045 1.885754 0 
225 52.838251 229.010481 49.623539 252.436561 35.592159 238.917502 18.408470 18.408470 0.000000 5.761764 0.766805 0 
226 417.624324 244.156139 417.283943 243.019649 417.352832 252.084778 8.051763 7.246617 -1.357824 4.746618 4.704790 1 
228 9.566562 322.227093 12.935293 299.369407 17.517655 309.787514 12.880199 12.880199 -0.000000 2.139525 4.298011 0 
229 27.049005 255.536980 32.263070 232.798745 37.275907 244.768317 13.813321 13.813321 -0.000000 2.330397 4.315783 0 
233 465.998044 243.037458 465.819082 243.095564 461.820019 250.570981 8.223233 7.580640 -1.245525 5.218750 5.203613 1 
234 564.670187 251.889537 563.877164 250.387445 557.070642 248.316567 8.502110 8.148116 -1.203904 0.439488 0.295350 1 
235 31.577883 232.529881 32.421761 255.864087 19.749637 241.954719 16.160166 16.160166 -0.000000 5.610394 0.831910 0 
236 503.977462 289.976260 504.026492 292.119036 507.990215 299.526761 8.487447 7.952258 -1.529047 4.314624 4.221073 1 
237 0.260004 301.995054 0.545622 317.008644 -23.766815 310.174954 24.381257 24.381257 -0.000000 5.955045 0.274008 0 
239 -0.198481 238.792362 1.626914 257.061712 -11.078296 247.544764 14.305048 14.305048 -0.000000 5.605729 0.642898 0 
241 7.806077 253.083002 12.930894 235.663417 25.108512 247.530409 17.137732 17.137732 -0.000000 2.831061 3.914073 0 
242 17.744578 235.946956 17.063628 253.782147 -0.212915 244.762152 19.043884 19.043884 -0.000000 5.826850 0.481167 0 
243 61.429370 263.594316 67.031184 260.627195 65.762649 265.260593 4.989385 4.989385 0.000000 3.508692 4.979621 0 
245 1.234419 272.968961 0.544682 289.981540 -21.007914 279.259269 22.386599 22.386599 -0.000000 6.007575 0.461640 0 
248 47.913751 692.048851 54.331043 703.378895 40.460103 702.885785 12.137483 12.137483 -0.000000 5.314880 0.035535 0 
249 52.816000 703.845790 46.481154 692.657055 51.119849 697.511011 7.215010 7.215010 -0.000000 1.309181 3.949664 0 
250 32.043230 449.959343 24.611956 445.365870 31.649095 443.739117 6.714475 6.714475 -0.000000 1.507518 2.914416 0 
260 861.783995 290.002231 861.815316 278.996628 1037.357288 279.959612 175.653960 175.653960 -0.000000 3.084456 3.147078 0 
273 850.920652 541.205292 845.485838 592.051929 -59.187042 470.919807 912.554218 912.554218 0.000000 0.077075 0.133104 0 
