1 750.443734 445.453847 751.199315 444.028042 735.931622 453.262140 17.108776 16.133831 1.428708 5.789560 5.739234 1 
2 795.588604 399.106020 796.179240 398.834775 780.874721 403.001321 16.672514 15.117645 1.235780 6.024386 6.017384 1 
3 796.092078 442.721040 795.503924 442.544105 783.088915 452.577319 16.862004 15.369074 1.451086 5.634590 5.603493 0 
4 788.846509 304.694276 788.797997 304.012712 774.163020 307.575923 16.222224 14.251693 0.930165 6.089397 6.044360 1 
5 748.492213 394.609631 748.598110 393.044186 734.161947 402.886589 16.999678 15.811127 1.159696 5.759410 5.684787 1 
6 775.386672 449.751931 775.266196 451.301761 783.203605 452.537986 8.428294 7.553251 1.481252 3.483969 3.296098 1 
7 791.767785 350.194837 792.152747 348.926088 777.851943 354.562267 16.497883 14.754284 1.086568 5.979075 5.907761 1 
8 785.699268 356.326290 785.387908 355.985599 777.928856 354.460001 8.142835 7.256690 1.102755 0.235714 0.201747 1 
9 39.624677 417.702402 38.624801 417.506103 46.298585 429.512943 15.190700 11.486798 -1.461608 4.198041 4.143702 1 
10 788.357187 404.529776 788.661579 404.361188 780.972697 402.979912 8.327153 7.430911 1.321458 0.206878 0.177750 0 
11 744.032424 455.995701 744.303824 455.451928 736.030995 453.252138 8.535112 7.929879 1.460959 0.330321 0.259892 1 
12 778.855057 314.259235 770.490956 299.353773 774.322338 307.345474 8.043067 7.301546 0.941976 0.990489 4.265340 0 
13 58.990216 284.994249 59.132456 287.214374 62.850384 298.911956 14.648672 10.881697 -1.161750 4.441833 4.404649 1 
14 741.546479 405.180214 742.349529 405.122186 734.258051 402.856424 8.425261 7.842883 1.241781 0.308644 0.273026 0 
15 752.221019 223.504045 753.002433 226.219225 765.213052 219.103850 15.642329 13.037535 0.733102 2.815034 2.613976 1 
16 53.153616 327.853077 53.229404 328.340232 56.398297 341.295549 14.854451 11.197417 -1.236486 4.475544 4.472497 0 
17 756.763648 170.848979 764.875131 184.945518 759.493531 179.114086 7.735188 7.735188 -0.000000 4.393380 0.825494 0 
18 780.616477 253.468113 780.471847 251.550861 769.919679 262.369692 15.949013 13.676561 0.828978 5.589133 5.485310 1 
19 9.951869 413.610030 9.328817 413.812194 13.573795 427.486878 14.788116 10.624068 -1.447727 4.457080 4.411395 0 
20 771.023963 300.178977 779.808251 314.949376 774.440029 307.459767 8.013898 6.811039 1.009004 4.273693 0.948913 0 
21 691.134546 437.749230 689.960943 435.480868 686.682634 453.717281 17.353855 16.785048 1.369836 4.984286 4.890256 1 
22 742.454241 299.495906 742.575704 298.199756 728.600149 306.073048 16.487569 14.902487 0.849855 5.839946 5.770142 1 
23 771.231662 170.970686 770.871647 169.359329 760.118149 177.960196 15.296581 12.445644 0.662187 5.721772 5.608554 1 
24 304.975384 455.389412 306.062921 458.995019 321.567003 448.672508 17.038126 17.038126 -0.000000 2.756923 2.554195 1 
25 763.332369 258.262030 762.958686 258.850772 770.003355 262.261514 7.853276 6.804139 0.880246 3.681670 3.592488 0 
26 718.693098 362.128133 718.120105 362.654637 731.669192 353.716052 16.714163 15.424593 0.966862 2.566431 2.558416 0 
27 13.164372 370.076839 12.687357 371.507912 18.031933 384.064679 14.664185 10.533574 -1.368519 4.377510 4.309982 1 
28 739.602999 355.089782 741.390251 353.899695 731.775561 353.576193 8.275468 7.601813 0.975243 0.191012 0.033634 1 
29 38.104842 246.335876 37.918943 246.894681 37.787930 260.036448 14.043648 9.810146 -1.099133 4.735516 4.722358 1 
30 732.185475 313.806521 731.971670 313.318444 728.655577 305.968645 8.140249 7.364437 0.871717 1.147640 1.146960 0 
31 764.225095 184.646265 756.741684 171.441518 760.242748 177.809267 7.545544 6.291594 0.634883 1.043366 4.209690 0 
32 42.673293 373.186085 42.692026 375.780722 50.769276 384.901820 15.056099 11.390491 -1.338238 4.107705 3.987611 1 
33 757.698494 215.050690 769.798131 226.920204 765.282749 219.010224 7.775086 6.488989 0.751756 3.622742 1.052089 0 
34 719.882633 181.609555 720.354744 181.945689 717.038696 174.776163 7.072534 7.072534 -0.000000 1.176418 1.137580 1 
35 769.042531 225.998485 757.637607 216.753502 766.272786 217.728292 8.427728 8.111299 1.031603 1.247630 3.254003 0 
36 735.092773 211.106868 734.981193 211.100321 721.193761 216.487322 15.867465 13.617015 0.630452 5.913840 5.910706 0 
37 739.286771 253.040794 737.020211 251.646515 725.118781 260.219129 16.185863 14.247307 0.715028 5.814225 5.658964 1 
38 701.803024 396.991982 700.623707 396.253511 685.386775 402.707039 17.210271 16.436475 1.051461 5.948174 5.882548 0 
39 693.723097 457.267984 694.963642 456.129398 686.743364 453.699513 8.691224 8.262794 1.462452 0.472616 0.287412 0 
40 705.015463 181.059300 705.458390 182.415852 716.963478 174.863854 15.501938 12.872720 0.558745 2.663228 2.560728 1 
41 32.069861 314.592880 32.008091 313.344724 30.412079 300.167278 14.295611 10.030767 -1.163711 1.456379 1.450266 1 
42 699.468244 347.445637 699.077503 346.943413 683.502861 352.942255 16.979822 15.986549 0.850180 5.951612 5.915531 1 
43 307.159860 402.213070 308.120195 402.382793 324.329982 397.825411 17.154438 16.443016 -1.015306 2.891406 2.867518 0 
44 44.405214 233.987018 46.060415 234.266005 45.774947 221.288114 13.841133 9.518048 -1.026516 1.678243 1.548803 1 
45 313.420732 447.652975 312.981794 447.725245 321.551008 448.623179 8.712524 8.236122 -1.434843 3.260363 3.245998 0 
46 652.886107 449.145501 652.725825 447.990985 635.762544 453.905253 17.503312 17.258099 1.187421 6.012065 5.947713 1 
47 643.304514 457.068295 643.776669 457.060977 635.780931 453.877330 8.723034 8.546485 1.231425 0.401132 0.378926 0 
48 19.640225 327.810608 19.143118 329.475386 23.743199 341.538015 14.456393 10.327263 -1.255608 4.421952 4.348063 1 
49 727.812707 213.235823 727.861864 212.126026 721.256259 216.337900 7.827477 6.770758 0.674679 5.841261 5.715562 1 
50 690.576324 358.159043 691.058992 358.023723 683.553532 352.830756 8.163653 8.163653 -0.000000 0.649054 0.605264 0 
51 728.010480 267.825919 729.075559 267.602645 725.228443 260.090230 7.552416 7.552416 -0.000000 1.225562 1.097515 1 
52 598.977457 444.223630 598.952414 444.189296 583.538134 453.768906 17.689825 17.539842 0.681128 5.729459 5.727124 0 
53 688.350946 319.449227 690.865964 319.198099 681.226310 304.696131 16.715605 15.420361 0.713289 1.120902 0.984147 0 
54 328.214565 172.149605 328.973858 173.095025 344.276437 168.156507 15.748977 13.183440 -0.427553 2.897925 2.829420 1 
55 691.342642 250.781688 692.368501 250.120281 678.572617 258.342484 16.395640 14.802928 0.600612 5.748614 5.745720 1 
56 667.989502 157.869866 666.965425 158.194866 672.298675 172.304657 15.700465 13.245776 0.445874 4.422284 4.351006 1 
57 356.051494 455.736114 354.806899 457.066035 372.234332 450.218539 17.501827 17.290226 -0.996530 2.813001 2.767209 1 
58 408.966359 460.723601 408.695068 461.237156 424.344577 451.552441 17.671169 17.671169 -0.000000 2.603844 2.587427 1 
59 679.130217 175.947150 679.566320 175.841067 672.329883 172.141207 7.762893 6.541663 0.469631 0.510237 0.472632 0 
60 690.278881 208.759459 689.142647 207.727212 675.551667 214.141404 16.105582 14.088117 0.521433 5.932820 5.842233 1 
61 617.618007 405.990243 617.648906 406.203688 634.971637 402.350618 17.404092 16.922045 0.862051 2.934856 2.922727 1 
62 693.914421 404.388391 693.945969 403.356140 685.456370 402.675030 8.541911 8.140078 1.178524 0.199867 0.080057 0 
63 593.222970 456.246809 591.967994 454.273329 583.555392 453.745069 8.841440 8.700103 1.241186 0.253221 0.062712 1 
64 73.779532 231.560510 75.367919 232.051606 77.932546 218.229603 14.185091 10.112006 -0.982452 1.872800 1.754257 1 
65 689.722282 303.789237 689.217245 303.352933 681.299777 304.549896 8.271152 7.634602 0.750333 6.193117 6.133142 1 
66 64.200520 248.535339 63.602944 248.198603 70.041248 257.763237 14.440942 10.479618 -1.062285 4.148099 4.119921 1 
67 363.681282 448.582020 363.536917 448.671760 372.266545 450.180022 8.677695 8.677695 -0.000000 3.325620 3.312679 0 
68 623.416696 156.168076 620.904596 155.397753 626.320466 170.071958 15.830956 13.470328 0.329631 4.506502 4.358824 1 
69 345.689863 160.511087 345.380424 160.909021 344.285985 168.005095 7.750377 6.621089 -0.463549 4.897576 4.865415 1 
70 6.079709 234.783158 7.294488 234.393314 15.722070 224.291260 13.520684 8.914218 -1.059932 2.314026 2.266072 1 
71 319.207482 249.871670 318.475151 252.353689 335.390137 253.971022 16.434937 14.718497 -0.577525 3.389691 3.236918 1 
72 642.466768 355.281591 643.185432 353.363870 633.819302 352.020225 8.506057 8.086113 0.581237 0.360652 0.142486 1 
73 382.300398 155.687827 381.864476 155.330973 390.080955 167.089428 15.892002 13.562013 -0.304431 4.113567 4.102488 1 
74 80.999429 193.158080 81.273337 192.799842 86.266131 180.393077 13.922419 9.679078 -0.911550 1.962108 1.953392 1 
75 683.203175 216.197107 683.569948 216.132277 675.598461 213.987360 7.938699 6.965040 0.518347 0.282789 0.262848 1 
76 644.734735 338.824395 644.257874 338.833035 633.776246 352.177095 17.181335 16.349264 0.620711 5.399622 5.378220 1 
77 493.860782 444.929910 493.787269 444.389693 477.239627 452.580284 17.924309 17.621065 -0.033675 5.851816 5.823570 1 
78 620.029809 164.249846 619.576414 166.823712 626.355042 169.935069 7.815892 6.653528 0.343542 3.873753 3.571902 0 
79 643.291452 205.051339 642.266352 204.682851 628.548392 212.217019 16.247764 14.411840 0.393750 5.830770 5.780942 1 
80 334.140203 353.176896 334.052133 353.016428 327.578090 348.079107 8.407484 7.904995 -0.907029 0.660466 0.651538 0 
81 317.868962 391.498078 318.280867 392.459460 324.329242 397.820252 8.364879 8.364879 -0.000000 3.916187 3.866798 1 
82 56.809524 171.307312 56.013777 172.075669 54.350513 184.083754 13.625174 9.099972 -0.954858 4.902528 4.850025 1 
83 12.018997 247.886477 0.921287 274.252868 7.653645 262.253176 13.761230 9.209406 -1.130328 5.007376 2.082079 0 
84 315.567159 299.938541 313.987101 300.529034 331.321946 300.162505 16.704433 15.363488 -0.667818 3.155807 3.120452 1 
85 313.544583 357.273968 313.402209 359.916955 327.597383 348.202904 16.969621 15.993912 -0.808367 2.568388 2.451666 1 
86 546.178866 443.160030 545.519038 443.339091 530.465509 453.349491 17.921441 17.618180 0.132469 5.707894 5.696346 0 
87 539.143222 455.284408 539.333079 455.216276 530.538848 453.277794 8.857569 8.857569 -0.000000 0.229114 0.216957 0 
88 323.307165 209.210004 324.554526 209.729178 339.738608 209.959750 16.106758 14.016141 -0.495802 3.187190 3.156777 0 
89 337.788592 304.235001 338.072710 304.153242 331.299840 300.043465 8.270063 7.598826 -0.661930 0.573537 0.545404 1 
90 416.253888 446.954551 416.158564 447.380682 424.343008 451.517947 8.807749 8.807749 -0.000000 3.655227 3.609633 1 
91 686.405552 260.432382 686.434469 260.240285 678.639869 258.217094 8.112219 7.365743 0.654124 0.277886 0.253959 0 
92 355.811386 399.570527 356.796617 400.647855 374.496170 398.916375 17.148216 17.148216 -0.000000 3.106597 3.044077 1 
93 329.422050 248.428686 329.571212 249.431611 335.402906 253.892008 8.115819 7.270129 -0.620535 3.881799 3.794533 1 
94 643.949348 247.586092 643.239642 246.907586 630.539118 256.742123 16.598016 15.159400 0.444248 5.684121 5.624287 1 
95 572.255721 154.246429 571.994063 154.951716 579.455609 168.354700 15.947708 13.783268 0.194362 4.240511 4.204410 1 
96 389.147884 173.594500 389.623406 173.998505 390.111835 166.956049 7.832742 6.778694 -0.329315 1.714996 1.640040 0 
97 440.676213 160.574619 441.040041 159.799124 436.909092 166.433526 7.889444 6.822195 -0.182639 5.283809 5.269301 0 
98 369.611419 207.481842 370.809267 207.993120 386.584220 209.181879 16.280689 14.349758 -0.356625 3.241422 3.216808 0 
99 643.791117 404.045743 643.546956 403.355906 635.037353 402.309832 8.566769 8.566769 -0.000000 0.195765 0.122315 1 
100 341.096282 202.267311 340.662546 202.490653 339.700772 209.722840 7.941768 6.935547 -0.517031 4.897426 4.844598 1 
101 564.900522 349.446386 565.915003 349.890036 582.865303 351.347318 17.324961 16.668452 0.370284 3.247015 3.227356 0 
102 477.870293 152.872214 477.953168 153.380158 484.272824 166.650538 16.067789 13.876368 -0.068979 4.277393 4.267944 1 
103 572.835661 171.674489 572.347842 171.950989 579.439191 168.185568 7.892048 6.884167 0.220478 2.655530 2.653463 1 
104 614.481898 305.776570 616.149729 310.000238 632.271801 303.498492 16.924229 15.879924 0.553812 3.014231 2.758260 1 
105 409.341502 350.699285 409.811378 353.188501 427.835015 349.360060 17.350845 16.709014 -0.360937 3.069303 2.932291 1 
106 471.440473 346.815923 470.258048 347.619610 479.397931 349.772201 8.654927 8.326470 -0.104316 3.497300 3.372894 1 
107 366.352467 395.998471 366.433021 396.060003 374.510833 398.843410 8.656546 8.401974 -0.984116 3.477122 3.473426 1 
108 565.929962 407.066467 565.755683 407.324899 583.335407 401.914342 17.415235 17.415235 -0.000000 2.853804 2.843020 0 
109 461.851317 410.089898 463.689960 409.908781 478.284585 400.650564 17.695783 17.318490 -0.085460 2.620206 2.576292 0 
110 486.597515 454.340020 485.801321 453.931864 477.310561 452.562898 8.876484 8.876484 -0.000000 0.189071 0.159854 1 
111 460.485996 346.894059 460.889846 349.949182 479.364041 349.928601 17.442918 16.808547 -0.132034 3.300974 3.140479 1 
112 392.353238 340.133159 392.535949 339.916914 377.094663 348.767596 17.182736 16.420604 -0.597983 5.768236 5.762718 1 
113 513.404805 354.063496 514.789751 355.070412 531.188205 350.621114 17.463445 16.839079 0.089825 2.950385 2.876647 0 
114 369.472961 344.130242 369.543340 345.327927 377.104203 348.650463 8.506377 8.122504 -0.625769 3.676354 3.555629 1 
115 407.811201 398.408440 407.476468 399.905391 425.969432 399.836840 17.545770 17.194437 -0.424819 3.220095 3.137886 0 
116 591.840647 404.340801 591.518826 404.071776 583.361475 401.849724 8.727867 8.592174 0.927753 0.285748 0.265946 0 
117 520.401848 155.372672 521.084148 156.571518 531.932453 167.272914 16.045317 13.893585 0.064290 3.942765 3.920174 0 
118 537.319603 162.097490 536.691527 161.028745 531.982130 167.109141 7.919477 6.858453 0.072340 5.529260 5.371400 1 
119 638.326984 255.847069 638.978562 255.733801 630.590152 256.663870 8.196288 7.507106 0.465781 6.178002 6.172761 0 
120 -0.687205 289.429805 2.586679 314.721761 0.179252 301.665477 14.060555 9.475523 -1.180286 4.641693 1.388456 0 
121 516.141152 411.574741 516.094405 412.239445 530.860978 401.342944 17.710837 17.349636 0.152139 2.534161 2.505870 1 
122 594.205708 202.616058 595.000000 202.000000 580.524908 210.694734 16.341663 14.603395 0.237372 5.749772 5.742274 0 
123 636.477443 213.440801 636.799370 213.377804 628.584628 212.040585 8.028709 7.120979 0.419174 0.175577 0.161368 0 
124 372.653955 296.094368 372.682751 296.659000 380.017496 300.079458 8.379543 7.832132 -0.534109 3.637648 3.577948 1 
125 597.750778 297.208866 598.790714 295.978317 582.269690 302.407288 17.070239 16.116069 0.343732 5.959224 5.912077 1 
126 589.951755 357.774332 589.319883 356.307861 582.912967 351.182712 8.591283 8.245201 0.396961 0.752603 0.674704 1 
127 21.964229 176.578531 21.993802 178.532103 24.416533 187.877052 13.316974 8.548310 -0.988292 4.498658 4.458718 1 
128 436.482939 350.268778 436.210709 350.193675 427.866131 349.170133 8.457297 8.457297 -0.000000 0.126816 0.122050 0 
129 489.050524 160.702521 488.201305 159.927937 484.351181 166.523794 7.921660 6.870916 -0.067371 5.391547 5.240751 1 
130 489.737530 256.992091 489.448094 256.623738 481.834470 253.737946 8.304877 7.754975 -0.097274 0.390601 0.362299 1 
131 472.000000 398.000000 469.558860 397.233578 478.299665 400.574525 8.747985 8.677629 -0.537890 3.529556 3.506682 1 
132 431.979253 153.129230 431.803841 153.182458 436.871928 166.616441 16.000086 13.766676 -0.186596 4.364389 4.351640 0 
133 364.020316 295.886158 362.795859 295.804638 380.026166 300.211387 16.906507 15.816776 -0.485474 3.405517 3.391981 1 
134 437.369530 303.864586 437.659884 303.812465 429.947215 300.353779 8.260283 8.260283 -0.000000 0.441821 0.421558 1 
135 380.102763 205.031427 380.178804 205.333423 386.589778 209.044618 8.031170 7.148364 -0.409616 3.695613 3.666339 1 
136 366.972496 253.047017 365.750785 253.444043 383.199778 253.610041 16.629216 15.076144 -0.425923 3.176275 3.151106 1 
137 463.672111 301.909230 462.163378 303.392127 480.528145 300.892746 17.190196 16.209806 -0.101996 3.081362 3.006327 1 
138 411.556792 303.848444 412.997479 305.999802 429.925388 300.483415 17.090641 16.124678 -0.302374 2.960407 2.826569 1 
139 638.628170 308.838993 639.738485 309.716528 632.319562 303.398792 8.366917 7.876989 0.570517 0.711618 0.705405 1 
140 585.090058 240.487757 581.858229 237.421572 581.485489 255.465532 16.749034 15.350199 0.268247 4.948559 4.733043 1 
141 414.871213 255.607913 415.179010 255.797644 432.161126 253.572178 16.749606 15.371129 -0.264963 3.024391 3.011288 1 
142 434.667038 400.397672 434.991942 400.321967 426.001941 399.792447 8.723477 8.565780 -0.822407 0.069733 0.058833 0 
143 572.212056 208.688926 572.018259 208.868992 580.544394 210.609692 8.063311 7.211112 0.208430 3.368154 3.342985 1 
144 521.780888 400.357314 522.355229 400.556454 530.924277 401.306041 8.736083 8.709006 0.599553 3.244984 3.228847 1 
145 520.704512 219.725796 521.343710 222.811153 531.817261 209.642838 16.457751 14.692078 0.099027 2.404741 2.242702 1 
146 522.899156 346.977742 522.585192 347.987235 531.251537 350.455254 8.627912 8.379427 0.127589 3.536114 3.419030 1 
147 540.421886 208.922699 539.824497 208.890904 531.892346 209.493254 8.107451 7.293934 0.074605 6.216393 6.207393 1 
148 451.197708 206.381004 451.439384 205.571216 434.467498 208.887524 16.406387 14.614268 -0.220085 6.134471 6.090217 1 
149 465.014711 258.099741 465.201448 258.284408 481.798245 253.892076 16.832067 15.497773 -0.092432 2.895953 2.882875 0 
150 546.042950 292.283915 546.209062 291.951161 531.470095 301.558706 17.192704 16.216286 0.127614 5.716400 5.705513 1 
151 376.313924 258.437102 376.429658 258.910769 383.237605 253.507425 8.213700 7.501457 -0.475586 2.522857 2.470716 1 
153 545.179420 246.222814 546.083049 244.212288 531.697348 254.486996 16.866759 15.553920 0.086410 5.733279 5.662972 1 
154 472.612120 197.335941 471.834014 197.335908 483.028165 209.065288 16.448708 14.663400 -0.063678 3.986225 3.950335 1 
155 522.981917 302.008876 523.047161 302.204181 531.538827 301.392530 8.486818 8.050338 0.048031 3.069688 3.046300 1 
156 589.692702 256.234605 590.165677 256.280718 581.527620 255.315962 8.272571 7.683221 0.263791 0.112038 0.111226 0 
157 591.165882 302.568832 590.901776 302.430746 582.271483 302.313592 8.443615 8.031754 0.301279 0.028689 0.013574 0 
158 440.421175 255.225857 440.771957 253.493022 432.181523 253.464742 8.257274 7.684186 -0.339128 0.210568 0.003292 1 
159 491.246893 208.320107 491.248717 207.775464 483.066657 208.867313 8.102100 7.277023 -0.067778 6.216391 6.150525 1 
160 439.224029 202.475152 439.405082 201.326612 434.505971 208.736167 8.078606 7.310160 -0.217711 5.358165 5.296589 1 
161 486.259643 306.973169 486.224975 306.850614 480.581324 300.773545 8.475261 8.120374 -0.082965 0.829258 0.822360 1 
162 529.216256 261.982245 530.035825 262.062523 531.750563 254.365891 8.279534 7.802787 0.068017 1.892018 1.790007 1 
163 0.403588 328.220765 -0.242855 353.929061 -13.002707 339.320189 16.859850 16.859850 -0.000000 5.591647 0.852855 0 
166 -0.117372 179.230946 0.634246 200.332633 -3.341432 191.815815 12.975180 7.901422 -1.015438 4.963181 1.134057 0 
168 1004.494242 374.486115 1005.349858 375.959733 1008.147012 362.491834 14.798030 10.367181 1.316980 1.866415 1.775576 0 
169 1016.710587 421.824598 1017.222263 420.012804 1013.098606 404.886397 14.830256 10.341427 1.411011 1.360699 1.304650 1 
170 992.112653 323.052132 991.922422 323.424946 1002.227889 320.944328 14.571021 10.167897 1.231292 2.936153 2.905377 0 
171 987.429570 288.146453 987.745447 288.139573 995.354963 280.628174 14.414576 9.985145 1.152386 2.382550 2.362683 0 
173 986.998085 255.225487 989.889484 255.803252 987.957305 241.448186 14.193970 9.573701 1.079774 1.640307 1.437001 0 
174 1021.267012 461.997122 1023.134817 435.983590 1017.262495 448.013761 15.001202 10.503560 1.488555 1.291884 5.166498 0 
181 977.192344 190.013940 976.026472 189.067034 979.627676 203.970192 13.973088 9.252925 0.997808 4.539631 4.475294 0 
182 1016.681994 398.041697 1011.217192 411.620815 1011.005873 405.724567 7.584389 7.584389 -0.000000 5.348685 1.534972 0 
184 1022.799070 295.080863 1022.149789 269.181228 1024.064958 282.435378 13.737382 8.962358 1.226126 1.670570 4.568886 0 
185 1022.021248 256.528274 1021.705355 236.386903 1016.922252 244.268225 13.793450 8.917176 1.102265 1.176656 5.257860 0 
187 1021.148632 286.783234 1022.997397 275.667059 1027.561151 280.721172 7.945215 7.945215 -0.000000 2.384281 3.977931 0 
188 980.159000 197.584942 981.713308 211.397373 977.885530 205.868957 7.185843 7.185843 -0.000000 4.980235 0.965201 0 
189 1010.035854 220.839252 1011.710000 221.663911 1008.538452 207.660962 13.643057 8.653779 1.047022 1.457655 1.348063 0 
213 955.726432 522.974807 955.033655 502.998833 1185.573955 504.184668 230.503258 230.503258 0.000000 3.060024 3.146736 0 
