1 761.645492 574.628204 761.148993 578.017936 785.832050 566.733736 24.802897 22.765433 -0.648228 2.826096 2.712797 0.000000
2 737.804901 562.754192 739.454841 561.847936 713.440329 566.934987 24.757249 23.407702 -0.369084 6.113247 6.090075 0.000000
3 814.177542 488.292354 815.321594 487.864031 789.934555 494.524162 25.465073 24.031694 -0.960461 6.031577 6.026623 0.000000
4 235.000000 539.000000 236.063133 541.005007 253.492253 538.514990 21.267837 16.449710 1.115850 3.115371 2.999688 0.000000
5 810.095032 247.032543 805.975915 241.015470 790.703307 264.060669 26.196867 24.788719 1.195720 5.562595 5.297657 0.000000
6 190.495854 540.529795 191.387146 542.157495 204.015871 532.362389 20.492783 14.930711 1.179450 2.598166 2.481895 0.000000
7 817.378301 417.903024 818.066582 417.704964 792.177036 418.999344 25.972459 24.735573 -1.301109 6.239710 6.233231 0.000000
8 177.761583 411.819055 177.900967 414.977660 194.880696 411.541880 21.025822 15.747258 1.412939 3.125403 2.941942 0.000000
9 814.045427 325.778211 812.707215 326.303992 792.498324 341.612590 26.184214 24.978671 1.507202 5.649436 5.634890 0.000000
10 185.189156 459.644922 183.520729 460.006120 198.797271 472.856449 20.815065 15.474601 1.281863 3.912205 3.840944 0.000000
11 176.813281 354.410164 175.378505 355.075294 192.287237 349.337628 21.117998 15.898835 1.542467 2.824820 2.814453 0.000000
12 692.579118 505.541773 693.168122 506.686155 716.049519 494.831465 25.027457 25.027457 -0.000000 2.713485 2.663576 0.000000
13 765.194396 198.447525 764.220649 199.119939 786.851876 187.966918 25.864612 24.108515 0.887728 2.690887 2.683709 0.000000
14 176.059527 289.893615 174.826388 290.165104 191.246169 286.905707 21.041340 15.793095 -1.489761 2.947328 2.945636 0.000000
15 290.039388 553.944431 291.807779 555.039585 307.694713 544.454520 22.065652 17.909666 1.050510 2.648389 2.553861 0.000000
16 175.226042 233.187654 176.220799 233.463018 191.609112 225.157129 20.876176 15.504205 -1.353013 2.685838 2.646651 0.000000
17 232.302930 481.186560 231.596771 485.007471 248.589448 476.780015 21.657888 16.982045 1.243107 2.877355 2.690684 0.000000
18 664.596515 568.895644 665.602354 568.795866 640.244159 565.704387 24.609018 23.398606 0.051190 0.130303 0.121314 0.000000
19 762.038231 128.701186 762.509091 131.475522 781.157090 114.879867 25.360486 22.990034 0.654234 2.515652 2.414362 0.000000
20 223.908744 347.739501 223.371950 348.773671 242.290449 348.273708 21.958435 17.619132 1.538671 3.170646 3.115172 0.000000
21 223.471394 288.367451 222.944026 288.815516 241.162923 283.205547 21.896250 17.550628 -1.471915 2.857701 2.842885 0.000000
22 739.223424 327.019979 739.293678 326.358605 717.207008 342.009141 26.237677 25.547055 1.441115 5.685450 5.666713 0.000000
23 743.039903 422.014297 743.403451 420.900038 717.328853 419.361859 25.905672 25.398891 -1.336124 0.102800 0.058923 0.000000
24 724.494552 98.026521 724.998683 97.000640 707.673127 115.389590 25.220811 23.616995 0.421420 5.481944 5.468021 0.000000
25 592.177674 563.457370 592.564676 562.878642 567.719755 563.339771 24.334916 22.941019 0.424922 0.004808 6.264627 0.000000
26 176.467253 171.149145 178.072483 171.077947 193.549499 165.038109 20.566095 15.115274 -1.233640 2.798037 2.769523 0.000000
27 226.675662 411.961320 226.122376 414.036576 244.874048 413.061424 21.850464 17.493746 1.387530 3.201970 3.089636 0.000000
28 282.441718 423.988425 282.360184 424.092370 299.806542 414.551222 22.742113 19.087447 1.374645 2.643779 2.641144 0.000000
29 222.802232 217.889036 223.243836 218.711088 241.461657 219.113640 21.656345 17.191209 -1.325132 3.207128 3.163686 0.000000
30 347.241454 557.880581 348.294822 557.988815 366.499821 550.138222 22.754697 19.388675 0.973963 2.759341 2.734455 0.000000
31 733.822047 173.296676 731.711350 170.190364 712.264044 188.470257 25.773245 24.765879 0.669440 5.669881 5.528721 0.000000
32 278.037267 290.181762 278.186946 292.045240 296.239356 279.731752 22.767451 19.265291 -1.471706 2.620427 2.542984 0.000000
33 284.213550 486.974769 284.663405 487.019834 303.216974 480.601129 22.476500 18.639664 1.203322 2.817988 2.808526 0.000000
34 665.972655 490.625695 667.038770 490.192282 641.331357 494.171640 24.953270 24.953270 -0.000000 6.140264 6.129610 0.000000
35 734.542786 248.261387 734.941274 246.022063 715.502720 264.509859 26.104045 25.401417 1.057035 5.576730 5.522850 0.000000
36 472.423042 561.716825 473.109860 563.240916 497.260005 559.826925 23.972826 22.083999 0.664205 3.065647 3.001158 0.000000
37 225.278298 159.595029 224.033984 160.015490 243.055803 156.750656 21.378783 16.619041 -1.174487 2.982939 2.971613 0.000000
38 278.799135 354.995510 278.205339 356.012376 297.438106 347.184006 22.816272 19.387805 1.542109 2.744734 2.711257 0.000000
39 276.925105 218.419258 275.542292 219.158236 296.195744 213.097405 22.494649 18.883854 -1.281905 2.872145 2.856152 0.000000
40 652.573159 102.507199 653.028144 101.987704 633.408501 117.616880 25.001212 23.746669 0.047609 5.615549 5.610516 0.000000
41 284.281638 133.106774 283.801245 134.666462 297.432312 148.525499 22.159045 18.262200 -1.111013 4.006212 3.935283 0.000000
42 415.717372 571.719509 416.104088 571.386353 429.857882 555.339715 23.405604 20.833278 0.863243 2.282955 2.279406 0.000000
44 666.751872 409.951708 665.439397 409.964489 641.637350 419.285596 25.561476 25.561476 -0.000000 5.927352 5.909933 0.000000
45 339.681800 421.579218 338.750898 422.067256 359.835512 415.883155 23.519114 20.814788 1.337297 2.866146 2.856295 0.000000
46 342.455712 486.596213 341.448347 489.059403 362.820206 484.223526 23.262242 20.249212 1.128670 3.025605 2.919067 0.000000
47 561.411030 97.401738 560.983875 97.041826 559.939072 121.606870 24.595170 23.290586 -0.340080 4.773126 4.754895 0.000000
48 370.487113 156.213319 371.009387 156.019331 356.673103 140.669593 22.874272 19.722080 -1.029027 0.844249 0.819524 0.000000
49 542.883562 428.416148 542.814707 429.041298 566.718446 418.836233 25.414317 24.823015 1.125702 2.759425 2.738094 0.000000
50 405.701201 496.374006 406.799450 498.132180 427.089691 487.585331 23.959673 21.706158 1.022644 2.751719 2.662232 0.000000
51 588.956080 481.306191 589.611433 479.913575 567.397438 492.646481 24.949465 24.109389 0.655826 5.798939 5.762710 0.000000
52 658.019558 174.994063 657.080242 175.055137 636.799457 190.164455 25.210092 25.210092 -0.000000 5.662525 5.642888 0.000000
53 416.313257 108.355527 409.914806 113.560448 420.528990 133.379480 23.531963 21.172455 -0.881392 4.545488 4.220703 0.000000
54 339.779613 357.636580 337.944252 359.002087 357.652603 346.172846 23.642857 21.024351 1.542844 2.571287 2.564547 0.000000
55 336.083875 201.296230 334.885989 202.163837 356.015155 207.293673 23.266395 20.534680 -1.213340 3.433880 3.379769 0.000000
56 615.001130 272.840659 613.506597 275.147651 639.405401 265.686116 25.709798 25.709798 -0.000000 2.856416 2.791329 0.000000
57 400.991674 284.004062 399.908134 288.041580 421.403180 272.935172 24.382357 22.566966 -1.390196 2.644691 2.529000 0.000000
58 661.636185 328.540451 663.297074 327.139116 641.037242 342.573774 25.826357 25.826357 -0.000000 5.685145 5.676912 0.000000
59 471.056194 490.325703 472.602786 490.686235 495.612781 490.392255 24.556929 23.084944 0.887978 3.144303 3.128817 0.000000
60 481.980035 104.757753 481.690068 105.337858 488.609191 126.854952 24.146929 22.395487 -0.667042 4.420932 4.401268 0.000000
61 335.728962 268.980951 334.238956 271.164888 356.365008 276.132930 23.568584 20.932387 -1.424929 3.475215 3.362463 0.000000
62 410.744459 114.531140 417.540773 110.826972 461.236805 216.995207 114.196187 114.196187 -0.000000 4.254533 4.321945 0.000000
63 516.075163 408.496113 516.958940 407.030825 494.049518 418.087583 24.915489 23.832912 1.210101 5.872481 5.833531 0.000000
64 470.054951 212.621130 469.876698 213.037243 489.692669 197.063067 24.604987 23.492768 -0.930940 2.471593 2.463127 0.000000
65 468.544352 351.622770 468.712622 352.984991 492.527070 344.181648 25.059908 24.078997 1.452301 2.840741 2.787508 0.000000
66 446.668445 408.191093 445.868319 406.150046 424.759715 417.111779 24.265275 22.391672 1.271245 5.896509 5.804216 0.000000
67 404.321476 185.257021 402.068145 187.117141 420.616108 201.833223 23.975169 22.018829 -1.103349 3.935557 3.812300 0.000000
68 588.992047 331.073265 588.031083 329.671639 565.610175 343.316655 25.386378 25.386378 -0.000000 5.800815 5.736478 0.000000
69 585.183748 182.483600 585.645105 181.956951 562.169814 193.153716 24.772645 24.772645 -0.000000 5.849049 5.838139 0.000000
70 587.880703 258.307042 587.975826 256.863014 564.091899 267.515577 25.284295 25.284295 -0.000000 5.913853 5.863651 0.000000
72 399.552468 342.652049 398.820065 342.906306 422.874311 345.139322 24.432583 22.674035 1.514220 3.247841 3.234160 0.000000
73 469.081818 279.896452 467.692786 281.002091 491.053097 269.989833 24.957518 24.098866 -1.391434 2.717999 2.701078 0.000000
75 0.284522 493.994987 0.584288 511.007325 -37.430564 503.702473 37.937034 37.937034 -0.000000 6.031264 0.189844 0.000000
76 723.686576 165.327746 732.929114 174.170984 710.613045 188.058485 25.684166 25.684166 0.000000 5.234334 5.726523 0.000000
81 232.632250 484.983618 229.276784 472.882787 258.026970 471.586093 27.473798 27.473798 0.000000 2.656132 3.096521 0.000000
92 402.188462 286.436716 397.013907 275.992906 420.020154 271.870551 22.549873 22.549873 0.000000 2.456650 2.964290 0.000000
