1 796.773939 477.221313 795.922916 476.899052 804.194071 495.785446 19.962169 18.305382 1.506167 4.332139 4.299607 0.000000
2 762.935771 162.897252 762.786448 163.019961 771.861505 177.809286 17.642463 13.738189 0.573547 4.173030 4.162013 0.000000
3 773.964440 207.111512 773.520519 207.939441 778.806107 223.974818 18.141149 14.706039 0.650240 4.432797 4.393984 0.000000
4 728.026392 491.804973 729.126115 492.262967 748.137826 497.435164 20.344050 19.378441 1.454502 3.414555 3.407217 0.000000
5 813.985154 450.983497 814.891834 451.768989 801.008899 437.129622 19.706467 17.877385 1.229063 0.818097 0.811913 0.000000
7 781.598474 255.408863 781.003897 255.942083 785.407731 273.193579 18.616169 15.670812 0.744554 4.501390 4.462454 0.000000
8 726.880531 190.533666 729.163210 190.319861 722.052632 174.235556 17.963500 14.314684 0.483743 1.282807 1.154547 0.000000
9 730.974953 253.070856 729.425078 253.189772 733.050630 270.936081 18.978623 16.407819 0.616545 4.596722 4.510863 0.000000
10 805.011215 398.558768 805.011024 397.039768 796.592062 380.160251 19.384784 17.237878 1.017772 1.141641 1.108135 0.000000
11 791.291963 306.497735 791.166462 306.760900 791.436295 325.343427 19.027683 16.565069 0.870446 4.704730 4.697869 0.000000
12 719.203439 205.893667 717.843181 204.331984 727.728497 220.992216 18.515798 15.383883 0.549282 4.198385 4.176875 0.000000
13 255.362230 510.189704 255.750818 509.236053 255.919548 489.076313 20.193377 18.945405 -1.420355 1.597187 1.579166 0.000000
14 707.000000 511.000000 706.494610 510.591840 689.094401 498.590236 20.522327 20.522327 -0.000000 0.606057 0.603806 0.000000
15 281.777148 159.488674 281.368934 159.481689 293.616126 168.998557 17.831134 14.128489 -0.481950 3.818324 3.802192 0.000000
16 760.060887 451.214025 761.478209 451.869661 745.717211 437.550246 20.140770 18.990840 1.128755 0.761127 0.737511 0.000000
17 666.485577 155.170421 666.011134 154.965736 670.250995 171.173110 18.229103 14.773406 0.365392 4.481294 4.456522 0.000000
18 609.167705 153.207520 608.856609 153.534119 616.775568 168.893266 18.468348 15.057761 0.243131 4.260799 4.236351 0.000000
19 332.030125 157.087302 332.453622 158.068870 344.920346 167.343502 18.098176 14.586221 -0.369307 3.813680 3.781211 0.000000
20 665.381166 200.309315 662.603644 204.071724 674.439086 218.228739 18.821835 15.926155 0.427326 4.244367 4.016072 0.000000
21 506.275563 476.421994 504.228997 477.497036 500.703389 498.290733 21.270360 21.270360 -0.000000 4.961881 4.880343 0.000000
22 745.594810 341.217199 746.088163 342.136639 737.907069 323.819727 19.399339 17.339906 0.716309 1.154708 1.150739 0.000000
23 326.237748 449.663420 328.965222 450.554361 317.829611 431.996677 20.288021 19.481187 -0.974932 1.126589 1.030337 0.000000
24 499.386560 151.758758 498.992610 151.497504 507.129250 166.205468 18.524458 15.370745 -0.012334 4.220398 4.207082 0.000000
25 272.000000 206.000000 268.566444 209.329326 286.214875 215.288769 18.306929 15.123710 -0.566168 3.720392 3.467246 0.000000
26 315.378491 513.988697 315.968993 512.211856 313.934782 492.207092 20.562029 19.959370 -1.388881 1.504612 1.469458 0.000000
27 730.094361 362.529169 730.464950 363.498693 742.185752 379.466389 19.791339 18.223434 0.863044 4.092398 4.079186 0.000000
28 572.975816 519.229786 572.884196 518.837416 564.628318 499.056691 21.423730 20.992529 0.101967 1.178456 1.175406 0.000000
29 241.677823 423.630483 241.905307 425.948196 260.574174 429.949482 19.914677 18.597861 -1.138065 3.464306 3.352728 0.000000
30 648.704426 506.719301 647.708574 506.298018 627.668502 499.157134 20.955505 20.955505 -0.000000 0.345102 0.342303 0.000000
31 377.184105 516.214450 377.634429 516.366659 374.539488 494.831346 20.845652 20.692139 -0.892953 1.447743 1.428059 0.000000
32 416.255642 166.411883 416.417539 166.394452 397.962194 166.258623 18.341615 15.052290 -0.263359 0.008378 0.007360 0.000000
33 330.000000 198.000000 325.199443 202.298902 338.936308 214.109725 18.611652 15.755472 -0.427884 4.205933 3.851743 0.000000
34 675.165277 421.123729 674.722171 421.294180 687.447699 437.800764 20.144152 20.144152 -0.000000 4.077592 4.055623 0.000000
35 678.982014 359.102459 678.474776 360.531353 684.920914 378.930031 20.158512 18.963897 0.638327 4.421366 4.375395 0.000000
36 443.196171 150.145849 440.835682 153.122233 452.208175 165.884680 18.447389 15.312680 -0.131046 4.192363 3.984518 0.000000
37 582.170444 163.013902 579.271436 161.904750 562.213925 167.150766 18.558782 15.260651 0.115637 6.078786 5.984818 0.000000
38 254.258240 313.937263 254.515751 314.027128 272.349333 317.289515 19.223958 17.057803 -0.767538 3.324813 3.322527 0.000000
39 249.261055 382.809071 248.914531 383.840059 266.107024 372.464560 19.634825 17.873174 -0.945449 2.590896 2.557068 0.000000
40 611.411868 199.856346 608.959292 199.772659 619.361084 216.204878 19.035935 16.303436 0.274879 4.259814 4.148049 0.000000
41 633.347514 457.951393 634.007108 457.754665 626.865304 437.755320 20.842303 20.299867 0.508941 1.260219 1.227809 0.000000
42 264.694737 256.320781 264.389622 256.143980 279.132771 264.791321 18.790976 16.166434 -0.658662 3.672162 3.672051 0.000000
43 325.587089 392.815543 327.085949 392.727209 322.421281 373.576101 20.001427 18.729314 -0.727165 1.407710 1.331877 0.000000
44 419.219405 510.606940 420.007219 510.678791 437.075866 496.912917 21.256086 20.946708 -0.115975 2.487366 2.462901 0.000000
45 386.855629 198.369803 385.036919 197.913876 393.489381 213.357340 18.913666 16.222357 -0.289085 4.295691 4.211608 0.000000
46 677.715481 250.423157 677.167506 250.848371 678.339409 268.807747 19.330021 17.084152 0.488355 4.678464 4.647228 0.000000
47 678.800916 341.303002 679.114396 340.509761 681.868130 322.456460 19.806624 17.979136 0.579802 1.732129 1.722163 0.000000
48 620.660264 358.168281 618.995282 358.030941 625.486743 378.225190 20.491993 19.487420 0.462177 4.476240 4.401370 0.000000
51 618.012033 301.932458 617.469778 302.898782 623.777422 321.210833 20.083968 18.480662 0.381179 4.421795 4.380664 0.000000
52 381.331264 453.799405 385.064718 454.438738 377.557859 433.778470 20.656860 20.134782 -0.703001 1.384509 1.222280 0.000000
53 320.171961 251.588244 320.537048 252.103119 333.071438 264.166116 19.169618 16.861649 -0.513034 3.914368 3.907829 0.000000
54 309.077035 313.003660 308.166558 313.042882 327.532718 317.458924 19.587313 17.800523 -0.588547 3.378464 3.365788 0.000000
55 574.043152 395.997617 575.925036 395.846445 564.602326 377.435135 20.711186 19.682497 0.195194 1.100295 1.019430 0.000000
56 377.284823 250.309459 376.324941 250.145481 389.219553 263.969366 19.444347 17.470957 -0.357810 3.994293 3.961757 0.000000
57 437.138727 200.396165 436.880212 200.910561 449.456126 213.186640 19.038581 16.485868 -0.155775 3.945830 3.914927 0.000000
58 618.169316 249.483177 616.685389 248.175847 621.714106 267.002114 19.608355 17.561693 0.314813 4.512744 4.451371 0.000000
59 555.679944 199.678208 554.971608 198.604986 563.081462 214.543744 19.171611 16.517472 0.141065 4.250425 4.241716 0.000000
60 505.769033 230.636099 507.347793 230.876081 506.182172 213.506370 19.153247 16.486873 -0.010267 1.594910 1.503790 0.000000
61 518.560268 450.987521 517.721495 450.135022 501.837377 436.475596 21.173303 20.580783 -0.009726 0.714731 0.710238 0.000000
63 374.383447 302.317797 372.900931 302.613742 384.997100 317.853945 19.945967 18.339819 -0.407763 4.113056 4.041501 0.000000
64 447.182518 395.203609 447.435873 395.241643 441.502824 375.530608 20.598537 19.658320 -0.261243 1.289734 1.278421 0.000000
65 514.984235 393.911680 514.405609 393.010783 502.972162 376.554894 20.711232 19.815504 -0.028032 0.965414 0.963573 0.000000
66 546.778818 447.472676 545.658005 448.915347 564.730823 437.287129 21.139972 20.526191 0.202492 2.625506 2.594090 0.000000
67 375.466479 354.990830 373.040781 355.767031 381.092956 374.550611 20.323878 19.305505 -0.555691 4.432296 4.307404 0.000000
68 433.244242 414.924417 429.989703 414.924516 439.182331 435.270673 20.758512 20.758512 -0.000000 4.428424 4.288030 0.000000
69 492.307618 303.126528 492.110085 303.362361 504.096514 319.130766 20.234856 18.894812 -0.021102 4.077512 4.062420 0.000000
70 496.824194 248.134534 496.041637 247.602678 505.200343 264.613866 19.678784 17.864600 0.003113 4.242138 4.218501 0.000000
71 578.132121 252.933381 572.148606 250.857828 563.802669 265.629982 19.768905 17.753473 0.181868 5.558131 5.226659 0.000000
72 452.895463 335.993377 453.056806 335.758735 444.082066 318.365653 20.145899 18.647509 -0.235060 1.107170 1.094435 0.000000
73 577.428786 335.612782 579.904669 335.529965 564.310831 320.056019 20.300540 18.761104 0.188929 0.870245 0.781539 0.000000
75 444.000000 245.000000 442.839301 245.883086 446.693520 264.101094 19.639066 17.672023 -0.185920 4.572299 4.503902 0.000000
79 36.823461 225.892810 36.116442 225.020756 22.544074 228.794668 17.544368 11.472309 -0.987592 6.082695 6.011978 0.000000
80 -1.083943 303.037274 1.795448 335.560596 2.232657 317.839544 18.270678 12.321722 -1.182376 4.491969 1.595463 0.000000
83 0.760842 272.779513 -0.759296 273.670446 12.040377 272.328739 17.794174 11.760275 -1.080397 3.101650 3.037151 0.000000
88 -0.936542 180.217844 2.656363 205.765558 0.804773 191.914980 17.003581 10.195054 -0.941434 4.564607 1.437901 0.000000
89 27.088355 225.900284 17.429886 235.465243 18.594810 227.391916 8.588497 8.588497 -0.000000 6.109339 1.714100 0.000000
91 47.827532 177.679096 46.215045 175.386251 33.965010 187.480290 17.213052 10.887321 -0.918086 5.667758 5.504195 0.000000
93 31.492482 192.832917 33.047629 194.189486 35.896375 188.603035 7.266161 7.266161 -0.000000 2.376346 5.149168 0.000000
94 0.148364 216.264677 -0.089711 238.980324 -17.500014 225.874225 19.968315 19.968315 0.000000 5.784574 0.645277 0.000000
96 4.029189 186.540283 -0.054205 198.242820 -1.755393 188.836495 7.670101 7.670101 0.000000 5.905308 1.391875 0.000000
100 0.322653 403.001434 0.251563 419.001118 -44.737716 410.050566 45.136127 45.136127 0.000000 6.128006 0.196384 0.000000
