1 213.051376 548.714551 212.882226 546.928263 194.861802 551.962613 21.369519 16.901046 0.776301 6.106481 6.010762 0.000000
2 238.727829 566.741362 238.019982 567.666553 253.765464 555.808369 21.867926 17.986678 0.647212 2.512947 2.496100 0.000000
3 820.876209 284.910581 821.423159 282.999583 800.824535 294.079811 23.593690 21.245975 -1.430917 5.854294 5.789671 0.000000
4 294.870543 564.107356 296.427984 565.241723 316.237229 558.789394 22.287860 18.897563 0.511723 2.897659 2.826707 0.000000
5 166.037979 488.991450 164.856233 491.288533 185.910695 492.944453 22.007159 18.045086 0.889821 3.337946 3.220080 0.000000
6 229.689968 507.051067 229.230743 507.672276 246.178112 495.637614 22.569417 19.257826 0.778853 2.536106 2.524107 0.000000
7 198.891848 431.393951 197.914229 431.222426 178.058102 430.166558 22.542206 19.011582 1.057712 0.058846 0.053126 0.000000
8 820.250566 209.862706 820.774776 208.666140 803.470723 223.833138 23.764705 21.347111 1.452733 5.588896 5.563507 0.000000
9 808.444271 417.860234 809.934870 416.005074 790.563329 429.747533 22.827201 19.789173 -1.003571 5.696474 5.666169 0.000000
10 220.438533 439.916869 219.298420 440.884745 239.479183 431.484981 23.088595 20.511554 0.940737 2.724712 2.705695 0.000000
11 150.214685 364.588321 150.660391 366.934176 171.499851 364.304979 22.985759 19.822054 1.248502 3.128282 3.016091 0.000000
12 815.216190 349.621693 814.467791 346.905440 796.426728 363.014823 23.250847 20.652482 -1.172448 5.663920 5.554291 0.000000
13 802.573551 481.351802 803.082225 480.944027 783.647147 493.127571 22.321575 18.738205 -0.847508 5.726611 5.723232 0.000000
14 782.451175 159.717801 784.162076 164.036817 804.368435 153.659341 23.818396 21.082645 1.208563 2.871903 2.667144 0.000000
15 754.019218 131.971581 754.383706 131.300597 738.168982 148.573325 24.420541 22.567550 1.092523 5.474634 5.466204 0.000000
16 287.930826 495.649507 286.960253 497.326595 310.258636 497.828236 23.024998 20.378786 0.633327 3.238864 3.163120 0.000000
17 211.291518 360.919445 211.011447 362.378824 233.865000 364.090237 23.585415 21.395502 1.166208 3.281145 3.216339 0.000000
18 363.525639 571.370943 363.012429 573.728616 381.500375 560.992786 22.614841 19.587035 0.343590 2.617976 2.538374 0.000000
19 755.211642 558.499655 754.955306 558.707757 775.658025 552.602964 21.678150 17.401434 -0.696985 2.860814 2.854841 0.000000
20 752.847200 202.864477 753.609543 201.730189 737.449423 220.489903 24.358385 22.928328 1.394385 5.430432 5.423480 0.000000
21 187.517902 297.854435 187.321180 297.333769 166.658501 296.128294 23.325963 20.232510 1.442859 0.082563 0.058275 0.000000
22 751.892673 275.897393 751.955080 272.651617 735.238899 292.390363 24.139560 22.752871 -1.386943 5.502638 5.415064 0.000000
23 286.000768 443.272741 285.329843 443.927850 305.004327 432.638354 23.577163 21.678712 0.815612 2.631409 2.620650 0.000000
24 143.474475 229.045170 141.726987 229.259671 163.662805 226.680453 23.492007 20.360745 -1.471767 3.024991 3.024550 0.000000
25 735.513983 548.682841 736.220121 548.027999 714.874950 556.417966 22.145102 18.506523 -0.573471 5.924606 5.908675 0.000000
26 751.683960 350.559490 752.493942 349.951850 731.667776 363.061965 23.859469 22.206107 -1.126463 5.724861 5.721355 0.000000
27 688.250074 131.224463 688.351094 130.731999 667.712580 144.615612 24.931348 23.822541 0.858301 5.705381 5.691015 0.000000
28 206.877825 299.046130 208.250246 299.482912 229.715138 294.059268 23.912816 21.913130 1.411719 2.926603 2.894098 0.000000
29 748.781147 420.535280 748.277995 419.953652 726.977008 431.303694 23.420398 21.219539 -0.865443 5.824454 5.793611 0.000000
30 204.331096 224.097746 204.078632 224.555448 227.199828 222.843071 24.105515 22.063230 -1.445711 3.086783 3.067667 0.000000
31 277.143439 369.222408 277.755461 370.931191 300.655798 363.813555 24.099666 22.729589 1.039975 2.915483 2.840249 0.000000
32 741.507051 484.474698 742.210132 484.016151 721.359951 495.964851 22.810022 19.897128 -0.679137 5.764881 5.762800 0.000000
33 685.817487 200.703655 685.593542 200.704946 667.179560 217.877579 24.820724 24.202309 1.234606 5.538645 5.532655 0.000000
34 142.049969 154.902543 142.012170 155.005645 162.760858 157.313514 23.531723 20.158715 -1.265751 3.257482 3.252367 0.000000
35 360.653634 513.841759 360.525635 514.336527 377.468192 499.357314 23.369024 21.172129 0.440884 2.430504 2.417622 0.000000
36 425.329204 561.483463 424.912930 561.616988 448.663971 562.174029 22.818868 20.081195 0.160513 3.171178 3.165042 0.000000
37 205.771032 144.450348 205.137143 145.091177 226.473470 151.601360 24.214656 21.770362 -1.158402 3.474180 3.437742 0.000000
38 275.497017 301.167667 274.838782 303.002322 297.369595 292.451518 24.390405 23.336117 1.328844 2.762383 2.703639 0.000000
39 270.003765 144.371530 271.083232 144.888365 294.891579 146.872604 24.738868 23.194996 -0.999957 3.241750 3.224743 0.000000
40 352.036606 442.182765 352.648711 444.061889 373.896400 433.364190 23.957467 22.588801 0.564807 2.758146 2.675168 0.000000
41 493.754960 568.410489 494.282730 570.008306 516.752600 562.302305 22.941703 20.119073 -0.047737 2.881986 2.811214 0.000000
42 270.900670 219.697373 270.427944 223.514805 295.400476 219.651815 24.656762 23.541820 -1.377685 3.139733 2.988120 0.000000
44 673.470306 555.256135 674.092254 554.701317 650.870945 559.248989 22.532011 19.257117 -0.412602 6.108310 6.089792 0.000000
45 615.414020 128.778829 616.346582 128.109454 593.921163 142.023067 25.426241 24.563778 0.461990 5.730928 5.727872 0.000000
46 421.016507 438.907580 421.259424 439.056607 445.082677 433.692536 24.228476 23.060171 0.244334 2.928196 2.920125 0.000000
47 341.368126 222.855032 342.554716 224.056512 367.455361 217.270487 24.843249 24.843249 -0.000000 2.930704 2.875530 0.000000
48 676.653576 489.805728 678.142749 489.010214 655.476288 498.055902 23.228150 20.852277 -0.498426 5.911697 5.903474 0.000000
49 468.191112 490.783758 467.880938 489.831678 446.765460 500.191513 23.567089 21.574140 0.197088 5.869442 5.827064 0.000000
50 685.880562 276.689850 686.412349 275.919298 665.560029 291.173406 24.303798 24.303798 -0.000000 5.663950 5.651610 0.000000
51 347.527188 371.777556 347.773974 374.004057 370.961782 363.663092 24.456755 23.722466 0.801566 2.808253 2.722099 0.000000
52 562.126664 569.059298 562.709875 568.869502 584.489463 561.282172 22.807294 19.913962 -0.233403 2.806905 2.806372 0.000000
53 343.766671 134.819152 344.259674 135.379321 367.152620 143.438436 25.180044 24.195618 -0.749111 3.494711 3.480079 0.000000
54 499.965151 159.066220 501.292835 161.164548 518.208827 140.907630 25.655206 24.879236 0.069250 2.358532 2.266560 0.000000
55 566.930122 370.701828 566.669409 371.142197 591.213049 363.192779 24.703647 24.045485 -0.489032 2.841688 2.828366 0.000000
56 429.347913 119.439664 428.721608 119.293159 442.029062 141.417520 25.480328 24.732667 -0.340505 4.189055 4.170879 0.000000
57 344.957676 284.995615 343.488388 285.651887 368.811801 291.148427 24.634876 24.634876 -0.000000 3.394025 3.355331 0.000000
58 684.466910 349.705140 683.055664 346.943286 662.949828 363.080847 24.305791 23.325142 -0.907822 5.727012 5.606842 0.000000
59 493.822059 446.125658 496.368439 447.375601 517.384269 433.649797 24.365722 23.246604 -0.078494 2.654635 2.563029 0.000000
60 683.388813 426.887082 682.191597 426.688834 659.497203 432.396010 23.839744 22.294109 -0.651414 6.056566 6.036815 0.000000
61 566.844190 297.327100 567.880464 297.990276 592.691775 290.394231 24.912850 24.912850 -0.000000 2.879540 2.844501 0.000000
62 568.234919 448.817601 569.123036 448.279677 589.260949 433.199272 24.179090 22.888807 -0.381480 2.502710 2.498824 0.000000
63 419.419813 299.877761 418.233948 301.016696 442.728154 290.430672 25.088747 25.088747 -0.000000 2.756518 2.733652 0.000000
64 568.146728 222.158823 568.702921 222.118403 593.608309 216.188698 25.264433 24.989531 0.597168 2.911277 2.907855 0.000000
65 493.805595 502.431798 492.249460 505.062051 517.084700 500.186397 23.699904 21.724637 -0.040850 3.045434 2.947738 0.000000
66 562.000000 504.000000 563.774068 506.062114 587.030588 499.507993 23.557543 21.428485 -0.283889 2.964022 2.866898 0.000000
67 417.955740 207.783024 416.434576 208.354667 442.120843 215.861234 25.285503 25.285503 -0.000000 3.464206 3.425916 0.000000
68 420.471953 369.819575 419.215737 373.009364 443.767837 363.429040 24.762655 24.231644 0.333328 2.873858 2.769560 0.000000
69 495.940825 349.351757 494.587888 350.966761 517.729538 363.277621 24.936361 24.292598 -0.074885 3.710290 3.630495 0.000000
70 539.233042 199.261483 537.684600 197.239612 518.106512 215.465389 25.582630 25.253141 0.034114 5.628897 5.533544 0.000000
71 495.196015 303.518130 495.444032 304.927720 517.966783 290.113605 25.343343 24.984228 -0.091493 2.609544 2.559796 0.000000
76 203.090781 637.244479 150.883284 630.971361 273.618799 -149.607752 789.814278 789.814278 -0.000000 1.660191 1.726756 0.000000
