1 764.830115 484.358613 763.841176 482.795272 749.321311 493.612731 17.355038 17.140974 -1.338803 5.745195 5.642885 0.000000
2 772.866832 385.511288 772.936425 383.799400 754.863506 387.934158 17.823253 17.823253 -0.000000 6.149410 6.058274 0.000000
3 764.719645 429.241052 764.554949 425.160402 752.472307 441.315937 17.896395 17.349015 -1.529806 5.504877 5.354541 0.000000
4 711.534685 478.748202 710.856603 476.055408 698.615782 490.164771 17.107558 17.107558 -0.000000 5.559443 5.426994 0.000000
5 719.084569 435.784191 718.080134 435.674373 701.158607 438.474683 17.712788 17.174514 1.350195 6.134208 6.119184 0.000000
6 663.515503 477.069992 663.248526 477.042330 648.615287 486.380394 17.149104 16.536246 1.027983 5.724694 5.715192 0.000000
7 766.250895 160.303674 766.003062 158.562247 755.759034 174.277214 17.309033 17.309033 -0.000000 5.356426 5.290074 0.000000
8 763.963390 316.467420 763.155251 316.990467 756.437907 333.986857 18.237640 17.481830 1.407168 5.118108 5.088769 0.000000
9 771.661133 217.229055 772.114153 216.784654 756.871753 226.585826 17.926368 17.308971 1.144816 5.719091 5.711732 0.000000
10 769.651376 267.508408 769.708066 266.679028 757.098267 280.011071 18.180255 17.431901 1.333887 5.499801 5.469953 0.000000
11 335.815180 464.366354 335.613125 464.907903 345.859107 456.795184 14.822675 11.765796 1.319354 2.495660 2.471875 0.000000
12 615.131163 477.318521 616.226568 475.817120 599.718332 482.442736 16.927526 16.033752 1.104007 5.962217 5.901514 0.000000
13 717.579200 374.105756 717.021260 374.366757 703.184529 385.701170 17.957832 17.295635 1.451744 5.605078 5.596874 0.000000
14 720.024870 268.359027 720.158524 268.177570 705.307776 279.008910 17.633506 17.633506 -0.000000 5.656769 5.653034 0.000000
15 719.545887 321.593220 718.437171 320.509609 704.607598 332.332295 18.055386 17.332431 1.486145 5.659890 5.575862 0.000000
16 369.721500 464.092560 369.995475 464.342323 382.713360 461.060669 15.222731 12.544658 1.277232 2.912327 2.889066 0.000000
17 689.738731 185.204316 691.583599 187.805701 704.579627 174.484594 17.227949 17.073928 0.839050 2.516050 2.343843 0.000000
18 357.335198 406.236624 355.994472 403.000472 345.378490 413.259553 14.939241 12.002028 1.391408 5.752109 5.514882 0.000000
19 720.004512 215.484340 719.668056 215.354254 705.263483 226.224027 17.660491 17.256777 1.277425 5.653549 5.636743 0.000000
20 538.254431 483.731094 537.462584 485.984584 552.345931 478.300931 16.660711 15.466115 1.136887 2.773779 2.665023 0.000000
21 668.090437 433.770990 667.544214 433.501665 650.620176 435.446610 17.505886 16.798421 1.265206 6.187565 6.168765 0.000000
22 668.885355 321.313204 667.988885 320.732332 653.548968 330.856674 17.784548 17.009146 1.499883 5.726547 5.671697 0.000000
23 637.432207 393.239539 638.158803 392.992435 652.323547 383.431917 17.709414 16.941764 1.430817 2.559187 2.547876 0.000000
24 476.034601 461.320811 475.053676 460.778597 463.174018 469.687549 15.990498 13.998673 1.226425 5.706408 5.639727 0.000000
25 435.215202 462.938639 435.132281 460.201665 421.845265 465.339027 15.617046 13.275105 1.251050 6.105542 5.914244 0.000000
26 650.942804 158.132707 650.636873 157.797203 654.039855 175.308653 16.995954 16.771924 -0.893576 4.533993 4.520452 0.000000
27 614.609623 422.794978 615.272607 422.153126 601.268914 432.282018 17.234024 16.338457 1.229540 5.665025 5.656991 0.000000
28 356.202093 362.239284 356.038728 360.897520 345.285919 369.112789 15.025640 12.052543 1.491971 5.721240 5.630777 0.000000
29 394.904554 411.969117 394.087168 410.615155 382.432522 416.304675 15.376431 12.709093 1.369569 5.948630 5.829041 0.000000
30 492.481471 478.267376 490.156549 479.974402 506.719100 474.019073 16.368334 14.765597 1.189344 2.851618 2.796421 0.000000
31 332.787802 326.278256 332.313511 330.070577 345.522523 324.737161 15.040716 12.127553 -1.552142 3.021163 2.757840 0.000000
32 335.643312 194.899760 336.047814 196.779553 348.595077 192.788608 14.715953 11.846360 -1.280283 2.980013 2.833639 0.000000
33 334.186247 237.483935 334.898754 237.677728 347.170444 236.198071 14.906998 11.968961 -1.367691 3.042881 3.021597 0.000000
34 432.919655 410.880276 433.191109 409.136610 421.779704 419.425397 15.813813 13.517337 1.362898 5.628849 5.549474 0.000000
35 397.945474 183.714289 399.335150 182.968347 385.763004 189.555939 15.124337 12.596905 -1.244836 5.836061 5.831305 0.000000
36 663.286844 211.333243 663.549493 210.304301 654.334014 226.272682 17.375803 16.990792 -1.535792 5.252275 5.235806 0.000000
37 492.866667 381.419076 492.965015 381.997296 508.112309 376.821253 16.684368 15.178142 1.437244 2.848684 2.812319 0.000000
38 619.018451 375.726755 618.948595 372.959816 602.610072 381.146206 17.412987 16.511720 1.418977 5.964180 5.818699 0.000000
39 455.509953 434.512577 455.512655 437.749695 463.503416 422.595153 16.215381 14.273240 1.326664 2.161612 2.056033 0.000000
40 368.865611 376.055615 370.544606 376.225971 382.501597 370.905923 15.428374 12.923545 1.479151 2.780497 2.722961 0.000000
41 370.652444 235.916117 370.905237 238.211915 384.453574 234.181899 15.290077 12.795911 -1.367717 3.016590 2.852473 0.000000
42 614.134298 316.888733 614.495338 314.223815 603.601990 329.543855 17.481739 16.605432 1.510977 5.406491 5.330494 0.000000
43 602.390334 160.129348 601.701193 159.113479 604.708435 176.724298 16.807761 16.219038 -1.014887 4.573600 4.543259 0.000000
44 570.447793 373.843537 570.022922 373.669846 554.444259 378.935141 17.080496 15.916689 1.441217 5.975157 5.957258 0.000000
45 538.118423 434.286827 538.244091 435.012998 553.438570 429.063203 16.954886 15.702593 1.264401 2.812990 2.768369 0.000000
46 468.009831 390.586470 472.310026 386.814827 463.920929 374.720778 16.285594 14.438327 1.464014 1.318565 0.964342 0.000000
47 658.036786 261.094461 657.605760 259.503085 654.199252 278.325602 17.661579 17.039330 1.497443 4.931522 4.891431 0.000000
48 333.454196 279.216372 333.918426 279.686231 346.182524 280.323846 15.003949 12.072799 -1.478536 3.228383 3.193536 0.000000
49 408.087564 330.241804 408.638046 331.066885 422.460910 325.803406 15.899805 13.770836 -1.553358 2.842088 2.777764 0.000000
50 494.789938 433.963816 494.177400 434.972868 507.401789 425.840949 16.592756 14.970566 1.285295 2.569400 2.537247 0.000000
51 553.023147 161.860006 552.000388 164.002235 556.876681 178.592287 16.545452 15.573919 -1.048587 4.486031 4.389840 0.000000
52 393.940883 315.850520 392.911487 316.044014 382.761354 325.227669 15.448068 12.954971 -1.556404 5.585242 5.547735 0.000000
53 412.008184 384.979303 412.421575 384.637876 422.014437 372.787223 15.887191 13.640973 1.477695 2.258043 2.251291 0.000000
54 395.229204 271.684315 395.920272 270.990933 383.436143 279.473176 15.410664 12.934316 -1.473804 5.699491 5.686390 0.000000
55 497.175624 181.019414 494.366008 182.601326 510.853255 180.921781 16.226371 14.878471 -1.140521 3.134455 3.040073 0.000000
56 434.450893 200.839194 435.096077 196.112941 425.227570 186.447609 15.517166 13.418922 -1.219807 1.000857 0.774997 0.000000
57 462.882596 167.989214 463.088646 168.851099 466.944591 183.546509 15.881586 14.129368 -1.201507 4.456992 4.455782 0.000000
58 448.684530 325.788414 449.350198 327.795653 464.453740 326.570564 16.324607 14.504474 -1.548295 3.191152 3.060657 0.000000
59 492.701971 331.806324 493.204953 333.159744 508.801462 327.396552 16.731529 15.279380 1.563555 2.874242 2.787637 0.000000
60 568.627716 317.877875 568.686558 316.862789 555.285235 328.391126 17.093908 15.995536 1.528545 5.615833 5.572777 0.000000
61 539.742129 234.501509 542.028803 236.167801 556.450585 227.697961 16.840919 15.853634 -1.271041 2.754902 2.610567 0.000000
62 588.247331 285.875045 589.584765 286.500774 604.290197 277.910064 17.346758 16.596656 -1.552378 2.680764 2.612882 0.000000
63 120.922206 415.556689 117.445564 415.097020 123.100267 427.927965 13.110965 7.510996 1.413165 4.538117 4.297289 0.000000
65 103.062149 376.974030 121.023788 380.067419 91.958063 392.725724 17.474689 17.474689 -0.000000 5.326426 0.761938 0.000000
66 602.339321 243.719768 602.582299 244.414629 604.643622 226.819806 17.087003 16.471401 -1.326747 1.706310 1.687420 0.000000
67 408.541679 282.146642 409.930032 282.006234 423.132413 278.860687 15.857008 13.714661 -1.496366 2.920080 2.907697 0.000000
68 424.032189 215.047765 422.910333 216.592575 424.007548 232.243313 15.709608 13.594466 -1.358142 4.713822 4.642397 0.000000
69 451.159937 286.801477 452.432404 287.930004 465.123450 278.274488 16.281447 14.480979 -1.467115 2.593370 2.491207 0.000000
74 478.723820 221.304072 479.360708 220.033748 465.941431 230.478676 16.104591 14.357007 -1.328568 5.660643 5.621784 0.000000
75 541.259218 284.841918 540.607553 285.988201 555.942700 277.812128 17.038257 16.019176 -1.513042 2.695085 2.651771 0.000000
76 51.433730 373.227754 50.588822 398.644962 40.919868 388.022012 15.719085 15.719085 0.000000 5.330241 0.832377 0.000000
77 81.211974 433.707023 80.649791 409.167828 96.684126 420.504963 18.762459 18.762459 0.000000 2.435198 3.757037 0.000000
78 507.706141 245.758932 508.234185 245.685215 510.080478 228.951732 16.464525 15.082800 -1.297163 1.711137 1.680687 0.000000
80 142.540059 382.059171 142.064466 381.470528 142.894427 395.257032 13.575534 8.192978 1.473986 4.685545 4.652261 0.000000
81 85.424855 410.559049 108.463998 437.077692 72.948359 424.138353 18.736859 18.736859 -0.000000 5.455488 0.625048 0.000000
83 139.979290 346.577214 139.350660 344.146711 142.246870 359.290363 13.658400 8.236757 1.541929 4.535880 4.523422 0.000000
84 97.176024 402.968439 101.020791 378.586640 111.208992 389.968651 16.736368 16.736368 -0.000000 2.394395 3.982280 0.000000
85 156.857839 403.048367 158.094672 402.907350 165.873118 397.091408 13.999536 8.895538 1.472400 2.557689 2.499565 0.000000
87 122.542413 423.745344 123.899375 422.144152 119.786713 428.877732 6.149842 6.149842 -0.000000 5.205137 0.833104 0.000000
88 139.496577 440.458857 141.723495 439.257596 144.367554 430.772382 13.495143 8.119608 1.414671 2.036732 1.872868 0.000000
89 496.473842 287.783183 496.596804 288.114974 509.390816 277.949940 16.704444 15.224546 -1.472024 2.490921 2.470205 0.000000
90 166.508663 337.278661 165.894277 337.026167 164.561939 323.136771 13.899918 8.545317 -1.558036 1.433999 4.525153 0.000000
91 47.360663 426.079843 51.035236 405.030113 62.869681 415.388691 17.365679 17.365679 0.000000 2.538050 3.860587 0.000000
92 121.904514 398.899208 124.219496 398.010281 124.717026 393.125902 6.307442 6.307442 -0.000000 2.024118 4.203534 0.000000
93 104.155480 430.333585 104.430907 431.301250 106.815063 424.684917 6.548739 6.548739 -0.000000 2.010840 3.973465 0.000000
95 70.957278 380.005139 86.936539 379.952353 53.131666 390.442722 19.482285 19.482285 0.000000 5.753467 0.511515 0.000000
99 125.807590 333.627054 107.159911 332.973275 120.699156 323.692987 13.184100 7.726145 -1.551874 1.095827 1.047620 0.000000
100 67.487981 407.138271 73.898254 427.124336 55.408425 420.905892 18.371892 18.371892 -0.000000 5.432570 0.324433 0.000000
101 162.868491 299.507661 163.000159 300.360864 165.275238 286.030295 13.994617 8.867819 -1.490221 1.747511 1.728239 0.000000
103 101.729066 364.135237 101.707138 363.044463 104.454582 357.912494 6.293897 6.293897 0.000000 1.983620 4.091326 0.000000
105 172.456319 353.355109 173.101487 351.040874 165.129504 360.099099 14.024403 8.942025 1.534740 5.539184 5.434090 0.000000
107 61.210457 367.112173 63.422764 343.199221 77.873962 355.953310 18.762892 18.762892 0.000000 2.551521 3.864690 0.000000
108 164.552967 429.679571 164.928127 429.292490 164.866183 433.639699 5.801793 5.801793 0.000000 4.633461 0.734599 0.000000
109 135.350963 331.513192 134.450279 332.993104 141.998053 323.355649 13.635327 8.250640 -1.546245 2.254521 2.235191 0.000000
119 142.503036 282.204491 143.437487 281.301097 139.912803 287.309727 5.905524 5.905524 0.000000 5.181913 1.185517 0.000000
120 123.166014 319.983026 121.398515 317.680774 117.532535 324.187183 6.079283 6.079283 -0.000000 5.642069 1.138095 0.000000
121 86.083198 426.931556 87.440729 427.060038 87.679610 422.259079 5.795274 5.795274 -0.000000 1.900025 4.025814 0.000000
122 135.021648 295.647669 135.187413 296.126676 142.391805 287.411404 13.526388 8.284900 -1.508900 2.300754 2.261571 0.000000
125 12.771030 402.024243 14.468475 418.056277 -9.978890 413.256970 24.273738 24.273738 0.000000 5.824552 0.193847 0.000000
130 82.274648 337.432896 85.132939 338.747857 82.121667 324.206111 12.266257 6.385583 -1.540625 1.559231 4.867999 0.000000
131 39.256357 345.992849 39.730984 363.007504 16.078111 355.521586 23.926836 23.926836 -0.000000 5.893141 0.306517 0.000000
133 142.961836 317.472580 142.539431 317.378599 139.644813 323.526122 5.693700 5.693700 -0.000000 5.213655 1.597345 0.000000
136 88.992231 281.999855 98.755122 278.429464 69.286497 291.431490 20.166622 20.166622 0.000000 5.836784 0.700725 0.000000
139 142.283811 435.976939 144.683822 435.780457 149.042218 429.825712 7.953722 7.953722 -0.000000 2.403193 3.809729 0.000000
141 98.799257 271.069324 99.770344 269.169010 101.782873 256.389952 12.523603 6.966092 -1.463730 1.771317 5.096617 0.000000
142 114.859103 300.128981 116.028233 299.507797 120.992205 288.799752 13.171779 7.678303 -1.511428 2.066976 2.004881 0.000000
143 24.388251 314.027361 19.496407 336.704244 8.277591 326.196527 17.221396 17.221396 -0.000000 5.636270 0.752680 0.000000
144 64.767904 384.378919 63.945464 372.981188 62.266296 388.706967 6.365051 6.365051 0.000000 5.236474 0.664640 0.000000
145 101.948614 396.782029 101.836363 396.846331 105.761588 390.972166 6.802421 6.802421 -0.000000 2.151583 4.024049 0.000000
147 33.329128 424.737483 32.878007 401.979320 51.085910 413.233937 20.151812 20.151812 0.000000 2.566738 3.695227 0.000000
148 135.230842 260.011186 135.972484 259.865565 143.234762 251.710569 13.432645 8.191569 -1.462793 2.337999 2.298355 0.000000
153 44.701478 335.950728 47.452365 312.212683 62.560722 324.837911 19.238686 19.238686 0.000000 2.584977 3.837694 0.000000
155 34.544110 374.383785 38.989671 397.998377 24.435265 386.237895 16.621266 16.621266 -0.000000 5.418490 0.679622 0.000000
156 173.843201 240.196546 174.548221 237.999113 166.156877 249.194374 13.873644 8.840114 -1.443262 5.419341 5.355598 0.000000
162 49.681217 383.169843 47.391437 373.838301 47.106574 387.326186 5.500556 5.500556 -0.000000 5.266987 0.881786 0.000000
163 83.048547 384.946854 82.269690 384.869389 79.432958 390.532011 6.509227 6.509227 -0.000000 5.286904 0.829426 0.000000
167 100.992731 295.974121 100.905901 296.088929 103.654406 290.224264 5.653052 5.653052 -0.000000 2.004335 4.503393 0.000000
168 7.876456 342.651913 8.177265 366.795485 -5.385630 354.740835 17.983774 17.983774 -0.000000 5.544031 0.726591 0.000000
172 70.115288 281.086564 68.433653 304.821224 51.390423 292.347934 20.371289 20.371289 -0.000000 5.741728 0.631791 0.000000
173 67.105337 320.996289 65.672815 312.600578 61.736549 324.928734 5.982538 5.982538 -0.000000 5.651002 0.954871 0.000000
174 82.551435 328.667731 82.713093 328.960016 85.664287 324.473743 6.208825 6.208825 0.000000 2.209298 4.155470 0.000000
175 21.328815 343.628876 20.352229 366.114076 10.955382 355.537868 15.296083 15.296083 -0.000000 5.428982 0.844377 0.000000
176 168.971256 198.906717 168.029492 197.814230 167.706066 212.806275 13.870940 8.687275 -1.376422 4.803163 4.733959 0.000000
177 71.940638 249.996623 89.988607 248.948787 51.240972 259.738972 21.234516 21.234516 -0.000000 5.843290 0.628760 0.000000
178 120.932667 283.555602 120.795906 283.183447 117.966936 288.717970 6.041741 6.041741 -0.000000 5.233840 1.179728 0.000000
180 66.874484 415.450203 65.356239 408.446763 64.588167 420.684499 5.612539 5.612539 -0.000000 5.124208 0.835584 0.000000
182 11.989738 289.959555 11.228696 308.969121 -13.778130 297.112216 25.892938 25.892938 -0.000000 6.012421 0.442752 0.000000
183 19.814126 366.239383 20.812694 343.361669 31.195877 354.548928 16.171878 16.171878 -0.000000 2.342815 3.964250 0.000000
184 17.673439 393.038746 15.876794 377.895971 40.464768 383.103357 24.238444 24.238444 0.000000 2.730502 3.350295 0.000000
187 103.220176 210.054889 104.325838 209.569578 103.890287 223.100371 12.580279 6.526472 -1.429615 4.661067 1.663508 0.000000
190 35.178756 380.716502 33.339240 373.913034 31.150227 385.858770 6.203169 6.203169 0.000000 5.376935 0.735733 0.000000
192 125.456508 242.528066 124.207575 241.507093 121.886051 254.180991 13.034309 7.651330 -1.468050 5.009707 4.893554 0.000000
193 139.367027 228.859659 140.927253 229.309932 144.700020 216.379996 13.465235 8.115033 -1.391724 1.974643 1.854700 0.000000
194 123.210395 232.686323 123.750549 234.860258 123.278295 219.805809 13.067421 7.596668 -1.403245 1.576068 1.539437 0.000000
196 100.175229 329.412013 101.717823 319.546413 104.536418 323.908949 6.627346 6.627346 -0.000000 2.240948 4.138767 0.000000
197 4.963856 392.888007 5.825872 371.267308 22.606430 381.654321 19.337523 19.337523 -0.000000 2.574597 3.695859 0.000000
201 143.175802 246.352838 144.173532 244.950618 139.500848 251.000950 6.813505 6.813505 0.000000 5.381393 0.946008 0.000000
205 8.682591 421.441976 4.639776 402.018053 22.836000 410.209574 18.392812 18.392812 -0.000000 2.470755 3.564594 0.000000
208 143.485533 222.003043 143.879186 221.739187 148.560072 216.947706 7.207335 7.207335 -0.000000 2.358090 4.272884 0.000000
209 55.704448 219.937218 50.705012 244.636127 39.800540 231.027019 17.796807 17.796807 0.000000 5.674273 0.895286 0.000000
210 11.669409 317.993261 11.342988 334.006991 -13.066584 325.783804 25.037547 25.037547 -0.000000 5.978072 0.324942 0.000000
212 34.104149 350.940382 34.659722 360.060281 30.312790 355.441120 6.375914 6.375914 0.000000 5.412446 0.815751 0.000000
213 83.874138 239.959343 71.444440 240.908693 84.689590 226.439714 12.237791 6.397106 -1.421857 1.631039 5.052031 0.000000
214 22.675431 284.106912 23.850740 306.981020 6.158638 295.815039 19.550686 19.550686 -0.000000 5.666536 0.562994 0.000000
215 66.025845 361.741923 65.475925 351.238659 69.143016 356.512117 6.322289 6.322289 -0.000000 2.108299 4.104766 0.000000
216 40.675151 258.852885 38.883566 274.987071 15.444033 264.160714 25.022399 25.022399 0.000000 6.075840 0.432693 0.000000
217 82.611833 286.105810 83.041650 286.348344 78.639691 290.548131 6.488094 6.488094 0.000000 5.441968 0.630172 0.000000
220 100.982901 261.328119 101.640894 261.659717 106.088329 256.686787 7.086124 7.086124 0.000000 2.403774 4.080503 0.000000
221 64.038647 289.029412 103.838771 217.705731 62.650454 292.586869 5.399237 5.399237 0.000000 5.084437 1.149440 0.000000
222 17.960010 336.545635 16.333637 315.024439 33.617894 326.212956 18.697968 18.697968 0.000000 2.558287 3.716084 0.000000
223 48.840462 330.215229 48.763761 320.534414 53.472568 325.216483 6.740231 6.740231 0.000000 2.318144 3.924144 0.000000
226 30.457365 306.047232 34.484286 283.967417 45.037373 295.113913 16.405453 16.405453 -0.000000 2.498166 3.954331 0.000000
229 30.000000 329.000000 37.028876 313.869724 43.128290 348.544535 36.347526 9.822031 1.295655 4.120902 4.538267 0.000000
232 26.002586 257.975997 21.967534 279.988010 6.490950 266.555391 19.842812 19.842812 -0.000000 5.868924 0.714813 0.000000
233 39.008628 286.980454 36.533323 307.546556 19.565206 295.361816 20.246663 20.246663 -0.000000 5.876190 0.622768 0.000000
234 16.356292 305.923021 20.671755 285.339339 31.960947 295.987492 16.855256 16.855256 -0.000000 2.574622 3.897778 0.000000
235 3.927179 363.095112 7.545911 343.437572 19.708840 353.284253 17.198350 17.198350 0.000000 2.585397 3.822139 0.000000
239 12.462087 259.997438 9.608714 280.871987 -7.356753 268.330356 20.361523 20.361523 -0.000000 5.885171 0.636582 0.000000
240 81.041437 353.364242 82.404363 362.077824 80.318669 357.195599 5.291555 5.291555 -0.000000 4.898843 1.167062 0.000000
241 32.275586 276.898217 31.084902 256.099708 48.798003 266.844565 19.269013 19.269013 0.000000 2.594957 3.686855 0.000000
242 67.024934 256.564774 54.751330 271.032546 61.846127 260.795713 6.670689 6.670689 -0.000000 5.598181 0.887824 0.000000
243 3.531964 335.105461 5.341119 315.688157 21.084256 326.084556 18.809945 18.809945 -0.000000 2.666852 3.725228 0.000000
247 27.844123 231.977519 25.522503 248.075355 3.968131 236.897849 23.506688 23.506688 -0.000000 6.079952 0.478395 0.000000
248 82.392143 254.993150 83.102415 253.094530 80.696883 258.377934 5.460793 5.460793 0.000000 5.176714 1.170242 0.000000
249 41.480224 423.129429 27.841027 420.128968 33.694594 399.377239 28.681012 7.851751 1.414103 1.254047 1.608882 0.000000
250 82.122743 232.014935 83.131233 231.635134 88.216211 226.508542 6.123491 6.123491 -0.000000 2.406762 4.149804 0.000000
251 34.013354 246.128562 40.591227 225.627819 43.137712 235.858851 13.037012 13.037012 -0.000000 2.297206 4.468448 0.000000
255 3.582979 308.022110 5.954054 286.416444 21.547839 297.788151 19.087028 19.087028 -0.000000 2.623777 3.771678 0.000000
256 13.991271 231.975349 10.488567 251.216719 -4.303972 239.687996 18.675088 18.675088 -0.000000 5.884227 0.662029 0.000000
259 51.928984 227.744706 40.860126 242.992099 47.406034 232.109458 6.428040 6.428040 0.000000 5.515585 0.916575 0.000000
260 51.722956 422.353271 51.198263 413.586687 55.070767 417.015715 6.091413 6.091413 -0.000000 2.130989 3.866328 0.000000
261 122.016018 249.463721 122.420041 248.433428 119.245361 253.994176 5.774409 5.774409 -0.000000 5.261267 1.332205 0.000000
263 68.710456 224.590884 67.724277 224.874727 63.580468 228.962119 6.476860 6.476860 0.000000 5.577477 0.968230 0.000000
270 47.640312 298.922125 45.115886 284.013776 52.001550 293.791310 5.398697 5.398697 -0.000000 2.275295 4.364429 0.000000
276 124.487673 214.543389 123.931695 214.490320 119.996856 219.585228 6.198938 6.198938 -0.000000 5.440048 1.324308 0.000000
291 218.081688 207.059138 220.382973 164.966266 768.265116 217.992602 550.100549 550.100549 -0.000000 3.161462 3.238076 0.000000
321 23.614880 417.047148 20.065435 402.671278 24.561263 413.256195 4.604635 4.604635 -0.000000 1.815438 4.140609 0.000000
