1 783.034359 475.760232 783.169814 474.957722 769.968296 485.872273 16.921225 15.832751 1.502776 5.624553 5.592336 0.000000
2 705.072660 480.874456 705.304587 480.977287 721.823692 486.568339 16.835977 16.835977 -0.000000 3.469253 3.467950 0.000000
3 783.266032 432.952812 784.120149 432.585013 768.209640 436.104705 16.744770 15.517682 1.245497 6.076826 6.065473 0.000000
4 752.821659 396.792473 753.993666 396.926655 765.619113 387.450780 16.524052 15.084775 1.036497 2.511038 2.457713 0.000000
5 735.217365 428.603942 735.787294 427.931861 720.614529 435.988774 17.012730 16.252023 1.148631 5.814978 5.795037 0.000000
6 773.916383 331.567139 775.771369 330.137007 762.525125 340.221402 16.278028 14.642896 0.891277 5.633487 5.632490 0.000000
7 291.377368 484.007299 292.056524 484.461981 307.453751 477.722964 17.136627 16.442776 -1.383626 2.768952 2.729033 0.000000
8 687.390484 478.651551 688.119686 477.024055 671.796827 486.845500 17.362615 17.099991 1.331129 5.799372 5.741518 0.000000
9 730.988747 376.393605 730.473505 374.190990 718.653278 386.647272 16.785952 15.746677 0.888198 5.589687 5.471593 0.000000
10 768.807393 247.089939 767.927787 246.607366 754.577778 251.273504 15.686757 13.361521 0.676274 5.997238 5.946935 0.000000
11 1020.002513 410.959810 1018.195891 382.637843 1016.757386 396.937950 14.381339 10.432237 1.322831 1.343367 4.812646 0.000000
12 762.074668 203.255731 759.904338 201.504258 750.033220 209.908145 15.323742 12.641447 0.598732 5.778456 5.577901 0.000000
13 687.050651 428.070107 686.017631 426.503854 671.100649 435.772494 17.224539 16.779733 0.914084 5.833304 5.727216 0.000000
14 603.914216 496.072464 605.569778 496.337813 620.260426 486.790895 17.568110 17.441475 0.339399 2.625177 2.565313 0.000000
15 770.821730 286.580751 770.149645 284.275931 758.789117 294.753176 16.002339 14.039515 0.765795 5.686563 5.538213 0.000000
16 729.854810 330.027011 728.957886 330.152405 716.176203 338.896250 16.512938 15.163955 0.743332 5.707934 5.683216 0.000000
17 299.456020 384.787209 298.910800 385.072982 314.980790 378.428918 16.759216 15.704194 -0.909388 2.752874 2.749549 0.000000
18 718.694442 201.421132 718.892255 199.026205 706.298150 207.140872 15.535224 13.088221 0.503588 5.850886 5.710812 0.000000
19 294.013202 428.995076 293.839683 429.273036 310.949047 427.530429 16.942081 16.201410 -1.075704 3.055325 3.040092 0.000000
20 722.140958 242.248081 722.901742 241.754713 709.935345 248.965187 15.934273 13.832038 0.568262 5.780089 5.775679 0.000000
21 1003.943830 340.985870 1003.346555 343.927878 1011.413141 355.333862 14.201359 9.929520 1.257960 4.232411 4.096831 0.000000
22 1022.592314 453.993714 1022.173953 424.803255 1020.844024 439.250691 14.502311 10.472544 1.428250 1.452763 4.804183 0.000000
23 683.738382 376.554198 683.795584 376.052860 669.831827 385.944856 17.004092 16.224106 0.656015 5.689251 5.666841 0.000000
24 722.324165 281.248437 722.476188 279.825227 713.252303 292.950605 16.240717 14.535142 0.637094 5.371842 5.324959 0.000000
25 997.260120 302.714952 997.342367 302.390403 1005.546281 315.027803 13.993532 9.657213 1.175987 4.120036 1.025994 0.000000
26 303.460491 332.669926 301.987337 333.994659 319.435700 330.860958 16.484576 15.150786 -0.738658 3.028837 2.963889 0.000000
27 342.921560 431.506307 343.392236 431.595152 360.407054 429.339369 17.171329 16.702335 -0.890152 3.018294 3.009784 0.000000
28 344.996809 494.014772 345.995800 494.002367 357.425348 480.182220 17.351790 17.033228 -1.313429 2.302782 2.261798 0.000000
29 634.817609 424.817678 633.343604 424.757619 620.119331 435.335405 17.431565 17.092185 0.543165 5.662082 5.608520 0.000000
30 476.921152 475.361874 477.600311 474.175116 461.428357 484.046364 17.748223 17.530303 -0.094126 5.772278 5.735159 0.000000
31 586.018410 484.430261 586.030350 484.007440 567.688389 486.275646 17.804609 17.529098 0.135938 6.182848 6.160148 0.000000
32 309.003393 290.623622 308.166742 291.192907 324.226225 285.066999 16.183098 14.532807 -0.632855 2.791601 2.777178 0.000000
33 681.205536 285.859333 680.388531 284.799901 666.148913 291.196739 16.477464 14.995590 0.511381 5.942517 5.860973 0.000000
34 394.013221 491.955204 393.923443 493.016836 408.919053 482.282345 17.489888 17.489888 -0.000000 2.565969 2.520313 0.000000
35 677.820286 241.047098 677.660286 239.492950 663.805763 246.750567 16.139159 14.222005 0.450565 5.896686 5.800645 0.000000
36 681.214524 328.808282 681.753037 328.341677 668.163675 337.659855 16.784738 15.581630 0.612065 5.687215 5.682124 0.000000
37 672.509570 196.561505 672.671296 195.127338 661.204855 204.722194 15.714345 13.405319 0.388882 5.657923 5.586418 0.000000
38 495.849304 483.506297 495.597906 484.801352 514.524552 485.349169 17.730888 17.730888 -0.000000 3.239954 3.170529 0.000000
40 1004.110443 289.635738 1003.910627 288.851738 998.858365 276.044749 13.886768 9.691481 1.098546 1.202036 3.829218 0.000000
41 319.181067 202.920315 318.360396 203.133858 334.427628 199.772562 15.532819 13.067909 -0.459851 2.937997 2.935365 0.000000
42 313.829940 242.007700 312.337595 242.772967 329.202551 241.306897 15.860596 13.793927 -0.544335 3.096036 3.054881 0.000000
43 1009.926935 348.933740 1009.486447 348.511147 1010.571442 355.870272 6.813662 6.813662 -0.000000 4.619740 1.516509 0.000000
44 981.892120 228.632929 981.852513 229.707446 991.509366 238.469354 13.504666 9.027217 1.028192 3.938257 1.297147 0.000000
46 634.509247 376.107343 632.477796 375.760610 619.607688 385.088088 17.216195 16.568236 0.518208 5.740804 5.656048 0.000000
48 448.463515 387.663040 448.181037 388.033396 465.059578 381.968093 17.297847 16.720736 -0.197295 2.811033 2.796613 0.000000
49 549.676743 437.573028 550.405106 437.908709 568.177914 434.585240 17.478012 17.478012 -0.000000 2.981483 2.956730 0.000000
50 364.082522 200.626029 363.117187 202.046302 379.665460 199.227357 15.699554 13.383990 -0.340068 3.052076 2.972866 0.000000
51 398.981862 443.024445 398.723776 445.734091 411.270303 430.960548 17.401152 17.080217 -0.631932 2.365415 2.274859 0.000000
52 585.724762 381.138525 586.138100 379.100514 568.436516 384.139918 17.361943 16.687559 0.221492 6.111290 6.005836 0.000000
53 624.562589 192.354650 624.785119 191.780242 614.914163 202.791846 15.896491 13.621163 0.267952 5.458537 5.443219 0.000000
54 621.936426 230.877444 620.847679 230.183416 616.460712 245.024618 16.278162 14.482998 0.307663 5.081685 4.999798 0.000000
55 359.654729 244.390909 359.362165 245.069081 375.464644 241.101507 16.038839 14.198009 -0.398003 2.936460 2.900010 0.000000
56 347.452064 386.135409 347.429643 386.986610 363.750917 379.680625 16.984839 16.200293 -0.662346 2.764516 2.720707 0.000000
57 533.428293 430.798297 533.887542 430.700823 515.640743 433.626707 17.498063 17.498063 -0.000000 6.125495 6.124188 0.000000
58 447.261566 440.684241 447.152023 441.121459 463.215075 432.394170 17.580086 17.244501 -0.241030 2.662357 2.643897 0.000000
60 633.744637 286.640056 634.703729 285.952888 617.756724 289.613787 16.637149 15.337654 0.340373 6.099288 6.070434 0.000000
61 532.884534 374.913994 532.127457 373.823115 516.735192 383.117749 17.359825 16.805369 0.007015 5.813164 5.739939 0.000000
62 1020.998187 497.178925 1023.244839 465.158117 1024.151993 482.335800 14.682836 10.705442 1.515324 1.780159 4.659628 0.000000
63 632.503533 326.771354 632.434152 325.442832 618.819231 336.455557 16.982873 15.934402 0.414584 5.667319 5.603058 0.000000
64 352.283545 325.832659 351.566234 325.595628 367.410925 331.542913 16.696584 15.600912 -0.543272 3.502534 3.500669 0.000000
65 398.675863 391.906273 400.749476 391.176314 413.927573 380.843808 17.170881 16.537598 -0.498374 2.514071 2.476643 0.000000
66 356.190115 279.012839 356.191504 279.278269 371.314708 285.230555 16.413079 14.962932 -0.486321 3.531631 3.516558 0.000000
67 578.985386 322.009901 578.002803 321.993347 568.588010 335.279830 17.099684 16.096692 0.230587 5.377006 5.328863 0.000000
68 399.896338 338.097128 400.718163 338.066791 416.762544 332.367777 16.901180 15.884755 -0.369718 2.814128 2.800290 0.000000
69 568.388774 186.075901 566.465766 186.372218 567.895849 201.190944 15.979237 13.775857 0.143327 4.744989 4.616182 0.000000
70 422.863043 184.773121 423.068225 186.209791 425.974133 199.072538 15.857382 13.679328 -0.231047 4.498160 4.490202 0.000000
71 508.440168 189.760102 507.870395 190.730712 520.423975 200.099290 15.932901 13.859911 0.015862 3.853450 3.782713 0.000000
72 583.114972 281.435364 583.926663 281.009994 568.531354 288.294776 16.775625 15.472364 0.216806 5.843537 5.841221 0.000000
73 501.833859 340.543117 501.325683 341.009521 517.782794 334.198512 17.058406 16.215000 0.023247 2.762978 2.749192 0.000000
75 455.000000 248.000000 455.748455 248.194611 471.025243 241.613708 16.286917 14.681310 -0.119756 2.762368 2.734838 0.000000
76 403.101612 283.735205 402.570638 284.352390 419.780862 285.678566 16.587458 15.348534 -0.324969 3.257583 3.218498 0.000000
77 464.973987 186.625385 465.138103 187.569328 473.027136 199.387528 15.907128 13.830551 -0.100630 4.149473 4.123787 0.000000
78 535.308253 283.094858 535.608539 282.831033 518.750226 287.155971 16.692573 15.565226 0.040110 6.042668 6.032055 0.000000
79 407.076077 243.702857 406.036915 244.302980 422.812527 241.173224 16.219918 14.514311 -0.250114 2.982206 2.957147 0.000000
80 513.394012 227.858136 512.959262 228.408847 519.636179 242.325298 16.356180 14.628827 0.018004 4.305050 4.265043 0.000000
81 450.009417 326.006759 450.615711 327.662744 467.033337 333.206304 17.029218 16.074531 -0.203570 3.541690 3.467231 0.000000
82 554.863552 253.128595 556.041092 252.939443 568.275971 243.492446 16.373722 14.621133 0.165917 2.518591 2.484074 0.000000
86 1022.547343 255.003021 1022.689249 233.065190 1020.254103 242.473779 13.150587 8.653925 1.061534 1.389769 4.965653 0.000000
87 481.037607 275.617046 481.530453 274.188169 468.980747 286.309542 16.692743 15.440162 -0.145988 5.557689 5.515147 0.000000
89 1011.726719 319.482916 1001.330821 308.682702 1006.908011 317.190967 4.635445 4.635445 0.000000 0.443967 2.177888 0.000000
90 1016.056379 444.001852 1022.062141 432.742302 1021.678481 438.197063 6.380289 6.380289 -0.000000 2.340208 4.782608 0.000000
92 1021.875351 290.025003 1022.946057 265.857005 1031.607457 275.972828 13.943876 13.943876 0.000000 2.176518 4.004293 0.000000
93 1021.994982 490.002320 1023.148878 474.058425 1027.295861 482.187810 8.789993 8.789993 0.000000 2.166836 4.240676 0.000000
97 46.127366 313.120035 46.157627 312.232713 37.363854 328.002974 15.921253 11.378320 -1.176894 5.244554 5.221062 0.000000
98 59.636913 408.262122 56.599879 418.662952 55.809899 413.335524 6.521812 6.521812 0.000000 5.358655 1.423584 0.000000
100 57.302628 285.485030 58.445989 284.718266 45.082041 287.829513 15.700028 11.184620 -1.107513 6.093641 6.054451 0.000000
101 50.843170 374.258425 49.437378 376.390753 63.390760 370.157299 16.534228 12.597830 -1.239977 2.825692 2.721458 0.000000
102 59.117426 373.101528 64.587444 363.940249 65.069690 370.086301 6.651896 6.651896 -0.000000 2.672704 4.634085 0.000000
103 82.321981 222.994438 84.515462 220.884954 94.365663 209.214782 15.533596 10.907504 -0.928355 2.289071 5.340472 0.000000
104 82.086891 319.533024 83.633100 317.945113 70.210502 327.727370 16.397482 12.287169 -1.162657 5.679223 5.653397 0.000000
105 42.268295 468.593420 41.193834 470.897519 52.540021 458.194643 16.953124 13.001410 -1.477768 2.350048 2.299841 0.000000
106 44.307743 420.188978 43.000000 422.000000 57.429327 413.761117 16.772290 12.837590 -1.355144 2.686082 2.622783 0.000000
107 90.412162 271.009739 82.633325 270.337085 77.725350 286.637938 16.096109 11.846930 -1.054265 5.394278 5.004843 0.000000
109 11.688445 416.468244 12.170838 416.307360 24.242505 411.908054 16.297613 11.894703 -1.361781 2.793168 2.792119 0.000000
111 -1.524283 321.585817 -0.901042 340.677145 6.994986 328.307920 15.429496 10.492171 -1.203783 3.809619 2.138946 0.000000
112 27.153808 386.952529 27.722271 385.299421 30.435323 369.368121 16.194679 11.666884 -1.264097 1.755289 1.739475 0.000000
113 -0.293436 354.067495 -0.803689 385.085113 -0.065838 368.741553 15.816482 10.745642 -1.268151 4.696880 1.615912 0.000000
114 3.637227 396.025972 4.781982 412.015609 -15.137608 406.411822 20.275986 20.275986 0.000000 5.777904 0.274233 0.000000
118 70.540994 321.352714 70.048908 334.074274 68.859404 326.569748 6.566388 6.566388 0.000000 5.024201 1.413599 0.000000
120 72.095870 252.408000 73.034066 252.204756 85.826611 247.060919 15.762449 11.496714 -0.981122 2.770237 2.759280 0.000000
122 29.735140 446.549369 30.631627 445.002677 19.299317 455.127823 16.463714 12.051152 -1.465231 5.595161 5.553986 0.000000
125 27.343902 285.864910 26.647501 285.281738 14.596194 289.039004 15.263924 10.356674 -1.129497 6.039154 5.980963 0.000000
128 70.935418 290.498314 78.352866 279.649142 82.261024 288.857230 9.191037 9.191037 -0.000000 2.997694 4.311004 0.000000
130 63.468212 237.665613 62.673582 237.654100 53.349550 249.085409 15.342178 10.797763 -1.028846 5.437451 5.396605 0.000000
133 34.984240 244.708150 34.268254 244.675136 23.036786 251.166864 14.947677 10.095423 -1.068016 5.787593 5.759103 0.000000
134 51.000586 212.184014 49.138174 214.091593 62.217297 211.888172 15.181844 10.339553 -0.950133 3.115224 2.974691 0.000000
136 0.396168 441.996421 0.549832 459.004067 -30.146243 450.493613 30.668051 30.668051 0.000000 6.011838 0.270456 0.000000
137 40.797670 202.715687 41.212742 201.163272 31.960352 214.740372 14.784173 9.737966 -0.984885 5.346176 5.310570 0.000000
140 50.689376 464.870862 58.155809 451.817773 55.041460 457.783446 7.884270 7.884270 -0.000000 2.121488 5.193517 0.000000
143 -0.351213 208.565888 0.250991 231.978058 3.878389 217.638599 14.413231 8.958223 -1.031559 4.276154 1.818565 0.000000
146 3.462634 365.037320 -0.992006 374.314644 -3.077159 368.228141 7.222915 7.222915 -0.000000 5.829258 1.240741 0.000000
148 -0.622748 239.938416 0.954155 262.341387 -3.041320 252.112606 12.988912 7.942617 -1.234408 4.908500 1.198410 0.000000
180 285.040838 142.185347 266.924532 142.809492 268.333449 -9.479948 152.332085 152.332085 -0.000000 1.461079 1.580048 0.000000
183 1022.160745 188.993757 989.866633 183.834863 1080.084452 -261.982907 454.603013 454.603013 0.000000 1.698538 1.770465 0.000000
185 1012.740409 382.103050 1021.491094 384.162432 1014.918820 391.789831 8.744797 8.744797 -0.000000 4.491184 5.423617 0.000000
