1 771.662658 468.841272 771.367332 468.685807 757.051635 479.402395 17.949744 16.357780 -1.117088 5.657308 5.640587 0.000000
2 264.251769 482.676755 264.174757 483.168131 278.645564 474.183304 17.866046 16.294916 1.175437 2.608501 2.585952 0.000000
3 774.208195 257.824573 774.455927 256.066007 759.493168 266.181726 17.999069 16.479729 1.187875 5.766678 5.688708 0.000000
4 723.741047 473.899626 723.581436 473.959178 706.423597 480.406932 18.176871 17.084521 -1.036373 5.923743 5.923722 0.000000
5 770.276454 357.667243 770.078741 356.915685 760.007934 372.902771 18.104694 16.723105 -1.559149 5.305441 5.274528 0.000000
6 777.220276 307.751962 774.228358 308.900724 760.228443 319.261799 18.052657 16.710508 1.387205 5.687806 5.646062 0.000000
7 744.861586 438.243676 748.977231 441.033941 759.036802 426.438678 18.080288 16.625306 -1.356266 2.447174 2.174261 0.000000
8 771.477989 204.338349 771.486247 202.109457 757.898374 214.100412 17.805293 16.051108 1.008309 5.659903 5.560137 0.000000
9 724.492853 417.541862 723.627371 416.852072 708.170001 426.732675 18.333974 17.404240 -1.267343 5.770367 5.714428 0.000000
10 766.444982 152.678275 766.227146 150.351423 755.538813 163.498681 17.604049 15.527388 0.856990 5.501735 5.394989 0.000000
11 724.378188 307.772975 723.745971 306.803918 709.292373 318.099112 18.366636 17.400487 1.301770 5.682943 5.619840 0.000000
12 724.165659 361.162851 723.344930 361.657316 709.079065 372.445316 18.366263 17.499355 -1.569300 5.641063 5.635721 0.000000
13 311.880625 481.080989 312.140969 481.229172 329.124493 476.265860 18.117634 17.005489 1.077251 2.869291 2.857268 0.000000
14 260.970135 422.676443 259.922746 423.304687 277.832798 421.499895 17.984748 16.591016 1.337926 3.071933 3.041162 0.000000
15 263.718772 322.473825 262.397772 324.005895 278.599142 314.897400 18.006454 16.594949 -1.378634 2.670647 2.629427 0.000000
16 714.482616 146.312621 713.903494 146.483716 705.743630 160.342315 17.828373 16.136633 0.747986 5.269471 5.244528 0.000000
17 720.877935 253.604075 721.804360 251.457553 708.802622 264.306189 18.202460 17.171803 1.068606 5.558002 5.503710 0.000000
18 637.852240 492.129464 639.070193 492.365940 653.886651 480.975843 18.348949 17.652495 -0.858915 2.533822 2.486201 0.000000
19 616.782886 471.024577 616.212474 471.043823 599.977494 481.228127 18.475275 18.073709 -0.637195 5.737518 5.722929 0.000000
20 721.508951 200.847479 721.096103 201.101627 707.602139 211.553128 18.063879 16.727155 0.891144 5.627124 5.624168 0.000000
22 663.104444 143.834479 663.746876 142.161692 654.195196 157.767969 18.007893 16.650163 0.572880 5.281285 5.261615 0.000000
23 265.198158 213.064785 265.879083 213.672835 282.449059 210.203078 17.696604 15.983363 -1.013354 2.977202 2.935175 0.000000
24 260.516268 371.125595 261.422844 371.490826 277.831013 368.191458 18.050885 16.638678 1.549312 2.973728 2.943158 0.000000
25 262.979646 265.995237 263.127617 266.350670 280.176703 262.060002 17.893074 16.367573 -1.201268 2.916634 2.895047 0.000000
26 363.837974 482.708427 363.919321 482.929550 381.540459 477.999247 18.316976 17.576429 0.944819 2.881596 2.868774 0.000000
27 671.535288 360.224659 670.304098 359.249078 656.139744 371.985576 18.345080 18.345080 -0.000000 5.630837 5.550816 0.000000
28 673.712157 418.178776 671.898900 417.010658 655.323235 426.821777 18.508547 17.995550 -1.175569 5.843815 5.748744 0.000000
29 317.223280 159.098851 317.621574 159.424112 335.209924 157.543256 17.725119 16.083319 -0.716443 3.055321 3.035060 0.000000
30 312.914841 435.044464 315.291381 434.598896 328.588369 422.819040 18.250092 17.274329 1.268590 2.479163 2.416620 0.000000
31 275.777119 145.392355 276.158974 146.508286 285.445095 159.857686 17.476940 15.490439 -0.849147 4.123218 4.104608 0.000000
32 668.404136 303.232904 668.267035 300.878370 656.456191 317.094506 18.561749 17.965016 1.205935 5.423777 5.341882 0.000000
33 611.887381 142.084776 611.032253 141.899731 601.247738 155.963444 18.147001 16.946766 0.371185 5.366441 5.320242 0.000000
34 473.609092 490.248517 474.505763 490.191307 490.078123 480.439157 18.484703 18.245786 0.385850 2.604397 2.582097 0.000000
35 527.932614 489.389707 528.571134 491.067842 545.196592 481.042583 18.419358 18.419358 -0.000000 2.691232 2.598965 0.000000
36 666.856692 249.241306 667.465989 247.281446 656.235401 262.725817 18.425905 17.737219 0.952867 5.379564 5.341114 0.000000
37 419.987433 489.826901 419.894427 490.270734 435.327706 479.444016 18.427956 17.970689 0.713420 2.546581 2.529849 0.000000
38 670.214941 199.816532 670.463473 199.396368 655.473741 209.406305 18.251222 17.250205 0.732109 5.706429 5.694408 0.000000
39 418.932938 434.325809 418.877006 435.142509 435.400629 424.970153 18.480221 18.480221 -0.000000 2.624943 2.589763 0.000000
40 310.292027 370.421432 311.003798 370.634621 328.678065 368.756562 18.279771 17.431561 1.552845 3.051288 3.035730 0.000000
41 472.765114 433.926080 473.776236 434.122574 490.471933 425.760214 18.607975 18.607975 -0.000000 2.709488 2.677250 0.000000
42 582.601556 432.537302 582.438753 433.165713 601.058678 426.689699 18.621124 18.388704 -1.016763 2.834776 2.806879 0.000000
43 368.937413 438.556048 369.492623 438.073998 381.224041 423.976457 18.507056 17.865238 1.229015 2.271053 2.264842 0.000000
44 380.612019 139.743758 380.048146 139.513812 386.754052 155.793265 17.938637 16.625799 -0.556407 4.346891 4.321645 0.000000
45 611.869797 193.292267 612.359899 192.426914 601.907518 207.862453 18.397204 17.624121 0.491150 5.312121 5.307623 0.000000
46 312.386260 321.031938 312.481044 321.626011 329.391248 314.678035 18.228371 17.360704 -1.336656 2.784007 2.751747 0.000000
47 363.773792 373.291072 362.961179 373.992787 381.444311 369.327788 18.252744 18.252744 -0.000000 2.920956 2.894364 0.000000
48 619.621951 364.240513 619.660638 364.003032 601.763932 371.451248 18.702681 18.477563 -1.531908 5.899423 5.888811 0.000000
49 616.424467 303.170308 615.922562 303.034899 602.181219 316.230034 18.680980 18.387926 1.013881 5.541108 5.518062 0.000000
50 562.058109 415.308402 561.631958 415.099857 545.916891 426.320221 18.686357 18.615620 -0.223294 5.684494 5.663133 0.000000
51 1020.522809 490.359582 1022.948667 458.308590 1023.127244 474.213613 15.493877 10.771766 -1.357455 1.730724 4.701162 0.000000
52 315.698245 212.469123 314.664287 214.144832 332.716281 208.508783 17.931833 16.715009 -0.889731 2.912948 2.838970 0.000000
53 423.952333 330.180629 425.170168 330.142807 436.315140 314.737336 18.480327 18.480327 -0.000000 2.245860 2.197083 0.000000
54 313.614714 269.311138 315.914890 269.080384 330.723269 261.018522 18.140989 17.118638 -1.112969 2.690255 2.643050 0.000000
55 494.227599 136.853495 493.558085 135.988498 493.389607 154.441953 18.134711 17.135090 -0.124879 4.759997 4.721519 0.000000
56 564.559601 363.318719 564.212272 362.878272 546.526093 370.952154 18.746192 18.746192 -0.000000 5.882762 5.854933 0.000000
57 562.510487 145.621594 561.519556 141.161980 547.483276 154.809080 18.194068 17.138457 0.145959 5.734433 5.511844 0.000000
58 440.176236 351.298295 438.575332 350.344608 435.707968 369.848086 18.669288 18.396623 1.528947 4.948766 4.858361 0.000000
59 612.259288 246.517471 612.449180 245.064022 602.217770 261.450174 18.376884 18.376884 -0.000000 5.304386 5.270552 0.000000
60 432.982598 138.055932 432.948988 138.434385 439.665086 154.757658 18.041346 16.976761 -0.351527 4.331790 4.322057 0.000000
61 380.460660 189.716938 380.078078 189.811105 384.784294 207.274587 17.722819 17.722819 -0.000000 4.470939 4.449153 0.000000
62 397.681225 305.206823 398.629285 304.035004 382.137696 314.597943 18.229144 18.229144 -0.000000 5.739696 5.713514 0.000000
63 529.655811 325.005632 530.403800 325.757161 547.008969 315.529740 18.722909 18.604725 0.604201 2.641778 2.589551 0.000000
64 549.457737 187.915040 549.144686 188.996799 547.496656 206.821520 18.435164 17.825229 0.221648 4.815745 4.804584 0.000000
65 473.575283 264.060988 474.137118 264.599976 492.078443 260.118054 18.455671 18.455671 -0.000000 2.931638 2.896793 0.000000
66 506.012026 359.140800 506.688406 357.257667 490.918355 370.420472 18.697380 18.697380 -0.000000 5.641407 5.587658 0.000000
67 529.124794 268.019283 530.038380 267.686677 547.343711 260.591565 18.636684 18.343095 0.392741 2.754472 2.752499 0.000000
68 503.878844 301.844149 504.157645 300.626301 491.470712 315.023305 18.671712 18.594729 -1.309822 5.467663 5.434731 0.000000
69 456.063750 202.302289 456.832963 201.803822 438.317927 206.551043 18.281612 17.642922 -0.492859 6.048186 6.032194 0.000000
70 372.635498 275.628682 373.386906 277.745891 383.274016 260.386188 18.341650 17.740279 -1.001609 2.180146 2.088520 0.000000
71 419.628373 268.036674 419.826991 268.167773 437.178897 260.063379 18.467857 18.100277 -0.773590 2.715164 2.704642 0.000000
72 506.385991 193.937751 504.608013 190.189922 492.712801 206.392249 18.348157 17.794545 -0.142174 5.544397 5.345680 0.000000
74 1023.250939 446.010996 1022.650764 412.437432 1025.173712 428.401091 15.398450 10.026927 -1.461419 1.679553 4.555642 0.000000
75 1018.849857 257.704541 1022.453893 228.876354 1024.212769 244.365627 15.132160 9.951324 1.379895 1.953069 4.599319 0.000000
76 1022.104811 350.553752 1022.118037 320.043610 1037.239766 335.173794 20.296190 20.296190 0.000000 2.348166 3.927270 0.000000
77 1021.298121 396.496343 1022.243251 366.085514 1023.627572 382.008534 13.574389 6.742791 -1.544282 1.730219 4.625669 0.000000
78 1023.012745 436.393264 1021.385317 423.038235 1031.751449 429.434904 11.336243 11.336243 0.000000 2.469131 3.694472 0.000000
79 1022.861235 215.317553 1022.235599 185.789548 1021.402923 199.999118 15.267838 10.345095 1.271250 1.475883 4.770922 0.000000
82 1022.308312 304.847815 1022.542786 273.326617 1024.795956 289.408063 14.462961 8.556853 1.513368 1.730543 4.573185 0.000000
84 1017.262423 477.339215 1022.980948 466.083679 1027.615927 474.917791 10.052933 10.052933 0.000000 2.911847 4.229202 0.000000
85 1022.778550 251.353166 1022.041592 235.011393 1028.996146 243.610037 9.626763 9.626763 -0.000000 2.247353 4.032307 0.000000
86 1021.356382 206.803058 1022.843662 194.517608 1022.903610 199.139452 7.240343 7.240343 -0.000000 1.770011 4.699419 0.000000
88 28.075098 346.699947 26.173372 346.382917 24.142334 364.823673 17.599067 12.548408 -1.566770 4.926072 4.822085 0.000000
89 3.968095 444.867218 -0.191115 473.444312 -14.767344 458.061456 21.232053 21.232053 -0.000000 5.669620 0.812316 0.000000
90 31.329542 476.321884 30.612195 474.802968 25.576401 458.786838 16.517765 10.874058 1.307080 1.253769 3.792089 0.000000
91 554.111441 137.876734 562.917590 145.300944 546.475595 156.730295 19.589281 19.589281 0.000000 5.097205 5.675734 0.000000
92 22.583577 429.838355 23.665515 428.780058 24.774786 411.413075 17.567163 12.497753 1.480120 1.689164 1.634582 0.000000
94 27.644066 335.851473 27.831749 334.932905 24.790241 318.257813 17.577422 12.493372 -1.478657 1.409989 1.390381 0.000000
96 19.935198 288.911439 21.320169 288.481879 26.617150 272.083591 17.442869 12.300887 -1.379144 1.948780 1.883237 0.000000
98 0.375059 395.913722 -0.286198 426.692756 -19.619791 411.517230 24.120698 24.120698 -0.000000 5.620525 0.665484 0.000000
99 2.796234 355.002965 -0.098571 379.927353 -22.076633 365.244307 25.925557 25.925557 -0.000000 5.892593 0.588979 0.000000
102 3.685948 310.974535 -1.108888 334.288020 -21.979793 319.334399 26.296432 26.296432 0.000000 5.968302 0.621702 0.000000
104 45.907777 175.979090 47.502681 171.893502 33.861219 182.154402 17.217637 11.772561 -1.209744 5.809492 5.638287 0.000000
105 0.252214 213.734423 -0.311281 246.966122 -1.536338 230.197744 16.462448 10.486112 -1.357247 4.820603 1.497868 0.000000
106 1.469435 258.216390 -0.574124 291.262626 -15.277701 272.915635 21.829295 21.829295 0.000000 5.562819 0.895192 0.000000
107 26.296395 244.672991 26.638230 243.661228 29.222351 226.717717 16.976358 11.788548 -1.320638 1.732334 4.822393 0.000000
113 0.068036 223.872727 -0.094803 236.975474 -7.808200 229.304028 9.427401 9.427401 0.000000 5.679486 0.782671 0.000000
114 5.751327 182.983626 1.726207 192.680047 -1.230270 185.432161 7.698520 7.698520 0.000000 5.945876 1.183491 0.000000
115 -0.868618 172.616184 -0.583675 203.292938 2.052592 186.972084 16.629962 10.795715 -1.249240 4.511645 1.730941 0.000000
