1 808.422383 530.682575 808.451709 531.989749 829.665419 520.471860 24.707487 21.535773 -1.356072 2.693535 2.644182 0.000000
2 847.796334 434.226360 846.023651 433.548741 828.566804 447.472457 24.636803 21.569550 1.533162 5.679988 5.609905 0.000000
3 785.065928 519.171131 787.005337 516.001047 762.282907 524.090504 25.342964 23.325850 -1.297249 6.070527 5.966955 0.000000
4 801.697361 315.763170 803.157204 317.950858 820.264528 304.970287 23.846418 20.534797 1.098464 2.615045 2.492501 0.000000
5 843.455583 363.860527 843.054244 360.986721 825.236840 375.227991 24.319244 21.196888 1.295989 5.725346 5.608878 0.000000
6 210.383494 523.183372 210.768103 523.315517 233.659610 519.511908 25.129630 22.782879 1.339197 2.985146 2.976939 0.000000
7 794.036313 187.945049 793.716312 190.625314 805.671650 174.751021 22.690877 18.208197 0.783873 2.293501 2.216295 0.000000
8 800.613088 252.995765 800.107450 254.395782 813.606448 237.881088 23.338334 19.493986 0.919463 2.280867 2.256053 0.000000
9 149.833637 528.840421 150.246406 528.698355 167.914487 514.781191 24.450210 20.956699 1.404243 2.480675 2.474396 0.000000
10 773.331613 288.911684 772.446473 289.035014 754.710979 303.044104 24.481055 22.032081 0.957840 5.633971 5.614639 0.000000
11 765.614322 221.429188 765.356441 219.837289 749.305964 234.540976 23.897785 20.858693 0.781614 5.606015 5.541551 0.000000
12 722.473000 124.300671 723.118729 123.657613 735.694710 110.469987 22.473167 17.852738 0.556728 2.333687 2.332458 0.000000
13 762.475304 163.191683 761.466427 160.866851 742.894592 170.142460 23.268684 19.423610 0.654266 5.942080 5.819982 0.000000
14 780.765239 365.150406 780.826265 364.913493 758.865130 374.928011 24.908164 22.942733 1.204030 5.863276 5.855344 0.000000
15 783.660978 439.827663 784.022715 438.941803 761.533793 449.105943 25.269408 23.421501 1.540293 5.886139 5.858701 0.000000
16 781.307599 125.532406 782.193288 125.904929 796.865198 116.075958 21.996641 16.827661 0.669063 2.595432 2.551343 0.000000
17 714.001381 516.712452 714.318473 515.995794 690.060661 526.788015 25.863834 24.799815 -1.145991 5.884831 5.864583 0.000000
18 190.745823 433.977744 190.396519 433.428540 170.022422 442.554266 24.329095 21.077550 -1.534351 5.890791 5.862072 0.000000
19 212.489689 448.532751 212.042412 448.795687 235.538111 445.188764 24.997646 22.820109 -1.543282 2.997513 2.989268 0.000000
20 152.638462 373.925261 152.724491 375.165773 174.280546 371.002979 24.053089 20.625947 -1.314139 3.007377 2.950826 0.000000
21 159.463927 308.421758 159.087495 310.012361 180.374348 301.441366 23.630500 19.964770 -1.112879 2.819401 2.758810 0.000000
22 675.680013 87.699077 675.209903 85.740186 671.143857 105.934453 22.892125 18.667771 0.407146 4.956196 4.911079 0.000000
23 697.028131 158.835406 696.631010 156.290744 676.360547 166.210213 23.698645 20.382999 0.493638 5.940439 5.828089 0.000000
24 280.952165 532.331131 281.503043 535.161582 304.484505 523.422297 25.714045 24.329653 1.225022 2.779689 2.669330 0.000000
25 217.363428 375.938631 215.442078 376.613160 239.210761 371.694048 24.691831 22.467421 -1.242562 2.949699 2.937516 0.000000
26 167.804243 231.574663 167.747550 231.948934 188.097965 234.922813 23.085370 18.993914 -0.957751 3.305104 3.286699 0.000000
27 602.358729 82.847505 602.183862 82.588272 603.897598 102.896731 23.203335 19.191348 0.242752 4.635785 4.628203 0.000000
28 699.848528 217.244569 697.776261 215.639144 680.980933 231.635322 24.414376 22.036183 0.613108 5.631591 5.522153 0.000000
29 285.674311 382.486285 285.592071 384.997468 308.925108 372.284314 25.284048 23.824636 -1.153014 2.728109 2.642707 0.000000
30 712.384590 368.411687 712.000000 365.000000 687.746346 374.735388 25.395655 24.349315 1.040715 6.031946 5.901474 0.000000
31 285.394595 461.441049 284.331087 462.268046 305.973651 447.448330 25.620835 24.363999 -1.545888 2.544451 2.541176 0.000000
32 361.666459 544.940132 360.905006 546.136039 379.357773 526.455555 26.121607 25.463346 1.029931 2.334270 2.324010 0.000000
33 252.785877 96.385907 252.980253 96.961862 267.029080 108.966802 22.278095 17.537347 -0.574041 3.865099 3.848702 0.000000
34 221.381636 300.165591 221.902901 300.873106 244.422844 300.248368 24.214286 21.598517 -1.006520 3.145185 3.113858 0.000000
35 640.774038 528.234585 640.270355 528.093804 614.154016 528.506829 26.237016 25.799289 -0.768095 6.272959 6.267372 0.000000
36 217.450066 165.823691 219.692439 162.949992 196.997646 172.227463 22.479987 17.758090 -0.811721 5.979749 5.895122 0.000000
37 715.046103 444.844630 714.219060 444.762036 689.622613 450.319127 25.764621 24.881066 1.534196 6.071092 6.060985 0.000000
38 324.265908 85.455255 322.775468 87.833656 330.753026 104.969064 22.758288 18.506897 -0.444713 4.391445 4.276671 0.000000
39 237.434041 179.059411 238.009906 179.118314 258.652812 168.195242 23.004723 19.092542 -0.684447 2.668385 2.654903 0.000000
40 704.896248 288.329357 704.032233 286.567718 684.841763 301.442655 25.041081 23.236586 0.781971 5.704085 5.623800 0.000000
41 538.865242 81.268446 538.597264 81.350757 535.075774 101.147432 23.311552 19.473122 0.066812 4.900756 4.888430 0.000000
42 230.024392 228.003358 228.102849 229.078688 250.986653 232.095374 23.687607 20.496228 -0.835037 3.334377 3.272663 0.000000
44 205.996646 95.610477 205.822166 95.229834 206.902090 113.987519 21.782283 16.507748 -0.696080 4.663158 4.654880 0.000000
45 461.529393 80.993597 460.964993 81.510294 465.780564 101.025554 23.228073 19.482684 -0.113906 4.503272 4.470463 0.000000
46 562.522617 522.064649 563.073484 520.992946 535.938692 529.040101 26.360018 26.360018 -0.000000 6.026577 5.994885 0.000000
47 386.487574 84.418143 385.097815 85.632458 397.352716 102.320495 23.009204 19.120187 -0.280338 4.166903 4.078978 0.000000
48 639.069977 440.844215 638.987498 440.049479 614.046865 451.033287 26.087926 25.909432 1.329430 5.896499 5.868345 0.000000
49 431.911199 539.084754 433.459854 538.759647 457.027874 528.322566 26.406123 26.096082 0.482280 2.736772 2.724701 0.000000
50 308.386122 150.797802 308.670121 151.636884 324.219542 164.966125 23.486538 20.176489 -0.526812 3.871548 3.850262 0.000000
51 432.926992 461.086537 432.907175 461.196076 457.784110 450.481596 26.247773 26.247773 -0.000000 2.738337 2.734905 0.000000
52 611.366566 141.988608 610.926493 142.791337 606.869168 163.586123 24.015987 21.066427 0.295278 4.917692 4.905081 0.000000
53 293.424516 236.850154 294.677182 239.085309 318.318869 229.983889 24.229620 21.802620 -0.684292 2.872468 2.774107 0.000000
54 289.269131 303.260162 288.333499 304.322228 313.087887 299.428422 24.807347 22.934245 -0.832777 2.982089 2.946415 0.000000
55 558.315859 435.084546 558.207714 434.216904 536.240316 451.049472 26.359610 26.359610 -0.000000 5.657061 5.629364 0.000000
56 356.681408 461.134718 357.210491 461.024681 380.519152 449.219823 26.019206 25.570967 -1.550792 2.678078 2.672792 0.000000
57 381.025275 145.198053 378.640392 145.617230 392.991035 162.804355 23.805184 20.916804 -0.348469 4.115466 4.016689 0.000000
58 622.731210 210.602815 623.009543 209.757894 609.463823 229.527193 24.794999 22.871511 0.377251 5.323835 5.313106 0.000000
59 357.268763 379.841117 356.814203 380.972333 382.559606 372.882292 25.668253 24.972960 -0.922066 2.873085 2.837130 0.000000
60 608.719705 400.520496 608.940337 400.120088 613.137027 374.393203 25.832954 25.229539 0.792606 1.738282 1.732497 0.000000
61 514.821670 151.286334 513.738045 150.775529 535.642202 162.001588 24.168711 21.327720 0.091209 3.616890 3.615197 0.000000
62 412.737400 219.944904 412.295705 219.987498 388.957436 228.555029 24.597924 22.600093 -0.447858 5.935794 5.931357 0.000000
63 367.135740 316.278185 366.783252 318.288238 385.458382 298.935032 25.222630 23.881645 -0.616540 2.383651 2.338366 0.000000
64 514.371564 314.668397 516.367584 316.871567 536.296892 299.303893 25.600932 24.559235 0.169628 2.530353 2.419093 0.000000
65 558.890086 360.198737 559.182668 359.571773 536.329357 373.982578 26.062243 25.618084 0.185322 5.734741 5.720585 0.000000
66 458.006221 140.767616 456.550842 141.255609 463.842360 161.719492 24.061596 21.223133 -0.130405 4.440726 4.370102 0.000000
67 517.214005 243.799544 517.797991 246.088966 536.071065 228.293479 24.968628 23.186961 0.140325 2.453404 2.369435 0.000000
68 436.456709 389.488886 437.154364 389.265994 458.881522 373.507392 25.938601 25.588268 -0.444499 2.522414 2.514091 0.000000
69 630.418570 284.240780 630.465547 283.219777 611.605993 300.184064 25.391060 24.150269 0.517146 5.580156 5.550643 0.000000
70 450.886295 324.221624 454.756851 322.840769 460.327741 298.906953 25.419483 24.539585 -0.254138 1.927780 1.799487 0.000000
71 440.000000 241.000000 440.914235 243.791105 462.005528 227.946034 24.767795 23.145095 -0.176424 2.606179 2.497285 0.000000
87 -1.129871 158.707101 24.708310 65.604456 926.579918 364.596086 949.893546 949.893546 0.000000 3.359986 3.461713 0.000000
88 702.928203 358.071562 711.722045 368.754572 691.362565 376.427105 21.765344 21.765344 0.000000 5.274640 5.922791 0.000000
