1 757.488536 458.616615 757.558791 457.434031 749.998925 473.495883 17.107824 16.842017 -1.384359 5.178720 5.152300 0.000000
2 769.888360 414.965774 767.969978 415.009238 753.070944 422.196013 17.606108 17.041082 -1.552052 5.877150 5.833745 0.000000
3 716.316053 465.081175 716.808631 464.897297 700.057770 470.157534 17.015011 16.711950 1.230272 5.980544 5.978909 0.000000
4 773.898248 311.712845 773.363937 308.026060 756.980760 316.996666 17.933292 17.173147 1.374903 5.980456 5.782225 0.000000
5 720.016951 416.806487 721.336547 415.044442 702.564029 419.345526 17.439887 16.920073 1.339999 6.138719 6.057957 0.000000
6 772.631756 367.222398 773.502978 366.868693 755.427790 369.869851 17.830351 17.156883 1.497629 6.130497 6.118649 0.000000
7 770.873665 252.038914 770.471703 251.224446 757.671405 264.126539 17.879093 17.118293 1.271306 5.541833 5.493827 0.000000
8 775.294384 210.801778 774.948069 210.426048 757.493810 211.782511 17.670726 16.955840 1.067142 6.228145 6.205626 0.000000
9 666.151318 460.250656 666.234614 457.088496 650.670408 466.529084 16.939488 16.360588 1.032153 5.897896 5.737958 0.000000
10 741.990242 169.822707 742.137728 170.229577 756.478421 160.501573 17.373622 16.679085 0.826913 2.569898 2.545545 0.000000
11 335.552899 439.916027 334.471301 440.119268 347.413259 438.885932 14.811935 11.923697 1.316765 3.054958 3.046582 0.000000
12 722.289391 155.736701 722.532646 155.003564 705.966710 160.181125 16.924610 16.924610 -0.000000 6.017345 5.980262 0.000000
13 722.782088 309.979842 722.704070 309.842976 705.950397 315.116378 17.418321 17.418321 -0.000000 5.986992 5.978242 0.000000
14 669.085454 412.933127 669.696994 412.787735 652.630537 416.372418 16.950217 16.950217 -0.000000 6.077139 6.076152 0.000000
15 391.037400 429.851255 388.339815 427.047826 384.700343 442.810886 15.203523 12.680442 1.280852 5.167185 4.939299 0.000000
16 722.330583 364.843122 721.339675 364.932285 704.564786 367.495711 17.693076 17.044374 1.423733 6.134971 6.131545 0.000000
17 585.182112 458.518093 585.971092 460.356688 602.166079 462.797471 16.770311 15.927076 1.098494 3.388421 3.291179 0.000000
18 333.503083 396.884437 334.480208 398.168666 346.820573 395.545365 14.918776 12.169895 1.390173 3.041380 2.932132 0.000000
19 410.592612 447.558589 410.348667 448.058601 424.197010 446.791191 15.565006 13.381772 1.244791 3.085244 3.050326 0.000000
20 720.181390 251.748108 720.675701 251.090302 706.634975 262.794063 17.368358 17.368358 -0.000000 5.599115 5.588314 0.000000
21 691.903130 220.062258 691.587333 220.710193 706.636999 210.988243 17.208388 17.208388 -0.000000 2.589592 2.568041 0.000000
23 641.698184 376.249737 641.408863 377.409979 654.283824 365.180094 17.475045 16.760774 1.394332 2.420194 2.381884 0.000000
24 336.562172 177.837324 337.767765 178.690159 349.437220 176.222916 14.695358 12.006848 -1.270487 3.016853 2.933234 0.000000
25 455.607623 461.280739 455.096708 463.974829 465.775407 450.862934 15.916048 14.067362 1.221977 2.344050 2.254273 0.000000
26 672.630046 202.993675 670.064057 200.955804 656.212790 210.663262 17.137578 16.815125 1.466865 5.846148 5.671899 0.000000
27 334.002876 311.372729 334.691425 311.411938 346.738032 307.458431 15.024581 12.278899 -1.549404 2.843396 2.824483 0.000000
28 397.665596 392.215764 395.323446 389.107021 384.342749 398.310041 15.333086 12.847749 1.361296 5.854169 5.585635 0.000000
29 453.190806 410.692575 452.683006 411.125677 466.015758 404.147266 16.117803 14.342427 1.325811 2.669694 2.659398 0.000000
30 619.178052 407.236988 619.441865 406.002242 603.661222 413.306113 17.059088 16.227932 1.221078 5.910347 5.849707 0.000000
31 436.811595 348.050330 436.223678 344.346965 424.202922 354.937195 15.822878 13.756332 1.477811 5.783264 5.560970 0.000000
32 335.014575 265.695082 334.072804 268.017298 347.271505 263.267310 14.986363 12.228217 -1.471827 2.946050 2.796141 0.000000
33 335.338921 353.072801 333.967155 355.164600 346.615936 351.598194 15.019126 12.204298 1.492148 3.011568 2.866771 0.000000
34 540.338914 460.019362 538.000000 461.000000 555.019066 458.901495 16.509464 15.417772 1.127976 3.065591 3.018909 0.000000
35 494.922704 362.187343 496.260943 362.125862 510.700193 358.713841 16.553535 15.188390 1.432126 2.924894 2.909547 0.000000
36 493.892087 412.122140 496.082915 415.060860 510.046410 407.192776 16.465953 14.990771 1.278040 2.845425 2.628463 0.000000
37 493.935778 456.171423 494.266761 456.882944 509.438666 454.887813 16.246053 14.760319 1.189491 3.058983 3.010841 0.000000
38 370.700327 355.851022 370.532280 357.107991 384.292698 353.210184 15.391618 13.055354 1.477203 2.949695 2.865561 0.000000
39 412.885605 175.143789 412.944711 175.341770 426.948175 170.075076 15.458769 13.524264 -1.196607 2.795648 2.781859 0.000000
40 336.109066 224.498431 335.137734 225.213870 348.129036 219.399817 14.891582 12.134266 -1.361315 2.740418 2.720791 0.000000
41 639.847590 320.552179 639.227060 321.007839 655.435323 313.494342 17.202060 17.202060 -0.000000 2.716428 2.707520 0.000000
42 622.075692 255.474595 623.029295 254.930538 606.547545 261.200620 17.141330 16.473532 1.542170 5.929904 5.919666 0.000000
43 540.386284 410.910609 539.167391 411.400604 556.049178 410.232123 16.798880 15.655146 1.248634 3.098302 3.072487 0.000000
44 668.681287 149.470300 668.363872 145.885423 655.905339 160.515514 16.738527 16.654005 -0.630581 5.570315 5.417793 0.000000
45 590.955845 168.012948 592.317263 169.483360 606.884541 161.518854 16.562084 16.173520 -0.934563 2.754468 2.641256 0.000000
46 589.654240 369.629041 588.952105 370.035463 604.974927 362.922939 16.805223 16.805223 -0.000000 2.729001 2.723823 0.000000
47 373.888067 175.540535 372.788479 177.260294 387.059787 173.082759 15.083366 12.732075 -1.230385 2.957119 2.856826 0.000000
48 571.696856 353.735961 571.957258 352.947367 557.006569 360.740680 16.905031 15.865194 1.426137 5.838248 5.802669 0.000000
49 409.705314 309.656477 409.762623 311.211955 424.534391 308.316596 15.826587 13.867706 -1.555872 3.051482 2.948040 0.000000
50 397.068862 302.748692 397.551294 301.806365 384.450513 307.820509 15.411290 13.066506 -1.555120 5.901008 5.852816 0.000000
51 373.822134 224.523714 373.140470 225.036662 385.901178 217.391709 15.243393 12.933179 -1.360092 2.608229 2.601834 0.000000
52 372.276621 264.715256 371.021749 266.254973 385.010800 262.374304 15.378781 13.055687 -1.466230 2.959790 2.870989 0.000000
53 480.765291 355.296650 481.514521 355.135440 466.359012 356.732582 16.203396 14.508546 1.464908 6.183839 6.178189 0.000000
54 410.763784 403.053223 409.390029 404.323601 424.051893 401.200827 15.737636 13.609058 1.356119 3.003083 2.931742 0.000000
55 543.000000 164.000000 542.595887 165.502588 559.187506 162.967433 16.388705 15.587143 -1.026630 3.077891 2.989968 0.000000
56 527.606472 157.979230 526.847990 157.485161 513.105263 164.994334 16.096254 14.896405 -1.120282 5.832614 5.783102 0.000000
57 454.012060 266.634822 453.096962 267.045618 467.392531 261.198746 16.158039 14.542199 -1.468026 2.755693 2.753353 0.000000
58 526.656449 254.974644 526.462961 254.933654 511.833455 260.959082 16.572537 15.244558 -1.471372 5.899470 5.892490 0.000000
59 622.906433 310.403093 623.166315 308.585869 605.918077 312.055107 17.260980 16.476461 1.492930 6.186246 6.084698 0.000000
60 673.030188 257.003209 671.677265 254.408435 656.093990 261.845230 17.434631 16.844927 1.431136 6.004716 5.837920 0.000000
61 480.469358 304.432456 482.022873 301.862318 466.824044 309.010604 16.212842 14.560271 -1.550083 5.959476 5.843564 0.000000
62 412.085243 263.842833 410.278084 264.403944 425.113408 261.760707 15.776459 13.836116 -1.494089 2.983116 2.965271 0.000000
63 412.028548 215.718189 410.581649 218.225953 425.849361 215.506165 15.646662 13.708401 -1.347133 3.126253 2.965302 0.000000
64 452.725993 216.838680 452.828079 218.187891 468.098010 213.879059 16.005547 14.456569 -1.323575 2.951387 2.866566 0.000000
65 589.620163 214.162605 591.074009 213.991237 606.875330 210.866729 16.657937 16.657937 -0.000000 2.952858 2.946374 0.000000
66 495.444446 311.382939 496.092063 311.703910 511.303873 309.808574 16.623566 15.284377 1.560894 3.042647 3.017635 0.000000
67 483.478966 161.842625 483.210372 161.535572 468.986804 167.390831 15.807622 14.191922 -1.184249 5.917557 5.892669 0.000000
68 543.663781 219.053865 544.893576 219.459643 558.815047 211.471947 16.671407 15.848444 -1.284088 2.677613 2.620685 0.000000
69 541.970609 263.215884 541.000000 265.000000 558.380670 260.922427 16.854830 15.970644 -1.525421 3.002733 2.911156 0.000000
70 543.169446 316.733005 541.116212 318.986755 557.779387 310.836072 16.940000 15.947604 1.510950 2.757965 2.686668 0.000000
71 119.051570 365.093915 118.235835 363.363161 118.604323 377.757100 13.273277 7.813289 1.488517 4.747693 4.686794 0.000000
73 142.884878 364.053863 140.473709 366.022251 140.317387 379.354021 13.660773 8.413201 1.472107 4.878648 4.724114 0.000000
74 116.999052 399.724470 114.772184 398.951574 120.125333 412.331999 13.190337 7.693525 1.411037 4.469322 4.331820 0.000000
75 155.761527 372.899968 155.131446 372.965898 163.868388 380.930084 14.037530 9.096450 1.469757 3.922235 3.880754 0.000000
76 148.229786 405.122723 146.676386 406.133241 141.957510 414.952435 13.556481 8.344686 1.412157 5.280349 5.203697 0.000000
78 496.317803 211.425508 496.628726 212.858928 512.414310 212.491390 15.731975 15.731975 -0.000000 3.207714 3.118314 0.000000
79 111.273114 352.765577 111.985000 352.016785 117.659772 342.815705 13.315979 7.869823 1.543762 2.141444 2.123442 0.000000
80 96.233512 295.717712 112.241253 295.053291 97.318985 308.434761 12.710200 6.846636 -1.543453 4.627240 1.686851 0.000000
81 117.997096 372.775463 117.750777 371.514876 115.634463 378.092014 6.052626 6.052626 -0.000000 5.130569 1.087470 0.000000
82 92.613360 384.355242 79.525394 387.097372 98.256276 376.271190 12.801379 7.359265 1.469046 2.180199 2.109098 0.000000
83 170.778858 335.912194 169.120131 333.925882 162.949917 343.926627 14.059475 9.165656 1.531394 5.486080 5.265197 0.000000
88 65.243778 417.263656 65.496198 394.777733 68.139128 404.550041 12.687988 12.687988 -0.000000 1.794714 4.448257 0.000000
89 98.719105 404.947420 98.472999 403.456897 97.208334 410.343421 5.594164 5.594164 -0.000000 4.985379 1.012402 0.000000
91 171.117724 407.879263 171.106487 404.204901 165.483210 417.579706 14.020877 8.970152 1.397527 5.238609 5.110389 0.000000
93 167.013803 254.387915 166.734242 256.480921 163.264864 269.885810 13.912772 8.543681 -1.479926 4.949730 1.753197 0.000000
94 96.627226 303.768601 94.726601 302.986673 93.860555 308.216539 6.013485 6.013485 0.000000 5.268837 1.083039 0.000000
95 136.256858 327.523354 136.040432 330.247641 139.476788 343.369258 13.700896 8.447615 1.538015 4.511916 4.456256 0.000000
96 141.353030 419.722142 141.087010 420.703611 145.217771 414.082902 6.751248 6.751248 -0.000000 2.171609 3.966279 0.000000
98 84.744320 396.282555 87.419828 418.057550 66.702585 409.565913 21.086293 21.086293 0.000000 5.648538 0.388997 0.000000
99 82.164100 353.155656 82.240807 353.094027 78.112297 342.343561 12.396321 6.498756 1.516421 1.212247 4.270383 0.000000
100 26.685569 392.730908 22.410062 409.052559 31.303620 401.058510 11.395603 5.455637 1.455287 4.206061 1.005932 0.000000
102 138.620708 339.235485 139.115561 337.191610 135.911703 342.921975 6.748618 6.748618 0.000000 5.346121 0.585656 0.000000
103 77.206701 387.902368 73.648053 363.053532 91.055942 374.098204 18.785105 18.785105 0.000000 2.357825 3.706968 0.000000
111 101.360573 331.521153 97.803770 337.211671 97.375678 342.364335 12.908079 7.333593 1.543437 5.064570 5.048597 0.000000
113 139.750332 373.510074 137.437276 374.972001 137.471553 379.747163 6.158177 6.158177 -0.000000 5.062681 1.130516 0.000000
116 79.831362 402.430981 80.918882 411.870143 77.969552 408.079601 5.712905 5.712905 -0.000000 5.030780 0.909567 0.000000
118 146.717988 265.203813 147.625552 263.933578 139.312868 271.398682 13.604648 8.494990 -1.507892 5.586542 5.551455 0.000000
120 80.052148 379.884737 80.299704 380.559142 81.341826 374.668475 5.360559 5.360559 -0.000000 1.813177 4.420335 0.000000
121 165.173237 376.542033 166.897756 384.041815 160.799422 380.598482 6.561050 6.561050 0.000000 5.535416 0.514010 0.000000
123 112.442709 262.659746 98.575258 290.226461 117.402518 272.875270 13.141852 7.878118 -1.509727 4.260395 1.362645 0.000000
124 160.243647 293.256989 159.470984 292.233540 162.598495 306.851900 14.098560 9.150818 -1.552180 4.540875 4.501622 0.000000
130 137.101585 223.436020 137.143224 222.748159 140.193851 235.536244 13.422987 8.238823 -1.470547 4.462190 1.549247 0.000000
136 45.911873 384.319328 40.798787 361.145570 56.033572 372.033268 17.074375 17.074375 0.000000 2.259903 3.762090 0.000000
137 167.002370 219.631087 165.788070 217.579570 163.517541 232.913119 13.986980 9.060308 -1.439303 4.968977 4.859397 0.000000
142 4.041929 384.983688 7.258196 408.030364 -9.833448 398.766139 18.424205 18.424205 0.000000 5.501147 0.496705 0.000000
147 26.145942 322.945268 23.605390 301.986464 42.268181 311.404681 19.542160 19.542160 0.000000 2.520329 3.608955 0.000000
148 44.891541 377.383727 55.626994 363.984270 49.431093 371.984178 6.856304 6.856304 -0.000000 2.269883 3.993044 0.000000
149 20.204985 409.171701 11.950309 388.965557 25.638318 399.170779 14.301063 14.301063 0.000000 2.068468 3.782246 0.000000
151 63.278572 409.876301 67.275528 417.843169 67.290462 404.582507 6.784573 6.784573 -0.000000 2.219301 3.903429 0.000000
153 94.538158 289.765755 102.655593 262.269205 96.834144 274.269433 12.751332 7.052528 -1.496314 1.717889 5.164055 0.000000
154 42.140013 323.488274 42.113732 296.037500 54.682062 310.315244 17.140959 17.140959 -0.000000 2.331662 3.990580 0.000000
155 5.259433 332.950014 5.855407 347.966050 -17.198860 341.002658 23.212698 23.212698 0.000000 5.938905 0.293330 0.000000
156 118.553470 338.274522 118.300000 337.031837 113.209491 342.819857 7.477400 7.477400 -0.000000 5.578371 0.671922 0.000000
160 132.779755 207.097499 124.588275 214.121987 141.361658 200.286936 13.523207 8.307141 -1.386084 2.470769 2.374264 0.000000
161 138.063343 266.350286 138.551201 264.818273 136.415908 270.728960 6.203733 6.203733 0.000000 5.072247 0.878534 0.000000
163 14.119410 299.627703 15.527544 322.711416 3.091927 310.885785 16.570295 16.570295 0.000000 5.487440 0.760261 0.000000
164 61.118118 346.797620 60.560735 336.366217 64.199640 341.560486 6.255950 6.255950 0.000000 2.102642 4.101286 0.000000
168 77.819044 271.637465 79.023900 270.190347 74.386429 275.738615 6.327128 6.327128 0.000000 5.409280 0.984895 0.000000
169 44.550410 345.346607 47.587289 353.920951 47.103252 340.963414 5.569327 5.569327 -0.000000 2.098186 4.067341 0.000000
170 18.156652 355.976338 18.679203 383.956671 0.191809 371.061621 20.588198 20.588198 0.000000 5.584695 0.609050 0.000000
171 18.132304 330.113503 17.363470 351.799198 0.825830 341.415930 19.146819 19.146819 -0.000000 5.704651 0.560651 0.000000
173 77.124494 337.746406 77.061016 346.020109 76.306218 341.922959 5.187188 5.187188 -0.000000 4.905860 1.388614 0.000000
174 121.879860 416.559562 117.264140 407.965473 122.986574 412.390653 5.958547 5.958547 0.000000 1.830280 3.799842 0.000000
175 169.071206 180.969308 168.041104 183.535257 165.475858 196.641482 13.799580 8.304570 -1.373282 4.937897 1.796705 0.000000
176 82.519235 229.112257 78.302516 255.907283 68.798578 242.338585 17.028193 17.028193 0.000000 5.516130 0.959781 0.000000
181 6.180513 360.067607 6.811316 377.044168 -18.106825 370.270402 25.067423 25.067423 -0.000000 5.885483 0.265427 0.000000
183 62.144518 378.401163 67.974380 382.068557 64.399059 373.912372 5.534134 5.534134 0.000000 2.036250 3.770514 0.000000
184 15.294469 380.315931 11.460012 359.935617 27.069259 369.455156 17.112783 17.112783 0.000000 2.396552 3.689235 0.000000
188 103.635721 194.081179 101.269144 220.741908 88.219742 205.530677 18.359033 18.359033 0.000000 5.644370 0.861746 0.000000
189 161.231708 312.255277 162.664376 312.837823 165.797696 307.229563 6.986686 6.986686 0.000000 2.308302 3.851158 0.000000
190 117.066042 314.395520 115.246289 320.764149 120.745933 307.982698 7.049819 7.049819 0.000000 2.091753 4.219515 0.000000
191 43.451785 315.200816 46.069484 323.683108 48.164253 309.991090 6.787970 6.787970 0.000000 2.306121 4.011380 0.000000
193 97.277782 336.172800 98.475672 348.572822 91.347201 342.255612 8.738714 8.738714 0.000000 5.485116 0.725135 0.000000
195 75.640017 223.158224 75.627591 223.826415 79.969540 210.829142 12.413364 6.766821 -1.425961 1.908507 1.893206 0.000000
198 1.753591 299.787491 4.476981 322.024933 -15.331288 311.051591 21.009618 21.009618 -0.000000 5.700298 0.505892 0.000000
205 114.798804 277.004337 115.993978 277.666248 121.921816 272.781384 7.685574 7.685574 -0.000000 2.606439 4.082531 0.000000
206 33.778692 270.991345 28.701467 293.012563 13.593347 280.815490 20.353191 20.353191 0.000000 5.830237 0.679188 0.000000
207 165.238952 423.089471 166.080835 423.953204 170.600584 416.778541 8.630771 8.630771 -0.000000 2.275046 3.734761 0.000000
209 43.803267 260.293882 40.214243 238.181582 53.780005 250.072884 15.702962 15.702962 0.000000 2.344102 3.861310 0.000000
211 101.917550 203.797950 101.615292 203.572529 95.692030 206.916407 6.016301 6.016301 0.000000 5.818806 1.001533 0.000000
212 164.901241 190.038231 165.460399 190.582763 161.121175 195.380066 7.270783 7.270783 0.000000 5.328220 0.964710 0.000000
214 118.859305 242.822170 117.716448 244.464607 121.087796 238.879557 6.185020 6.185020 0.000000 2.085259 4.122733 0.000000
217 122.576849 199.938393 120.183604 198.445661 115.117863 203.492145 7.190019 7.190019 -0.000000 5.838564 0.952903 0.000000
220 97.568211 245.880613 99.032721 247.004019 100.188608 241.087110 5.657780 5.657780 -0.000000 2.071069 4.343656 0.000000
221 1.320531 243.485841 0.635648 264.998735 -7.478715 253.730782 14.420496 14.420496 0.000000 5.422020 0.946689 0.000000
224 5.450674 274.970161 4.415769 294.022584 -19.897054 282.914587 25.494688 25.494688 0.000000 5.979465 0.428559 0.000000
225 21.180010 213.009976 14.687693 234.137867 4.921830 222.619793 16.415690 16.415690 -0.000000 5.749354 0.867538 0.000000
226 19.569622 241.995398 16.054551 264.602147 -1.209357 251.412928 21.258162 21.258162 -0.000000 5.857654 0.652386 0.000000
227 34.496149 241.873227 32.884604 260.990272 7.945701 249.033858 26.424575 26.424575 -0.000000 6.019754 0.447055 0.000000
228 1.773416 408.056440 3.627608 385.317504 12.399656 396.025912 14.631601 14.631601 -0.000000 2.294293 4.026065 0.000000
231 78.510509 238.565881 77.969369 228.982159 75.119824 242.376808 6.228121 6.228121 0.000000 5.439499 0.823761 0.000000
232 28.636894 275.857189 18.583289 291.988691 24.427077 280.342343 6.159358 6.159358 0.000000 5.466132 0.796516 0.000000
233 59.769734 273.158706 60.122169 271.186479 57.868151 277.471064 5.131111 5.131111 -0.000000 5.127701 1.104681 0.000000
234 27.505750 231.760235 28.215608 210.973276 41.135464 222.147288 16.735228 16.735228 -0.000000 2.527323 3.854657 0.000000
236 28.274880 261.393544 29.237202 238.183957 37.996370 251.130209 15.068415 15.068415 -0.000000 2.329088 4.117555 0.000000
237 15.815273 264.345789 13.977968 240.538209 24.312520 253.531870 15.319881 15.319881 0.000000 2.236800 4.040488 0.000000
240 79.586310 215.605933 79.641981 216.451811 82.314163 211.029828 5.405839 5.405839 -0.000000 2.108349 4.578261 0.000000
241 28.149283 315.174957 28.044510 324.192567 32.160139 310.552091 6.199823 6.199823 0.000000 2.285427 4.075120 0.000000
243 10.904515 233.996856 19.149221 213.771191 23.005898 223.252159 12.911084 12.911084 -0.000000 2.415509 4.326051 0.000000
244 96.756758 382.033340 97.205060 381.602405 103.268214 375.651350 8.041843 8.041843 -0.000000 2.366235 3.681773 0.000000
246 4.194253 214.958692 0.151549 236.645951 -6.184554 225.487895 14.215238 14.215238 -0.000000 5.490594 1.054352 0.000000
248 62.391468 217.638139 63.475911 209.719459 64.322537 214.330757 5.033732 5.033732 -0.000000 2.099268 4.530813 0.000000
253 14.820094 344.730035 11.681027 329.199367 17.722777 340.525419 5.586528 5.586528 0.000000 2.175021 4.022445 0.000000
257 62.280759 354.940977 56.638757 349.696385 62.174872 346.441444 6.469017 6.469017 0.000000 1.558339 2.610083 0.000000
260 30.712259 223.885363 31.768683 216.869784 31.981326 220.480573 4.592208 4.592208 -0.000000 1.927575 4.653566 0.000000
266 28.923496 345.563186 29.733440 353.058208 31.331058 340.808773 5.136148 5.136148 -0.000000 2.039539 4.204961 0.000000
272 428.701481 338.277015 434.763606 349.101396 420.765740 352.778790 16.034315 16.034315 -0.000000 5.213100 6.026280 0.000000
273 60.750291 250.708253 60.260722 240.105622 64.605513 246.137688 6.418662 6.418662 0.000000 2.271498 4.088180 0.000000
280 280.158235 359.988936 280.306929 388.993300 -620.952647 385.848183 901.305585 901.305585 0.000000 6.254496 0.003490 0.000000
282 841.067966 556.839209 792.918863 553.911054 874.981746 -374.568727 931.970961 931.970961 -0.000000 1.607192 1.658951 0.000000
286 77.855183 314.072609 77.518000 314.895775 81.093178 308.968760 6.043263 6.043263 -0.000000 2.136142 4.238563 0.000000
296 60.845651 313.679058 60.738050 304.374939 63.110444 309.549395 5.626883 5.626883 -0.000000 2.072426 4.282504 0.000000
297 179.628361 138.223098 213.863055 131.292963 334.981663 823.750900 702.846102 702.846102 -0.000000 4.489535 4.539230 0.000000
307 14.476101 322.464303 11.780384 299.692063 15.789598 316.414481 6.749919 6.749919 0.000000 1.784592 3.320374 0.000000
308 663.707281 193.286518 670.935866 203.851638 652.532422 209.723892 19.671643 19.671643 0.000000 5.309459 5.974313 0.000000
310 42.617467 251.933654 44.924443 243.584451 47.869558 247.913960 6.094283 6.094283 -0.000000 2.488339 4.115047 0.000000
