1 780.145432 561.905982 779.594924 560.995388 770.638238 557.215682 11.353511 9.896395 -0.946470 0.458307 0.399325 0.000000
2 811.690148 555.170337 811.643427 555.558009 832.016550 551.745801 22.497048 18.776306 -1.007399 2.974683 2.956612 0.000000
3 791.548708 550.648127 793.415270 547.855158 770.481653 557.081104 23.006645 20.085291 -0.886810 5.986821 5.900707 0.000000
4 815.169657 493.178976 814.886538 493.458970 835.727937 486.571228 22.895670 19.611582 -1.192135 2.830606 2.822409 0.000000
5 829.384403 412.497155 828.412140 413.989791 837.803806 418.899853 11.402065 9.856907 -1.389377 3.791761 3.623322 0.000000
6 854.977171 401.064574 849.583200 400.266305 837.618901 418.938876 23.186084 20.136009 -1.379943 5.483142 5.282228 0.000000
7 783.324747 495.110355 784.267009 494.291803 773.586850 490.661139 11.613563 10.348973 -1.138476 0.428575 0.327689 0.000000
8 841.969647 552.003219 841.901958 551.677267 832.220106 551.861101 11.124959 9.214383 -1.046130 0.014576 6.264200 0.000000
9 782.972658 468.468768 779.605098 465.719068 773.405164 490.519004 23.406733 21.059278 -1.109230 5.121770 4.957366 0.000000
10 820.424257 364.417455 820.588802 364.538421 837.672954 350.065854 23.274074 20.331753 1.557006 2.447618 2.438765 0.000000
11 826.530000 482.542130 826.496445 482.998408 835.917386 486.679199 11.352901 9.571282 -1.207096 3.556690 3.514059 0.000000
12 728.178474 558.233527 728.133807 557.030247 705.102133 561.496016 23.385731 21.196659 -0.722812 6.142738 6.091665 0.000000
13 827.977155 344.957656 828.293492 345.769837 837.807629 350.028502 11.423421 9.967257 1.558766 3.617823 3.562461 0.000000
14 793.465675 406.113085 792.412697 406.755927 774.774243 421.411898 23.727230 21.643324 -1.339739 5.597269 5.589879 0.000000
15 715.736118 565.053988 715.227707 562.507051 705.195028 561.624478 11.523226 10.457563 -0.804768 0.314546 0.087744 0.000000
16 788.933857 262.348574 786.101627 262.906652 772.844358 280.425378 23.782086 21.678863 1.296861 5.439687 5.360195 0.000000
17 825.666422 279.332813 825.546929 279.809472 836.072006 281.063525 11.410890 9.895457 1.395914 3.306409 3.260183 0.000000
18 817.053597 290.192762 817.264972 290.135441 835.869826 281.140102 23.227819 20.161803 1.356472 2.693172 2.691237 0.000000
19 786.075492 421.977222 786.577760 421.759452 774.994379 421.378791 11.670325 10.624914 -1.379432 0.053952 0.032851 0.000000
20 785.773356 354.041337 785.186404 353.532051 774.699776 350.866165 11.702417 10.700270 1.564144 0.279242 0.248944 0.000000
21 794.596565 339.371610 794.017679 338.179755 774.566731 350.960144 23.838642 21.822548 1.566310 5.758677 5.701865 0.000000
22 811.660628 215.008479 811.899083 216.924660 832.178393 213.294132 23.049442 19.674639 1.157725 3.058232 2.964443 0.000000
23 646.675398 569.957663 647.097985 570.017432 636.813424 565.133557 11.658031 10.951000 -0.566769 0.454940 0.443346 0.000000
24 842.717041 216.832238 842.515173 215.520494 832.402225 213.119219 11.334120 9.648843 1.163471 0.345529 0.233128 0.000000
25 783.670993 281.811384 784.202526 281.270673 773.082473 280.329696 11.681181 10.634867 1.303938 0.139031 0.084419 0.000000
26 660.123867 556.907926 660.008277 556.816012 636.739689 565.001779 23.627719 22.047830 -0.505722 5.949967 5.944913 0.000000
27 781.174625 192.674124 781.584241 191.252654 769.488526 211.047575 23.570522 21.208613 1.076343 5.278882 5.260895 0.000000
28 730.989313 488.996950 730.060568 488.447479 707.066767 493.945854 23.810140 22.258614 -0.962545 6.079191 6.048469 0.000000
29 717.241175 499.166358 717.379607 497.910301 707.170054 494.088488 11.782611 10.945540 -1.000248 0.467003 0.358189 0.000000
31 816.710253 164.535875 816.032609 165.981895 826.761593 147.603680 22.731517 18.987490 0.999661 2.106514 2.099210 0.000000
32 775.211565 143.982439 776.077548 143.573466 764.887835 143.769791 11.402941 9.973910 0.870917 0.020595 6.265642 0.000000
33 758.077790 165.926207 759.029359 165.220706 764.716323 143.962061 23.228947 20.317325 0.881878 1.864311 1.832189 0.000000
34 816.981993 145.431169 816.552658 145.786034 826.926763 147.484697 11.146254 9.334383 1.001537 3.345224 3.303893 0.000000
35 780.720905 213.073346 780.396645 212.603658 769.664630 210.866496 11.571714 10.417088 1.100600 0.197012 0.160475 0.000000
36 301.829405 567.821084 301.496772 567.415295 290.971962 564.742283 11.355642 9.996632 0.869326 0.276312 0.248714 0.000000
37 726.716755 409.340508 727.865514 408.023328 707.765787 423.628517 24.149277 22.910873 -1.271350 5.637163 5.623009 0.000000
38 588.876463 560.148999 590.008821 556.959237 566.486997 567.323351 23.775234 22.512240 -0.213174 5.973088 5.868162 0.000000
39 708.931766 136.088942 708.031678 135.762999 698.896104 141.208455 11.645491 10.488689 0.732260 5.811465 5.745659 0.000000
40 717.735805 130.256510 717.605984 127.089090 698.781581 141.433338 23.623990 21.435859 0.712727 5.750392 5.632047 0.000000
41 337.051886 578.242972 338.068854 579.300118 356.640049 566.968385 23.397027 21.356152 0.655606 2.619321 2.555421 0.000000
42 573.323260 577.595296 572.825052 575.814412 566.502235 567.460861 11.694407 11.164951 -0.243130 0.978385 0.922893 0.000000
43 727.795607 338.481275 727.916933 338.175922 707.347644 351.930151 24.299182 23.127068 1.536333 5.701408 5.693792 0.000000
44 718.479787 429.017412 720.139287 428.074642 707.895025 423.600155 11.899476 11.278822 -1.314164 0.473041 0.350359 0.000000
45 368.281556 567.346274 367.564354 567.070304 356.618793 567.112481 11.534061 10.559650 0.727513 0.020043 6.279332 0.000000
46 515.317994 555.710615 514.760995 555.531551 495.472446 568.432013 23.879905 22.500936 0.146885 5.713149 5.693697 0.000000
47 720.454163 194.878857 719.872145 193.510059 702.773958 209.534207 24.038562 22.420638 0.946879 5.591061 5.530202 0.000000
48 661.652489 492.067201 661.956079 491.586791 637.590424 496.707722 24.074489 23.166746 -0.712095 6.092668 6.076030 0.000000
49 721.261758 262.603078 721.937315 261.026382 705.708496 280.132543 24.231720 22.984606 1.226837 5.438123 5.416536 0.000000
50 483.776410 562.943027 484.711649 564.398110 495.526622 568.581917 11.734009 11.244342 0.188101 3.589029 3.510714 0.000000
51 649.345933 499.170687 649.320498 498.987169 637.657945 496.829106 11.919919 11.453058 -0.885405 0.197723 0.182972 0.000000
52 270.665129 570.152897 271.272633 571.948335 291.018466 564.618925 22.980396 20.275718 0.819892 2.876115 2.786168 0.000000
53 416.003873 589.784668 416.305158 589.103055 425.140806 568.284829 23.725955 22.074699 0.423039 1.972647 1.972175 0.000000
55 714.371440 213.960942 713.956458 213.139188 702.921435 209.349665 11.784450 11.023736 0.926185 0.382859 0.330791 0.000000
56 247.663390 554.188977 247.936111 553.918268 229.208023 561.262058 22.493315 18.892884 0.960728 5.917199 5.909484 0.000000
57 274.880751 494.764345 275.829640 495.254983 286.280965 498.442940 11.569892 10.447739 1.086929 3.453723 3.437657 0.000000
58 261.639783 438.324723 262.031983 439.052318 282.781180 429.626053 23.604480 21.766604 1.248825 2.751253 2.715172 0.000000
59 433.713178 577.522762 433.434181 576.343985 425.149691 568.432574 11.665276 10.964141 0.510365 0.815225 0.762367 0.000000
60 636.244645 119.194791 633.145226 115.795015 629.807514 140.092419 23.872311 22.211226 0.486994 5.011198 4.848904 0.000000
61 197.644510 369.146831 197.909129 371.006405 217.295226 360.987805 23.143926 20.507592 1.547393 2.748050 2.664601 0.000000
62 716.925483 283.582275 717.400879 283.099737 705.871305 280.050631 11.958591 11.287861 1.278943 0.309236 0.258541 0.000000
63 660.882500 420.471431 662.308971 418.877944 637.613933 425.669065 24.450683 23.850261 -1.211077 6.063417 6.014820 0.000000
64 641.419967 141.647217 641.821708 141.379143 629.884820 139.843168 11.777097 10.888482 0.498494 0.155139 0.127971 0.000000
65 214.320658 491.668907 213.544429 491.780885 223.690500 496.513583 11.284172 9.690098 1.169039 3.618787 3.578047 0.000000
66 205.448707 503.961620 205.211356 504.144398 223.775603 496.369101 22.847791 19.736997 1.127502 2.748834 2.744958 0.000000
67 718.910682 353.623954 719.203168 353.444511 707.511671 351.885206 11.685469 11.685469 -0.000000 0.151368 0.132588 0.000000
68 239.660779 562.665596 239.652571 562.497103 229.152362 561.376270 11.130969 9.265522 1.004271 0.122084 0.106341 0.000000
69 209.493417 424.821786 209.675640 425.398289 219.581568 429.275052 11.386753 9.936346 1.341824 3.557301 3.514627 0.000000
70 278.607155 519.161706 280.441616 521.276613 286.365990 498.303244 23.375412 21.179076 1.021024 1.926913 1.823178 0.000000
71 627.257084 419.320473 626.984644 419.696714 637.676746 425.625640 12.066339 11.770780 -1.170567 3.685770 3.647895 0.000000
72 470.755053 510.150837 471.767399 511.884227 493.826594 499.840041 24.312841 23.554375 0.220993 2.721315 2.641830 0.000000
73 226.197976 367.023200 226.408696 366.046829 217.147618 360.917291 11.401405 10.071143 1.559458 0.593516 0.505818 0.000000
74 375.455987 508.045817 375.664371 508.019978 352.838094 499.546990 23.836300 22.288786 0.872840 0.359434 0.355430 0.000000
75 589.633641 490.720631 589.867831 489.042309 566.097019 498.713464 24.219077 23.615332 -0.264199 5.955813 5.896788 0.000000
76 645.467442 209.248315 644.639120 208.296316 633.011934 208.735182 11.976738 11.436634 0.730481 0.041174 6.245458 0.000000
77 196.166340 286.963414 196.140071 288.009799 216.552137 292.452317 23.084895 20.309441 -1.386384 3.404607 3.355892 0.000000
78 223.488714 300.789912 223.977089 300.702017 216.451746 292.390884 11.368751 9.931122 -1.375233 0.873409 0.834976 0.000000
79 586.492130 412.678679 585.040545 412.822256 565.337779 427.287958 24.532073 24.392302 -0.927453 5.678793 5.649875 0.000000
80 467.346196 433.889485 467.764870 435.908005 492.242332 428.466964 24.599639 24.356977 0.352239 2.927136 2.846474 0.000000
81 236.612455 418.010472 237.897557 416.012723 219.735350 429.321292 23.065923 20.300650 1.319771 5.692749 5.650808 0.000000
82 445.428477 491.963152 445.432212 490.636450 422.355823 500.106386 24.147966 23.156965 0.620960 5.943895 5.893768 0.000000
83 198.661022 160.803624 198.802088 160.940877 219.936162 159.573679 22.579641 19.092564 -0.997185 3.083846 3.076991 0.000000
84 566.717366 117.943226 565.668146 117.476635 558.937584 140.109059 24.021462 22.707917 0.166333 5.049937 5.001446 0.000000
85 261.168058 147.845569 261.443588 148.089163 281.857533 153.523606 23.117472 20.461464 -0.870979 3.409439 3.401771 0.000000
86 651.265709 193.184041 650.542139 192.201011 632.914437 208.962332 24.304741 23.300690 0.705410 5.573033 5.522975 0.000000
87 196.421676 226.619491 195.935624 226.974387 217.416449 225.023414 22.909613 19.902921 -1.190762 3.065716 3.051017 0.000000
88 360.477506 434.157623 360.800539 434.023213 349.738835 429.615990 11.877482 11.329929 1.184898 0.400110 0.379145 0.000000
89 410.502266 495.518344 410.890557 495.876689 422.330181 500.272751 11.913270 11.454218 0.783538 3.523792 3.508478 0.000000
90 293.500925 431.611246 293.830589 431.329671 282.687407 429.635111 11.615185 10.733581 1.294032 0.180752 0.150915 0.000000
91 327.034080 439.961131 331.487863 440.330108 349.775820 429.662311 24.077457 23.024502 1.154969 2.716363 2.613525 0.000000
93 289.223074 364.198589 291.667058 363.059956 280.379428 359.561746 11.691109 10.829766 -1.564700 0.482909 0.300528 0.000000
94 577.464666 432.114776 576.707748 430.859013 565.365411 427.271034 12.112766 12.112766 -0.000000 0.380794 0.306375 0.000000
95 577.256329 503.951087 577.878543 503.411766 566.115698 498.863493 11.949294 11.724728 -0.573940 0.428387 0.368958 0.000000
96 260.305069 370.183226 260.608897 372.927006 280.485198 359.634854 23.707329 22.003832 1.526093 2.659942 2.552153 0.000000
97 342.566915 492.955584 342.567813 493.555412 352.796467 499.670195 11.795004 11.018721 0.991330 3.722449 3.680400 0.000000
98 214.026293 150.484869 214.413793 151.554826 219.807693 159.380511 11.118091 9.443026 -1.043887 4.136074 4.108910 0.000000
99 657.587059 271.262177 658.092424 269.216294 635.297016 280.373888 24.515566 23.933489 1.073320 5.895133 5.828000 0.000000
100 398.010192 436.235203 395.978351 438.998639 419.987685 429.279200 24.420248 23.910305 0.960970 2.835063 2.756939 0.000000
101 289.460033 310.956655 291.435397 311.673651 279.602111 289.464462 23.666509 21.832854 -1.317647 1.140752 1.081246 0.000000
102 290.096171 295.030959 289.303060 293.595877 279.500024 289.376614 11.690215 10.704273 -1.313416 0.490183 0.406439 0.000000
103 660.324225 348.672605 662.050986 348.012149 636.849048 353.067149 24.582584 24.106843 1.521623 6.098128 6.085232 0.000000
104 481.822030 495.891504 482.089040 497.011834 493.875897 499.986140 11.859384 11.859384 -0.000000 3.469058 3.388773 0.000000
105 325.066857 144.944522 324.931914 144.960105 347.694147 148.420980 23.582691 21.508125 -0.704100 3.294041 3.292482 0.000000
106 226.203363 229.914473 225.632299 227.539090 217.224219 224.763496 11.256444 9.744060 -1.179076 0.520827 0.318847 0.000000
107 284.873249 163.848285 284.821601 163.321804 281.786506 153.318203 11.387047 10.085094 -0.916296 1.285649 1.276223 0.000000
108 646.348787 361.824874 646.363761 360.303957 636.888419 353.000093 12.003548 12.003548 -0.000000 0.750652 0.656699 0.000000
109 569.537602 135.485190 570.089240 135.010562 558.962718 139.846169 11.832512 11.214728 0.229864 5.892044 5.873210 0.000000
110 624.884308 273.127714 625.473200 273.628884 635.392381 280.288650 12.081164 11.776713 1.052933 3.739774 3.732867 0.000000
111 326.795378 371.021051 326.976787 371.173123 347.762055 358.255471 24.158894 23.248920 1.502286 2.594691 2.585528 0.000000
112 481.191062 130.851280 481.335345 132.397072 487.415726 141.325654 11.838358 11.153405 -0.144407 4.176189 4.114528 0.000000
113 354.262825 157.162390 354.138242 156.557927 347.639286 148.174412 11.578787 10.606691 -0.711918 0.935711 0.911357 0.000000
114 271.979852 211.931741 272.223397 212.477186 279.966208 220.206164 11.572591 10.457569 -1.104734 3.944704 3.926097 0.000000
115 407.923993 123.115868 407.975871 123.272896 416.553645 144.378189 23.891218 22.278771 -0.460828 4.326836 4.326354 0.000000
116 512.665725 137.231559 511.852284 137.169621 487.385243 141.578594 24.061177 22.735351 -0.167793 6.112898 6.104898 0.000000
117 261.134993 209.035915 261.087160 209.211308 280.068114 220.399106 23.465454 21.349012 -1.082250 3.682141 3.674198 0.000000
118 582.558286 196.702652 568.093879 187.895773 561.003036 209.363593 24.389488 23.778285 0.372853 5.752103 5.031408 0.000000
119 587.286692 342.785873 584.595339 341.759465 564.221885 354.271844 24.704554 24.577356 1.375947 5.821149 5.732426 0.000000
120 501.000000 431.000000 504.183476 430.793927 492.286124 428.411813 12.116314 12.116314 -0.000000 0.288720 0.197609 0.000000
121 573.699476 206.978471 573.003193 206.737294 561.034349 209.204353 12.010055 11.676430 0.213944 6.109213 6.079909 0.000000
122 470.921376 370.185787 470.654277 372.098328 490.819717 355.602442 24.717699 24.717699 -0.000000 2.509131 2.455956 0.000000
123 406.642102 137.956771 406.584188 138.107147 416.571272 144.140052 11.764329 10.967955 -0.484530 3.698564 3.685000 0.000000
124 513.692048 273.270409 513.262303 272.969016 489.528978 282.524490 24.603672 24.603672 -0.000000 5.917433 5.900424 0.000000
125 439.859872 273.146594 439.925914 271.047067 417.128414 284.423682 24.452378 24.003766 -0.986595 5.822662 5.752560 0.000000
126 428.301981 217.076269 426.398284 215.807759 416.475449 212.932643 11.921646 11.481584 -0.680930 0.337002 0.282024 0.000000
127 588.135701 275.576025 587.557492 272.953350 562.811789 281.189347 24.567038 24.567038 -0.000000 6.065051 5.961892 0.000000
128 324.293407 297.225527 325.898672 301.898810 346.778636 286.746449 24.139076 23.087900 -1.207576 2.705478 2.513833 0.000000
129 392.504917 361.876626 394.298910 366.058034 418.205279 356.897130 24.382419 24.382419 -0.000000 2.950212 2.775653 0.000000
130 429.403540 362.978894 428.605270 362.378719 418.194126 356.845203 12.047740 12.047740 -0.000000 0.500684 0.488528 0.000000
131 358.812512 363.800910 358.659134 363.002485 347.732393 358.212460 11.925037 11.468287 1.496506 0.467135 0.413146 0.000000
132 323.366846 216.998307 322.191055 217.088762 346.706360 216.389445 23.912518 22.559303 -0.913713 3.115511 3.113075 0.000000
133 576.854553 356.292014 576.233614 355.776103 564.242229 354.216358 12.195781 12.195781 -0.000000 0.163112 0.129346 0.000000
134 551.946290 274.991699 551.874237 275.545745 562.860962 281.060122 12.151431 12.066607 1.056851 3.649021 3.606769 0.000000
135 431.699366 429.625800 432.102502 429.626427 419.966739 429.243073 11.955272 11.955272 -0.000000 0.032609 0.031578 0.000000
136 500.278164 212.495841 500.642258 212.303068 488.419579 210.552598 12.020849 11.714607 -0.251707 0.162424 0.142248 0.000000
137 335.203130 215.679182 335.111900 216.448284 346.675628 216.192139 11.778258 11.120279 -0.955303 3.186275 3.119446 0.000000
138 478.888718 350.946265 478.561274 352.555183 490.847343 355.516814 12.205450 12.132217 -1.412514 3.506658 3.378136 0.000000
139 503.269221 191.463432 503.288943 190.795127 488.348638 210.782355 24.476010 23.796763 -0.180244 5.370029 5.354283 0.000000
140 439.874196 205.078015 440.102830 202.965717 416.503669 213.179666 24.273710 23.340027 -0.631743 5.949488 5.874718 0.000000
142 337.422608 279.102769 337.566772 279.439374 346.713503 286.634693 11.939464 11.324764 -1.294550 3.822811 3.808143 0.000000
143 568.671950 185.666308 582.470791 196.664001 559.704720 211.947716 26.769334 26.769334 0.000000 5.041203 5.691956 0.000000
144 501.998610 285.373809 501.426953 284.807680 489.598156 282.414646 12.155283 12.063996 -1.062075 0.234252 0.199612 0.000000
145 427.815814 290.879164 428.059878 290.632011 417.097146 284.286862 12.092296 11.832101 -1.109771 0.551398 0.524680 0.000000
146 327.578705 300.675034 323.903317 293.030680 333.732741 294.304386 9.135829 9.135829 0.000000 2.338901 3.270455 0.000000
150 18.623399 614.067986 -0.903390 488.111690 994.604996 395.240459 999.572011 999.572011 0.000000 2.921028 3.048572 0.000000
