1 765.867647 496.922059 764.920421 497.107132 748.487156 508.474863 19.666647 19.666647 -0.000000 5.696546 5.678017 0.000000
2 757.248519 513.172158 757.319440 513.040819 748.504478 508.575961 9.740137 9.740137 -0.000000 0.483947 0.468841 0.000000
3 67.279186 380.297410 65.986197 379.989982 69.107480 394.170856 13.808444 8.092483 1.481320 4.581360 4.495738 0.000000
5 769.585919 438.786130 770.072992 436.838863 752.394262 449.071791 20.405273 19.842099 -1.281409 5.744021 5.677877 0.000000
6 74.658210 447.628694 75.148147 447.179721 70.903107 434.663981 13.715883 7.902621 1.403259 1.288871 1.243797 0.000000
7 266.000000 479.000000 267.386337 478.588941 277.240944 468.530771 17.012077 13.276068 1.279641 2.391726 2.345972 0.000000
8 771.424859 375.654948 771.225376 371.907142 755.308396 387.981085 20.766025 20.048884 -1.543752 5.630269 5.492881 0.000000
10 270.920355 463.846785 270.280524 464.779314 277.194460 468.568429 8.500817 6.552754 1.293089 3.786731 3.642930 0.000000
11 68.621008 326.902506 68.251945 326.491940 68.226892 312.405775 13.707817 7.821541 -1.528295 1.543616 4.855792 0.000000
12 761.959492 452.000995 762.083313 451.504225 752.405333 449.166469 10.148277 9.734474 -1.332082 0.288408 0.237014 0.000000
13 737.473802 321.424546 736.545913 321.901354 757.123941 326.179517 20.865722 20.082275 1.393638 3.379010 3.346572 0.000000
14 710.321081 501.615019 709.362102 500.081625 689.778413 505.476622 19.718554 19.539865 -0.126919 6.097374 6.014369 0.000000
15 739.137439 192.147054 737.199892 194.061794 757.296493 203.766673 20.554304 19.606282 0.932408 3.710821 3.591476 0.000000
16 773.282606 250.252011 773.369197 249.740505 757.795451 264.496242 20.783807 19.943978 1.192467 5.539568 5.524751 0.000000
17 27.211177 403.299845 20.957796 399.026348 26.436309 397.515803 5.743343 5.743343 -0.000000 1.437623 2.872556 0.000000
18 50.158052 405.510065 41.302047 400.342522 47.577395 399.065428 6.517503 6.517503 -0.000000 1.189915 2.940825 0.000000
20 263.500015 423.784590 262.658474 425.082873 276.285153 418.568450 17.135981 13.604520 1.383911 2.754222 2.695647 0.000000
21 697.115977 512.209290 698.348021 510.884615 689.768662 505.577424 9.748641 9.748641 -0.000000 0.734263 0.553984 0.000000
22 765.956323 331.203617 766.290552 331.029809 757.137035 326.138045 10.277837 9.862053 1.417584 0.521364 0.490798 0.000000
23 307.554014 482.258819 307.179409 484.787480 319.337670 473.571276 17.472410 14.402354 1.235882 2.506299 2.396475 0.000000
24 764.372803 391.802320 765.105104 392.058380 755.325140 387.959040 10.058619 10.058619 -0.000000 0.401686 0.396911 0.000000
25 749.158205 162.252203 749.198319 163.773110 755.697969 144.753551 20.178833 19.051949 0.690314 1.928453 1.900089 0.000000
27 745.120181 146.880253 747.044346 148.361598 755.711943 144.637478 9.928429 9.359737 0.691134 2.932928 2.735782 0.000000
28 766.584582 208.109391 765.678521 206.361458 757.317810 203.613471 10.108894 9.618204 0.929325 0.451710 0.317555 0.000000
29 262.069760 317.446392 261.689013 317.896923 276.403227 316.801296 17.249525 13.856842 -1.529977 3.096617 3.067269 0.000000
30 49.452284 445.442223 52.860902 444.701355 47.001118 431.981674 12.437664 6.081047 1.391646 1.390670 4.240269 0.000000
31 261.426685 367.542358 261.428258 368.133038 275.979453 367.875615 17.242513 13.798917 1.491741 3.164489 3.123904 0.000000
32 66.220613 284.841891 72.117374 284.291916 69.040374 271.466615 13.604346 7.558852 -1.463776 1.778573 4.958761 0.000000
33 45.543526 326.906924 30.607324 321.990600 45.140721 313.058320 13.225817 6.904398 -1.526485 1.541718 4.758089 0.000000
34 43.502543 377.992291 41.858385 379.940983 46.264168 392.044326 13.215149 7.194715 1.469901 4.518334 0.991099 0.000000
36 10.289813 438.498039 10.485932 437.751576 6.701497 425.775934 11.629743 5.267728 1.407043 1.295884 4.315261 0.000000
37 696.297013 163.398358 696.706228 164.090448 696.706974 144.062357 19.916310 19.237016 0.422520 1.591995 1.570834 0.000000
38 702.010711 135.771466 702.071840 135.641905 696.684407 143.918461 9.791387 9.453713 0.428753 5.291414 5.289416 0.000000
39 264.785357 216.958166 264.526856 218.196254 279.480421 215.417371 17.088494 13.590481 -1.324132 3.037123 2.957854 0.000000
40 282.411196 422.256968 282.834164 422.076154 276.204369 418.638937 8.549992 6.742420 1.399447 0.527760 0.478298 0.000000
41 709.323124 433.196288 708.681816 433.388736 692.911311 446.371343 20.287595 19.947108 1.555555 5.606752 5.594445 0.000000
42 612.232603 508.124181 612.539208 509.034911 631.295473 501.841717 19.452588 19.452588 -0.000000 2.823237 2.775383 0.000000
43 291.342691 176.335680 291.890711 175.488001 282.089608 166.024035 16.837285 13.280381 -1.204463 0.839451 0.767900 0.000000
44 72.968662 243.847619 76.323228 241.827385 71.283946 231.162766 13.658204 7.871796 -1.417372 1.438756 5.048305 0.000000
45 767.612860 265.469601 768.055872 265.290478 757.817238 264.428451 10.250585 9.798963 1.245377 0.105890 0.083996 0.000000
46 264.414588 273.667472 264.180707 277.003809 277.627747 265.772802 17.199256 13.722732 -1.426667 2.603024 2.445752 0.000000
47 308.780698 432.784921 308.335840 435.893976 318.759039 422.118954 17.669938 14.696445 1.356084 2.322899 2.218555 0.000000
48 634.373934 125.411324 633.712528 124.182618 637.911338 144.387368 19.609192 19.140456 -0.059404 4.528090 4.507492 0.000000
49 282.335291 320.058341 282.759433 320.014984 276.308709 316.728849 8.520702 6.876502 -1.518060 0.504736 0.471156 0.000000
50 33.142342 431.815837 24.799547 413.510078 26.890616 428.093013 12.782298 6.685649 1.411968 0.537095 4.569968 0.000000
51 323.997105 481.790799 324.806481 479.947874 319.281683 473.601876 8.715555 7.154807 1.250029 1.048339 0.854466 0.000000
52 46.572948 260.030345 46.379313 259.334932 46.626007 273.693753 13.231596 7.336395 -1.485628 4.708506 1.809802 0.000000
54 50.972022 341.871283 73.064486 368.262117 32.325306 353.030893 20.612634 20.612634 -0.000000 5.743887 0.624829 0.000000
55 352.951187 490.354577 355.082013 490.680146 364.638487 478.621421 17.992482 15.385492 1.195175 2.354237 2.240944 0.000000
56 276.647922 256.770687 276.573360 257.365664 277.643374 265.723152 8.441482 6.723332 -1.434688 4.601651 1.658798 0.000000
58 24.980886 366.020658 6.281175 364.091552 24.236745 352.015350 12.843437 6.553707 1.558741 1.517713 4.906609 0.000000
59 303.621488 375.716034 304.033591 377.045036 318.617535 369.794353 17.775782 14.868061 1.477314 2.765505 2.680213 0.000000
60 318.158794 147.274529 317.521602 147.148394 324.402235 161.591656 17.369186 14.319521 -1.162272 4.301169 4.267807 0.000000
61 710.141219 247.196765 709.863055 245.082652 697.750219 262.995695 20.600457 20.076070 1.235420 5.377479 5.306964 0.000000
63 312.387137 311.114566 313.069862 312.508918 318.999635 317.033264 8.788303 7.421736 -1.511706 3.871681 3.793354 0.000000
64 701.323280 182.052639 701.053513 182.740939 697.648476 202.695598 20.295199 19.820718 0.850673 4.888561 4.881400 0.000000
65 283.194136 370.219612 282.514364 369.926950 275.842713 367.812696 8.539097 6.820458 1.494463 0.316408 0.306889 0.000000
66 282.829079 223.934651 283.004636 221.550185 279.298310 215.269455 8.411831 6.699582 -1.314157 1.183871 1.037680 0.000000
67 710.928810 369.955389 707.815275 368.928589 695.354548 385.693242 20.629356 20.121687 1.537338 5.492563 5.351571 0.000000
68 705.112761 389.134466 704.733744 388.880411 695.320680 385.649206 10.204343 9.912356 1.466035 0.341945 0.330665 0.000000
70 421.224335 486.423013 421.076928 486.237778 412.852712 483.737426 9.230142 8.136434 1.157835 0.310425 0.295144 0.000000
71 622.820944 496.142880 622.494811 497.188741 631.218930 501.953373 9.756706 9.516166 0.951289 3.746856 3.641471 0.000000
72 716.702481 315.980276 715.505471 316.263185 696.975060 324.296410 20.750860 20.149361 1.391281 5.884239 5.874124 0.000000
73 325.461442 425.972429 325.930528 426.078752 318.648916 422.185570 8.809578 7.309333 1.375828 0.507336 0.490989 0.000000
74 357.187720 473.987700 356.802192 473.914911 364.568423 478.680659 8.974208 7.646365 1.222373 3.707950 3.691989 0.000000
76 26.585296 338.861997 48.163704 339.270692 24.891227 352.167665 12.671296 6.337509 1.561750 4.839027 1.567146 0.000000
77 556.314935 507.078959 556.983346 506.912221 573.736612 497.843877 19.494064 18.716557 0.870640 2.654163 2.645463 0.000000
78 27.306920 262.712182 5.216685 291.218637 25.361250 275.625032 12.855630 6.838224 -1.500266 4.861941 4.774426 0.000000
79 6.262762 364.510598 0.655883 359.663994 5.859460 358.689075 5.512320 5.512320 -0.000000 1.501629 2.956384 0.000000
81 703.067922 446.620050 703.020703 446.339373 692.901140 446.468319 10.105747 9.815729 -1.471849 0.014923 6.270444 0.000000
82 426.674364 473.803711 426.675127 472.559928 412.925340 483.679054 18.475461 16.360978 1.125803 5.660311 5.603176 0.000000
83 275.471831 172.014085 276.552249 171.074710 281.995539 165.918260 8.319514 6.607346 -1.231769 2.390088 2.383249 0.000000
84 22.070092 377.563336 21.324924 301.513724 25.374557 390.013936 12.798045 6.522362 1.467765 4.452964 1.460885 0.000000
85 582.085836 502.335010 582.762059 502.008716 573.679263 497.906802 9.693968 9.314751 0.965923 0.484822 0.424195 0.000000
86 645.287196 138.145423 645.195698 137.634876 637.850579 144.225633 9.570888 9.570888 -0.000000 5.597802 5.551865 0.000000
87 311.722382 200.939292 309.423333 201.726120 322.015814 212.496702 17.610571 14.664903 -1.291511 3.984772 3.849166 0.000000
88 706.373927 256.947906 705.730539 257.035429 697.750595 262.938767 10.027508 10.027508 -0.000000 5.676007 5.646262 0.000000
90 572.974719 127.661494 572.743096 128.044599 580.041718 145.554506 19.061397 19.061397 -0.000000 4.336236 4.317460 0.000000
91 304.000000 266.000000 304.479364 267.145431 320.251421 264.464863 17.736849 14.840486 -1.406381 3.047410 2.973244 0.000000
93 355.636463 439.470722 356.517628 443.722524 364.319586 425.722345 18.221447 15.659551 1.325134 2.134109 1.979792 0.000000
94 503.462619 506.116413 504.273084 507.534722 517.811802 493.382485 19.241950 18.104881 0.980904 2.415765 2.334042 0.000000
95 454.677977 485.814876 455.316933 486.138384 463.971236 488.694592 9.037756 9.037756 -0.000000 3.442081 3.428795 0.000000
97 652.141048 434.062904 651.871662 434.136305 633.665697 443.369264 20.125059 19.694058 1.161941 5.816568 5.813843 0.000000
98 708.340529 201.455664 706.010679 199.546422 697.614352 202.546052 10.011108 9.737943 0.877139 6.181877 5.940062 0.000000
100 450.147548 500.729062 450.548580 501.836860 464.004891 488.625929 18.910185 17.248074 1.079271 2.423664 2.365396 0.000000
101 318.254659 157.990444 317.668200 157.981967 324.340416 161.478125 8.584331 7.095808 -1.181502 3.661990 3.624246 0.000000
102 8.127288 253.416500 46.111197 220.479267 7.427224 241.024317 12.296384 6.107825 -1.441080 1.514364 4.308302 0.000000
103 396.218091 435.031951 396.496148 435.001023 412.923591 429.394256 18.714904 16.708008 1.277150 2.816119 2.812685 0.000000
105 523.027208 129.231255 522.706889 127.890230 523.806261 147.588435 19.097548 17.999419 -0.800058 4.669976 4.656636 0.000000
106 617.482142 202.422430 617.427645 204.374110 638.194788 202.349871 19.896664 19.896664 -0.000000 3.138090 3.044426 0.000000
107 48.629301 221.052206 54.736769 226.125657 48.934021 227.111217 5.813433 5.813433 -0.000000 4.662139 6.114947 0.000000
109 707.272466 326.189176 706.867196 325.917972 696.968493 324.210483 10.226001 9.921114 1.396370 0.189722 0.170815 0.000000
110 642.540167 448.059675 642.433618 447.818142 633.598840 443.474018 9.969292 9.743056 1.308653 0.473883 0.456991 0.000000
111 510.638864 499.505342 510.497758 499.865722 517.732247 493.435647 9.599910 8.961069 1.029389 2.433808 2.414995 0.000000
112 361.482269 143.059532 360.049091 144.131708 369.880606 157.476382 17.874065 15.310169 -1.098155 4.184909 4.077430 0.000000
113 323.897792 221.012698 324.040205 220.133581 321.933328 212.389369 8.695728 7.237373 -1.295321 1.346811 1.305167 0.000000
114 351.725634 383.195540 351.596006 384.593393 364.348609 371.886149 18.326737 15.952433 1.471661 2.411027 2.357976 0.000000
116 304.763171 314.849507 303.039856 315.523414 319.102869 317.085138 17.805129 14.939490 -1.537026 3.296253 3.238513 0.000000
117 644.532051 388.960173 645.241412 388.023929 635.609837 383.274483 9.983194 9.983194 -0.000000 0.567361 0.458122 0.000000
119 409.999827 138.853528 408.189807 138.818792 418.397444 153.674744 18.333846 16.279905 -1.026189 4.196895 4.110368 0.000000
120 313.782943 259.211323 313.588012 259.754994 320.161273 264.429282 8.776963 7.330231 -1.398779 3.827259 3.759734 0.000000
121 325.068236 374.892801 325.296430 373.629138 318.516694 369.763623 8.790633 7.407122 1.495388 0.664224 0.518187 0.000000
123 6.188308 327.264803 3.568695 299.827296 4.529353 314.733919 12.156932 5.429661 -1.569444 1.439172 4.648033 0.000000
125 356.001692 423.633053 355.760637 423.735495 364.211391 425.765496 9.099425 7.774429 1.359825 3.395723 3.377341 0.000000
126 565.333275 457.752298 565.941733 456.728922 575.389165 440.085824 19.945009 19.130478 1.133124 2.088266 2.087088 0.000000
127 74.542876 177.594647 74.203381 177.172128 74.048966 191.302550 13.634128 7.811094 -1.352196 4.748404 4.723316 0.000000
128 655.417131 379.585275 656.070065 379.012591 635.668927 383.327623 20.452520 19.885412 1.420953 6.095903 6.074748 0.000000
129 447.741366 438.485230 446.435763 439.040751 464.495314 433.051310 19.168566 17.643258 1.203340 2.827961 2.821358 0.000000
130 465.404940 131.433435 465.373375 133.639409 469.809700 150.350747 18.788067 17.204609 -0.937069 4.483622 4.452906 0.000000
131 373.161512 149.331494 373.016273 149.056632 369.776661 157.338445 8.811800 7.590201 -1.093675 5.112343 5.085262 0.000000
132 363.135618 192.142064 361.101901 192.233153 367.702648 209.757654 18.094605 15.753423 -1.255611 4.458714 4.352165 0.000000
133 349.277464 264.448250 349.790040 264.529993 366.146467 263.317695 18.273981 15.935276 -1.391267 3.074673 3.067610 0.000000
134 420.843370 434.043781 420.260213 433.544086 412.794281 429.453640 9.346959 8.265966 1.301190 0.518271 0.501215 0.000000
135 587.822052 137.237758 586.473650 138.372657 579.971530 145.404632 9.554419 9.218123 -0.442935 5.478039 5.458657 0.000000
136 350.839347 327.982436 350.913741 328.155491 364.988997 317.526437 18.332295 15.985252 -1.557895 2.505196 2.494798 0.000000
137 371.856922 375.324568 371.585670 375.096337 364.260096 371.828883 9.057108 7.920019 1.478151 0.431263 0.419551 0.000000
138 647.194387 197.155492 645.726557 197.160689 638.110479 202.203031 9.793405 9.793405 -0.000000 5.776009 5.698375 0.000000
139 473.404819 435.321930 471.798672 434.166619 464.415984 433.124474 9.565858 8.737287 1.260809 0.239763 0.140234 0.000000
140 645.724091 242.271150 645.000000 242.000000 637.917825 262.014428 20.152408 20.152408 -0.000000 5.088914 5.052493 0.000000
141 524.263581 456.375911 524.438274 456.200034 518.796058 436.671404 19.591122 18.432759 1.154181 1.300130 1.289535 0.000000
142 578.584617 182.662735 578.527564 183.076056 579.717298 202.708896 19.670702 19.329696 -1.046529 4.655945 4.651864 0.000000
143 49.890135 182.535275 34.298774 189.028980 50.864312 195.888461 13.161488 7.362337 -1.365325 4.639563 2.120646 0.000000
144 567.266721 434.067002 567.318979 434.339974 575.282174 440.177663 9.932949 9.492077 1.237615 3.792957 3.774179 0.000000
145 475.117832 142.466925 474.786586 142.029269 469.712531 150.197316 9.265039 8.481817 -0.896618 5.322596 5.268257 0.000000
146 421.550323 145.734952 421.118494 144.819680 418.326365 153.571403 9.042555 8.030085 -1.027364 5.102689 5.021219 0.000000
148 356.448646 316.519859 356.807886 316.797810 364.925765 317.487236 9.048474 7.934928 -1.566694 3.255217 3.226316 0.000000
149 656.550331 314.412869 656.596012 311.975084 637.056715 322.610464 20.538971 19.951488 1.414163 5.885109 5.784723 0.000000
150 532.004449 141.992959 531.709347 141.199423 523.698945 147.432065 9.405345 8.961191 -0.806628 5.703387 5.621961 0.000000
151 587.182974 381.358971 586.278285 381.291319 576.839284 380.918433 9.974076 9.662309 1.510227 0.042564 0.039484 0.000000
152 403.253149 195.445581 405.000000 199.000000 416.531419 207.387806 18.636099 16.732393 -1.176349 3.874066 3.770464 0.000000
153 484.872432 195.156596 484.524599 194.066311 468.378756 205.305126 19.052434 17.719900 -1.120484 5.731593 5.675094 0.000000
154 501.220592 381.367556 500.198722 381.795647 519.864736 378.619125 19.770745 18.762350 1.423685 2.995232 2.981452 0.000000
155 401.254251 388.429863 402.153813 388.922159 413.247747 374.035101 18.845208 16.983349 1.452952 2.265447 2.211223 0.000000
156 509.608592 438.181469 509.233523 439.027252 518.680115 436.735106 9.779158 9.164854 1.242345 2.983484 2.903550 0.000000
157 597.179727 376.559130 596.824274 374.838203 576.928490 380.983274 19.818441 19.818441 -0.000000 6.068102 5.983617 0.000000
158 475.552117 209.959254 475.890065 209.978225 468.317024 205.182383 9.111460 9.111460 -0.000000 0.583538 0.564530 0.000000
159 0.470253 359.069910 1.781266 336.963826 22.359731 350.242435 23.116593 23.116593 0.000000 2.758266 3.714634 0.000000
160 405.991592 367.998330 406.205833 368.275329 413.119972 373.963060 9.314822 8.459874 1.477325 3.838349 3.829977 0.000000
161 446.612958 378.279318 446.318833 378.362327 465.174792 376.274806 19.300572 17.959869 1.409045 3.034018 3.031333 0.000000
162 528.681017 382.007953 529.303111 381.271118 519.750843 378.568493 9.808683 9.315821 1.464026 0.367640 0.275724 0.000000
163 455.415343 375.445222 456.341819 376.594200 465.077152 376.200474 9.594299 8.913493 1.444359 3.219603 3.096550 0.000000
164 359.758160 206.925889 361.076140 207.698947 367.631133 209.681327 8.938929 7.811146 -1.275803 3.478256 3.435271 0.000000
165 411.632985 199.343800 411.264659 200.471038 416.422105 207.235455 9.185200 8.279655 -1.163942 4.166942 4.060975 0.000000
166 596.012824 248.997572 593.563804 246.171240 579.108183 261.489383 20.010238 19.511862 -1.421805 5.646789 5.468826 0.000000
167 645.611885 263.095538 648.274343 261.707185 637.847320 261.947359 10.062509 9.838081 1.356296 0.146810 6.260156 0.000000
168 395.346883 322.715050 397.080503 325.051719 413.973758 318.138923 18.816862 17.100559 -1.568918 2.900690 2.753177 0.000000
169 646.922666 325.156060 645.834801 324.243026 636.986122 322.563768 10.018728 10.018728 -0.000000 0.255197 0.187545 0.000000
171 588.809579 206.999623 588.127393 206.061192 579.607796 202.566074 9.652169 9.652169 -0.000000 0.448993 0.389307 0.000000
172 535.244942 246.890619 534.000000 243.000000 521.985979 261.430697 19.700541 18.818274 -1.377540 5.451735 5.290063 0.000000
173 432.907316 260.657944 432.470782 260.494413 415.154846 262.403732 18.765139 16.977699 -1.371669 6.185160 6.173365 0.000000
174 4.252660 291.273790 4.623612 264.370226 15.958883 278.396825 16.806774 16.806774 -0.000000 2.308607 4.032712 0.000000
175 568.664077 318.658487 568.338726 318.771405 578.126234 321.113372 9.989487 9.650218 1.452783 3.395438 3.376458 0.000000
176 541.186613 317.956748 539.543122 316.836535 520.983186 319.951812 19.797253 18.861895 1.504008 6.184756 6.116886 0.000000
177 586.658559 268.634808 586.074399 267.916065 579.047621 261.432304 9.882872 9.658814 -1.450387 0.757833 0.745228 0.000000
178 517.986576 212.081677 517.780411 212.464033 522.856371 203.637657 9.570496 9.104360 -1.037591 2.093919 2.092698 0.000000
180 461.122820 299.150075 460.870052 299.849882 466.024072 318.958778 19.361364 18.049078 1.567876 4.469831 4.448940 0.000000
181 422.412411 322.161898 423.479640 319.590056 413.888416 318.080239 9.338122 8.474467 1.551946 0.446580 0.156135 0.000000
182 583.072979 301.078246 582.748652 301.811577 578.191904 321.166209 20.204478 19.509338 1.471318 4.950755 4.943613 0.000000
183 1.308177 398.900755 2.119518 374.020968 20.490028 386.753715 20.951907 20.951907 0.000000 2.577078 3.747678 0.000000
185 367.241890 254.321386 366.776525 253.261665 366.053479 263.258085 9.061186 7.866622 -1.410515 4.844594 4.784594 0.000000
186 515.000000 184.000000 512.792393 186.932882 522.949106 203.745048 19.415134 18.479646 -1.122169 4.329654 4.168939 0.000000
187 423.390530 263.283496 424.001337 263.316302 415.049834 262.313286 9.292549 8.417139 -1.388914 0.115802 0.111585 0.000000
188 530.799737 266.010020 530.247044 265.628421 521.878271 261.343489 9.756977 9.275199 -1.377671 0.481931 0.473213 0.000000
189 511.671833 316.933909 511.575498 317.560583 520.905535 319.884302 9.790025 9.337806 1.564921 3.450864 3.385684 0.000000
190 456.789931 319.663919 456.422479 320.449420 465.915714 318.899952 9.579530 8.895567 -1.521257 3.058072 2.979801 0.000000
191 457.766441 244.881731 457.921620 245.340535 467.156422 261.730445 19.228695 17.997538 -1.378043 4.203950 4.199282 0.000000
194 3.409621 234.088376 12.835060 229.368532 8.878345 233.310040 4.876542 4.876542 0.000000 3.000217 5.499713 0.000000
197 464.793266 270.942808 464.992960 271.305342 467.081426 261.661096 9.237486 9.237486 -0.000000 1.812500 1.784054 0.000000
200 30.602291 212.018632 23.617147 208.657136 28.538562 207.964043 5.238338 5.238338 0.000000 1.099986 3.001681 0.000000
202 10.708142 216.391859 3.803984 209.890676 9.894399 206.407368 10.822019 6.122128 -1.374842 1.489475 2.622066 0.000000
221 199.779388 335.085515 200.632147 310.021693 1112.074913 331.584508 911.872771 911.872771 -0.000000 3.137755 3.165246 0.000000
247 982.569855 228.025679 980.718660 197.016796 1856.027996 158.102913 876.105347 876.105347 0.000000 3.061710 3.097165 0.000000
