1 770.000000 485.000000 772.389877 485.314445 788.401987 481.762636 17.995651 16.573331 1.522716 2.967450 2.923307 0.000000
2 753.892311 475.084857 754.370219 472.014891 737.585033 482.607315 18.263970 17.400645 1.535400 5.850979 5.720242 0.000000
3 795.415692 429.668387 794.968426 429.334804 786.648498 428.769224 8.856635 8.006789 1.358770 0.102203 0.067875 0.000000
4 745.989859 486.000400 746.279839 485.442771 737.683047 482.588598 9.098383 8.545702 1.526175 0.389716 0.320554 0.000000
5 803.133486 425.436512 802.933688 424.846137 786.539263 428.793545 17.768942 16.312580 1.272857 6.083578 6.046905 0.000000
6 798.753814 368.124998 797.035026 367.659264 783.726174 377.061079 17.548349 15.906759 1.101213 5.746714 5.668155 0.000000
7 795.280326 321.989866 795.951468 320.997975 780.139396 326.986747 17.225448 15.332887 0.918994 5.964415 5.921134 0.000000
8 797.922991 481.661172 796.934345 481.627926 788.538555 481.709847 8.978267 8.140689 1.534768 6.277999 6.273428 0.000000
9 33.340485 415.555824 33.671086 416.532901 29.384809 402.864202 15.334647 11.098583 -1.353882 1.268662 1.266925 0.000000
10 776.765182 319.055519 775.793065 318.678217 780.183626 326.886142 8.474802 7.565187 0.940313 4.300778 4.221199 0.000000
11 32.053065 345.237005 31.762939 345.253796 35.892762 358.436188 15.119986 10.914136 -1.254257 4.429298 4.408791 0.000000
12 753.689316 426.523233 754.001998 426.209679 736.241552 428.825968 18.074711 17.062665 1.193675 6.151965 6.136927 0.000000
13 782.592354 225.580021 783.097144 222.251163 771.145828 233.068401 16.567522 13.916053 0.701320 5.703859 5.547555 0.000000
14 776.052401 372.950426 776.341764 373.192615 783.829376 376.954110 8.658894 7.818707 1.116157 3.617020 3.607128 0.000000
15 780.461165 186.873981 779.685303 185.282095 765.915866 189.635532 16.202037 13.225088 0.623291 6.095560 5.976963 0.000000
16 750.443089 370.945883 750.274708 369.701502 734.079174 376.319255 17.762160 16.644606 0.950547 5.965911 5.895274 0.000000
17 284.816911 485.085480 283.961229 486.823285 298.673386 474.055033 18.047600 17.232430 -1.406488 2.469265 2.426815 0.000000
18 742.779737 377.520020 742.761451 377.327001 734.193165 376.176490 8.776181 8.184156 0.950996 0.155210 0.133477 0.000000
19 744.783330 429.705384 745.028732 429.294234 736.355584 428.779336 8.952622 8.459575 1.276183 0.109442 0.059297 0.000000
20 20.945752 433.679600 19.655370 434.576617 24.141101 448.282930 15.463553 11.164679 -1.468785 4.496974 4.396101 0.000000
21 38.632234 303.426350 36.842394 303.412451 43.294598 315.248935 14.932402 10.619722 -1.180497 4.336753 4.213307 0.000000
22 675.752687 480.683644 675.707363 480.768537 684.600789 483.061174 9.248131 8.893759 1.558321 3.404097 3.393890 0.000000
23 738.538603 224.697604 737.393865 224.629862 724.122693 230.507437 16.814352 14.519880 0.585089 5.900082 5.866266 0.000000
24 13.228300 329.298668 13.830375 329.151022 11.804137 316.063805 14.520000 9.713531 -1.180393 1.463602 1.417190 0.000000
25 788.036843 271.100405 788.069401 269.293877 775.917796 278.918270 16.904345 14.663605 0.803512 5.710270 5.613325 0.000000
26 638.169093 487.908077 637.978025 487.749219 629.788677 483.091945 9.226198 9.226198 -0.000000 0.521600 0.517086 0.000000
27 58.274453 221.213536 58.078733 220.443593 60.399825 233.025457 14.437809 9.890068 -1.008164 4.534360 4.529961 0.000000
28 742.104081 267.895849 740.742111 266.756958 727.945650 276.818273 17.177556 15.281693 0.674780 5.720866 5.616880 0.000000
29 773.657066 191.391278 773.953476 191.406688 765.986146 189.546038 7.956806 6.544681 0.632403 0.236065 0.229423 0.000000
30 763.548964 230.431950 763.455493 230.601278 771.230364 232.879872 8.174369 6.870862 0.718677 3.450099 3.426681 0.000000
31 703.282331 480.382928 703.286279 479.416920 684.523639 483.076566 18.284241 18.284241 -0.000000 6.140566 6.090554 0.000000
32 736.218491 279.970753 736.293561 279.083720 728.061934 276.688309 8.437956 7.535317 0.681296 0.382600 0.283180 0.000000
33 767.806874 277.649867 768.328779 278.766702 776.002761 278.773455 8.327604 7.287444 0.847707 3.277835 3.142473 0.000000
34 745.841534 316.236282 744.578107 315.472454 731.281077 325.553758 17.520875 16.033623 0.817874 5.713931 5.634481 0.000000
35 -0.076911 345.723942 -0.455218 371.893518 4.159495 358.106749 14.664533 10.138734 -1.259816 4.382751 1.893795 0.000000
36 727.665204 186.975334 728.348461 186.488513 720.013209 186.506304 7.473053 7.473053 -0.000000 0.061219 6.281051 0.000000
37 733.575427 179.637482 732.614711 178.793280 719.957292 186.626189 16.378470 13.659623 0.513208 5.809041 5.729028 0.000000
38 53.167459 259.302729 52.763825 258.872659 51.478390 273.310670 14.700011 10.228036 -1.084654 4.832389 4.801186 0.000000
39 739.592813 327.325104 739.744127 327.311804 731.330976 325.447765 8.638643 7.906434 0.840086 0.223436 0.218040 0.000000
40 678.362513 179.922861 678.731979 179.593166 672.422847 183.988963 8.188900 6.922426 0.421935 5.682892 5.674654 0.000000
41 19.429655 261.350084 17.084429 262.741862 20.097372 275.313372 14.288537 9.540227 -1.118421 4.664606 4.477161 0.000000
42 307.001957 476.068411 308.141450 475.320087 298.652378 474.022175 9.082513 8.448655 -1.475152 0.240334 0.135936 0.000000
43 291.723248 377.922762 290.671957 380.006639 306.875433 369.123513 17.695054 16.436402 -0.905094 2.615467 2.550145 0.000000
44 648.820745 477.970203 647.875641 478.122655 629.779110 483.137039 18.599958 18.556396 1.221899 6.018221 6.012876 0.000000
45 667.440256 437.489310 668.675807 438.186357 683.780022 428.664796 18.292926 17.743392 1.023345 2.646410 2.579126 0.000000
46 695.431544 364.483961 695.776218 362.069196 682.368546 375.589029 18.051257 17.202266 0.792895 5.578624 5.493622 0.000000
47 285.313588 423.531808 284.685372 424.167538 302.470530 420.945094 17.898076 16.919376 -1.105016 2.991952 2.962350 0.000000
48 731.584711 235.259791 731.846132 234.014804 724.175718 230.330975 8.261218 7.223252 0.622095 0.587020 0.447735 0.000000
49 338.165458 488.855984 337.441384 490.218783 350.996188 476.531968 18.172804 18.172804 -0.000000 2.376336 2.351349 0.000000
50 70.503917 181.608908 69.902092 181.813526 69.801780 194.476345 14.176306 9.451608 -0.938031 4.766902 4.720311 0.000000
51 690.560557 378.174043 691.041293 378.201679 682.410498 375.469600 8.914414 8.469364 0.763803 0.320398 0.306570 0.000000
52 359.959770 479.124147 359.797002 478.860411 350.988492 476.480807 9.150950 8.868026 -1.438620 0.286536 0.263850 0.000000
53 390.226417 489.917200 390.103573 490.632287 405.274234 478.714808 18.600697 18.428996 -0.655048 2.501651 2.475718 0.000000
54 27.726952 249.292675 29.019305 248.560480 29.045080 235.950741 14.076266 9.241520 -1.050243 1.669273 1.572840 0.000000
55 694.426148 269.526761 694.014824 268.087245 678.137225 275.010049 17.394522 15.825421 0.531733 5.958474 5.872026 0.000000
56 319.858521 170.907396 318.086262 171.273734 328.524414 181.562518 16.395608 13.471058 -0.485777 4.029586 3.919784 0.000000
57 673.000000 167.000000 670.413406 168.887816 672.388650 184.149186 16.565894 14.042599 0.397543 4.748023 4.583677 0.000000
58 695.194153 315.669765 695.076443 314.725728 680.475193 324.234826 17.758474 16.555159 0.655336 5.756176 5.705930 0.000000
59 -0.866160 385.201239 3.993317 412.997680 -2.173766 401.473252 15.044956 10.061895 -1.362830 4.792576 1.079440 0.000000
60 336.269800 425.635755 335.832637 427.175480 354.291490 422.724335 18.172310 17.584910 -0.902124 2.981426 2.904971 0.000000
61 589.714992 472.323026 589.840376 471.036264 573.816871 482.700764 18.849158 18.687179 0.053541 5.704869 5.653938 0.000000
62 410.929679 485.824202 413.074280 484.017277 405.271312 478.659138 9.213042 9.213042 -0.000000 0.902358 0.601730 0.000000
63 441.756586 487.806069 443.130381 489.058336 460.884623 480.482677 18.922983 18.606839 -0.140289 2.775947 2.691621 0.000000
64 306.221676 231.768713 307.889451 232.056760 322.699812 224.979353 16.767440 14.357386 -0.565472 2.750765 2.695806 0.000000
65 690.021098 221.084014 689.139426 219.954555 675.400002 228.250167 17.028585 14.998857 0.464574 5.827470 5.739990 0.000000
66 295.465389 416.067060 294.526938 416.974513 302.439700 420.948532 8.933057 8.335740 -1.199783 3.752266 3.607022 0.000000
67 674.649789 428.700997 675.040503 429.222892 683.842820 428.628788 9.062604 8.780296 1.207428 3.133738 3.074201 0.000000
68 582.398293 486.064885 583.085516 486.085032 573.833891 482.686451 9.356545 9.305866 1.416041 0.375734 0.352047 0.000000
69 299.704052 364.319484 299.846537 365.138697 306.830791 368.976807 8.767558 8.100787 -0.964518 3.720424 3.644081 0.000000
70 302.868292 279.831217 302.064945 280.876113 317.113491 270.774664 17.115494 15.077286 -0.653293 2.575292 2.550419 0.000000
71 644.697805 366.254047 645.443682 365.070309 629.036907 374.804068 18.251075 17.518067 0.499123 5.783459 5.747724 0.000000
72 294.531925 320.543528 294.134532 322.044295 311.778695 318.944886 17.431560 15.795747 -0.754624 3.049164 2.967705 0.000000
73 689.073640 327.107133 688.672399 326.795682 680.540860 324.068440 8.778975 8.184028 0.673183 0.342116 0.323601 0.000000
74 627.504035 167.726594 626.114939 167.708625 623.541948 182.074900 16.727747 14.224704 0.266397 4.981811 4.889609 0.000000
75 46.794828 187.021022 45.067934 185.779107 38.591261 198.149590 13.825245 8.871153 -0.977073 5.347624 5.194705 0.000000
76 315.384533 221.109386 315.235836 222.849259 322.647218 224.713265 8.264304 7.094690 -0.589166 3.602211 3.387988 0.000000
77 362.231993 425.097596 363.235479 425.125063 354.261695 422.659832 9.057204 8.706714 -1.070733 0.296821 0.268101 0.000000
78 524.847043 487.615997 526.371848 486.895492 517.316422 481.758779 9.406033 9.308601 -0.166359 0.661049 0.515992 0.000000
79 326.934443 188.818223 327.180492 188.424453 328.514130 181.397270 8.059872 6.768701 -0.528975 1.780534 1.758349 0.000000
80 503.364513 495.322597 503.151589 495.653103 517.252292 481.817759 19.034032 18.669913 -0.036641 2.370173 2.365693 0.000000
82 647.600193 424.409963 647.716773 422.996240 629.648824 428.217414 18.499470 18.189160 0.714403 6.074184 6.001874 0.000000
83 451.743227 481.033195 451.311545 481.340103 460.921563 480.437240 9.339575 9.308706 -1.216355 3.076753 3.047917 0.000000
84 342.399680 379.838382 342.329725 380.125344 357.972139 370.121534 17.990828 17.043454 -0.736274 2.583730 2.572612 0.000000
85 359.751512 178.960955 358.290028 179.233277 375.689999 180.240845 16.589264 13.939133 -0.375244 3.221723 3.199434 0.000000
86 389.107857 426.789190 389.116980 426.811174 407.891039 424.251692 18.444248 18.022134 -0.627500 3.007311 3.006097 0.000000
87 680.270191 222.345804 680.098667 220.864946 675.454439 228.079884 8.390018 7.419995 0.460359 5.410959 5.284320 0.000000
88 324.211662 274.731836 324.133659 274.028182 317.120825 270.687967 8.451310 7.446212 -0.695622 0.518291 0.444509 0.000000
89 304.672267 314.842471 304.250419 315.916997 311.754024 318.826007 8.621997 7.802273 -0.757129 3.653987 3.511435 0.000000
90 638.074924 376.419268 638.518574 376.094116 629.074278 374.624337 9.032198 8.644215 0.441970 0.196840 0.154388 0.000000
91 577.032829 166.088817 576.578964 165.383325 573.864600 180.540700 16.805084 14.483981 0.120625 4.928201 4.889589 0.000000
92 631.763701 183.348463 632.301956 182.406474 623.565545 181.891734 8.261713 7.034804 0.281991 0.175854 0.058851 0.000000
93 346.107068 326.034984 344.893875 327.098747 362.031146 319.256565 17.702570 16.376717 -0.609879 2.739154 2.712429 0.000000
94 611.402911 282.375629 612.274193 283.179399 626.874004 273.484475 17.589366 16.133844 0.350047 2.619988 2.555408 0.000000
95 669.104238 274.351179 669.788114 274.608131 678.211105 274.852689 8.582909 7.860917 0.587209 3.196607 3.170619 0.000000
96 391.607380 370.805689 392.791375 370.904201 410.789439 371.090166 18.243312 17.468495 -0.506970 3.156422 3.151925 0.000000
97 621.952462 422.521400 621.565290 423.069510 629.691046 428.182512 9.138807 9.138807 -0.000000 3.773177 3.703231 0.000000
98 632.485189 231.652503 631.947159 231.072541 625.367164 226.228249 8.485256 7.559066 0.344211 0.651165 0.634620 0.000000
99 502.344915 435.782546 500.997269 436.913058 518.490914 426.709054 18.806511 18.392890 -0.041783 2.629609 2.613545 0.000000
100 446.643097 436.294835 448.014695 436.982628 462.826880 425.581731 18.495791 18.495791 -0.000000 2.556852 2.485604 0.000000
101 507.163865 183.406698 506.570826 185.059919 523.736780 179.679477 16.908518 14.555602 -0.008822 2.920375 2.837855 0.000000
102 645.662041 320.791233 646.501870 320.646990 628.100172 323.047570 17.959725 16.993373 0.453976 6.155406 6.153464 0.000000
103 556.001338 435.031293 557.568979 435.276931 574.365917 427.577808 18.682265 18.401722 0.271221 2.756043 2.711804 0.000000
104 432.332068 178.639609 432.693277 178.569164 424.248938 179.325256 8.256356 7.061869 -0.253312 6.198563 6.193885 0.000000
105 357.688175 217.697982 354.065294 218.099525 370.999778 224.084772 17.010756 14.815865 -0.438135 3.588943 3.481325 0.000000
106 368.960349 323.989080 368.872995 323.667662 362.027307 319.104143 8.765402 8.102586 -0.634560 0.613798 0.587975 0.000000
107 470.850287 430.161642 469.913021 428.569322 462.841243 425.504803 9.213067 9.213067 -0.000000 0.526666 0.408918 0.000000
108 351.600827 363.193952 352.261272 364.300108 357.971435 369.990391 8.901033 8.424006 -0.733321 3.959320 3.925247 0.000000
109 591.702716 367.309757 592.482462 366.996740 574.620359 373.834680 18.409323 17.758801 0.217085 5.918319 5.917578 0.000000
110 462.589206 168.518117 461.331857 168.210348 473.714403 179.295484 16.856295 14.438240 -0.136860 3.911111 3.871762 0.000000
111 11.848425 189.118184 11.639704 189.444061 9.568707 201.815699 13.436466 8.229405 -1.012692 4.890037 4.878250 0.000000
112 481.232919 363.680851 481.710095 362.905574 464.860074 372.002725 18.439006 17.705799 -0.288092 5.812941 5.788137 0.000000
113 565.196578 372.584920 565.320920 372.614923 574.669373 373.665182 9.114118 8.781630 0.204914 3.255141 3.253469 0.000000
114 583.651081 427.902789 584.202481 427.411297 574.374123 427.521487 9.238266 9.185390 0.829785 0.041079 6.271974 0.000000
115 0.574219 432.879330 0.076249 456.023379 -17.448300 443.961094 20.497319 20.497319 -0.000000 5.731893 0.602836 0.000000
116 565.782494 177.007109 565.531277 176.935602 573.879004 180.347015 8.321490 7.251669 0.148611 3.532838 3.529545 0.000000
117 378.361605 225.305452 379.266694 225.341672 371.002513 223.922206 8.398170 7.368936 -0.485748 0.185796 0.170101 0.000000
118 539.351774 218.375675 539.669529 217.993022 522.824319 224.098518 17.352864 15.431580 0.007485 5.949844 5.935465 0.000000
119 347.825276 272.066213 348.992414 274.232856 366.408703 270.470361 17.393761 15.583657 -0.511842 3.055928 2.928829 0.000000
120 511.406073 419.428300 511.236367 420.998443 518.530564 426.649396 9.276642 9.276642 -0.000000 3.933725 3.800727 0.000000
121 408.000000 174.000000 408.456437 174.565964 424.220482 179.511061 16.754918 14.242574 -0.260464 3.469115 3.445566 0.000000
122 621.916722 210.307733 621.802756 211.111262 625.323020 226.439596 17.183358 15.282796 0.320427 4.504292 4.486646 0.000000
123 635.703057 274.453766 635.761280 274.372022 626.912553 273.393546 8.681209 8.006055 0.372296 0.120030 0.110131 0.000000
124 401.902633 371.295491 401.905715 371.411198 410.803356 370.913414 9.024044 8.658558 -0.507570 3.098692 3.085705 0.000000
126 368.460761 261.514284 368.113031 262.551027 366.420813 270.367429 8.596468 7.740147 -0.553066 4.938857 4.925594 0.000000
127 398.628734 330.130263 399.308134 331.918322 413.961857 319.688174 17.941677 16.832859 -0.430643 2.543722 2.446101 0.000000
128 457.872053 366.887486 455.934178 365.966073 464.907306 371.825342 9.131032 8.752420 -0.253901 3.753575 3.720060 0.000000
129 538.106093 366.770488 537.808132 365.932606 519.652628 372.947715 18.529060 17.828754 -0.056559 5.960164 5.914466 0.000000
130 371.241102 187.046635 371.917468 187.268563 375.703548 180.101439 8.163951 6.980776 -0.409209 2.141897 2.056793 0.000000
131 399.689671 420.356029 399.187199 420.961650 407.895276 424.210126 9.181060 8.926479 -0.893463 3.580700 3.498645 0.000000
132 528.905146 176.105917 530.191964 174.895508 523.788338 179.487515 8.320923 7.167280 -0.000889 5.699199 5.661078 0.000000
133 429.345017 224.153447 429.648469 223.261958 420.741790 223.478789 8.470519 7.599250 -0.324995 0.078259 6.258845 0.000000
134 584.072992 270.738716 582.506425 270.575707 574.667265 272.061146 8.741365 8.144579 0.146929 6.143503 6.095916 0.000000
135 560.287932 332.540829 560.934030 333.608202 574.746684 321.931316 18.090543 17.167935 0.218680 2.508555 2.439789 0.000000
136 582.717996 223.211029 582.825256 223.185195 574.333140 224.925048 8.525002 7.605174 0.128316 6.081545 6.081103 0.000000
137 406.642099 214.268001 407.255043 214.686199 420.714654 223.638719 17.209852 15.190345 -0.300419 3.729055 3.728537 0.000000
138 399.958636 276.094156 400.042628 276.248874 417.319891 270.443512 17.602699 16.006784 -0.360891 2.826932 2.817434 0.000000
139 461.406599 267.140432 461.337011 267.249061 469.307316 270.582667 8.748747 8.118609 -0.202583 3.552480 3.537735 0.000000
140 564.193820 286.164311 564.612313 286.287794 574.637354 272.231995 17.731620 16.289821 0.169226 2.214035 2.190348 0.000000
141 538.040956 313.888151 536.938655 313.040103 520.782395 321.015528 18.178216 17.150916 -0.004177 5.891543 5.824636 0.000000
142 485.102458 314.903857 484.762610 314.826052 467.002575 320.236239 18.138604 17.062025 -0.215344 5.996682 5.987489 0.000000
143 631.754516 330.633288 632.097923 331.166778 628.121547 322.940457 8.857961 8.418977 0.476500 1.129591 1.120539 0.000000
144 509.988840 370.693253 510.591787 371.290855 519.713187 372.756853 9.037885 9.037885 -0.000000 3.350700 3.300951 0.000000
145 474.541565 184.913549 476.087689 186.222213 473.759757 179.133424 8.314185 7.133984 -0.158961 1.436354 1.253496 0.000000
146 451.314087 277.424693 452.465531 278.974882 469.284814 270.757311 17.729730 16.248480 -0.196939 2.786322 2.687122 0.000000
147 589.063725 216.921576 589.021055 215.240657 574.330034 225.026112 17.267839 15.420582 0.153840 5.780290 5.695586 0.000000
148 458.000000 212.000000 457.487425 213.942060 471.484683 223.674268 17.309311 15.335872 -0.154358 3.855156 3.749153 0.000000
149 408.000000 311.000000 408.700805 312.726125 413.962799 319.556408 8.658971 8.658971 -0.000000 4.103759 4.055964 0.000000
150 529.726537 320.601631 530.142325 320.413227 520.840091 320.834706 8.982695 8.484845 -0.071524 6.256963 6.237907 0.000000
151 409.670372 266.953015 409.427607 267.242166 417.317351 270.330498 8.684462 7.990670 -0.436427 3.557502 3.514695 0.000000
152 564.969815 322.338058 565.861659 322.773121 574.732339 321.822675 8.947913 8.528893 0.173773 3.088850 3.034855 0.000000
153 531.465101 224.438127 531.427502 224.327766 522.883385 223.947402 8.546317 7.669447 -0.014630 0.057120 0.044488 0.000000
154 466.351889 216.172268 465.882421 217.783586 471.513258 223.465816 8.527761 7.608462 -0.153434 4.096539 3.931534 0.000000
155 537.608706 278.636319 539.601335 278.467333 521.850172 271.309602 17.809025 16.406043 -0.025722 0.435205 0.383284 0.000000
156 473.900895 325.562294 474.342819 325.709359 467.059764 320.114840 8.949985 8.533919 -0.267217 0.672468 0.655020 0.000000
157 6.795221 225.700482 -0.346858 251.685607 1.308039 238.607284 13.020498 7.373644 -1.139803 5.114377 1.696665 0.000000
158 529.074632 276.745141 528.640229 276.319807 521.924473 271.168252 8.755937 8.230337 -0.047335 0.662406 0.654346 0.000000
159 0.710320 265.994674 0.656597 279.002712 -16.040521 272.437723 16.940941 16.940941 0.000000 5.915990 0.374614 0.000000
161 1021.865957 396.039742 1022.088659 366.026245 1037.758922 381.346415 20.067031 20.067031 0.000000 2.395396 3.915694 0.000000
163 1021.160513 311.412817 1023.012242 288.840671 1015.511331 296.717417 15.185465 10.441121 1.155653 1.203794 5.473352 0.000000
164 1021.254797 355.041462 1016.707018 324.466064 1021.510506 339.356187 14.770984 9.421303 1.302634 1.587097 4.400333 0.000000
167 989.380775 204.700161 988.662252 204.734133 998.607342 215.871655 14.626081 9.683053 0.991756 4.022052 3.983491 0.000000
168 1022.163634 345.832237 1022.294096 332.245981 1024.929450 338.321297 7.632172 7.632172 -0.000000 1.923626 4.303105 0.000000
171 1017.447418 249.512471 1016.470297 249.531535 1007.577176 255.317119 14.961648 10.056628 1.081300 5.751565 5.706411 0.000000
173 1021.919259 229.019415 1021.735961 205.866542 1031.504387 215.102577 13.558863 13.558863 0.000000 2.173927 3.898984 0.000000
177 128.869019 229.760235 150.184786 139.318876 1014.294508 389.719437 899.491444 899.491444 -0.000000 3.320323 3.423646 0.000000
186 313.062176 118.850537 277.957365 121.416780 243.784186 -603.638432 725.706689 725.706689 -0.000000 1.475201 1.523699 0.000000
195 27.951614 523.379151 -0.101974 519.799075 115.778847 -185.517078 714.466234 714.466234 0.000000 1.694061 1.733638 0.000000
