1 815.621600 575.389284 815.062858 574.017909 791.254578 575.773059 24.060460 22.180406 -0.700683 6.267437 6.209598 0.000000
2 820.596330 499.907310 820.209684 499.468062 795.972382 505.512749 24.669129 23.278467 -1.001787 6.059358 6.038775 0.000000
3 798.262712 584.357677 798.866778 584.939279 791.339123 575.949916 11.894946 10.935013 -0.799865 0.881904 0.873665 0.000000
4 744.644460 571.597375 745.767549 571.211313 720.946116 575.227927 23.966958 22.729312 -0.412398 6.131169 6.122756 0.000000
5 805.644404 512.652626 805.705615 512.582797 796.065587 505.666818 12.241527 11.374015 -1.080221 0.630119 0.622324 0.000000
6 819.128142 421.977549 821.448660 417.976728 798.969437 432.107767 25.168997 23.842846 -1.323860 5.817521 5.721982 0.000000
7 822.809393 347.738885 823.448727 345.999542 800.095238 357.127030 25.359847 24.035300 1.541029 5.891252 5.838530 0.000000
8 730.304089 581.439272 730.846441 581.684533 720.994644 575.381857 11.809154 11.263157 -0.590609 0.576849 0.569135 0.000000
9 807.587425 441.858596 807.029899 441.051006 799.084839 432.103642 12.399970 11.680985 -1.322760 0.853885 0.844663 0.000000
10 811.957063 361.101239 811.025726 360.405674 800.177265 357.071026 12.476428 11.772665 1.566663 0.329646 0.298218 0.000000
11 822.706015 273.254086 822.020835 272.365148 799.246935 282.029540 25.280380 23.860744 1.264714 5.925226 5.881855 0.000000
12 730.184474 479.994643 725.932127 478.439390 724.404367 504.974428 24.532563 23.922344 -0.892760 4.939778 4.769901 0.000000
13 818.696675 201.190633 819.401203 200.017769 796.408840 208.339459 24.957747 23.273013 0.981650 5.972802 5.935920 0.000000
14 809.839361 287.428854 810.539240 287.030599 799.342469 281.939678 12.449274 11.694255 1.343069 0.481826 0.426737 0.000000
15 735.541181 511.037198 735.058873 509.706449 724.445532 505.133615 12.203483 11.737075 -1.034616 0.488968 0.406821 0.000000
16 808.033745 211.567355 808.270536 211.118606 796.493013 208.120314 12.278046 11.432434 1.010656 0.290250 0.249282 0.000000
17 674.975676 573.394715 674.533142 571.865736 649.944390 573.234429 23.769989 22.801298 0.034123 0.006403 6.227579 0.000000
18 749.294818 423.162903 750.271061 421.989015 726.585691 431.716735 24.769728 24.769728 -0.000000 5.922952 5.893484 0.000000
19 803.788898 139.072357 803.569681 138.600905 791.818814 137.221116 11.996858 10.984527 0.754171 0.153440 0.116885 0.000000
20 8.447790 501.688584 -0.316692 503.761632 3.809612 499.790114 5.542508 5.542508 0.000000 0.388510 2.375307 0.000000
21 742.929746 128.622088 743.703395 128.017529 720.982749 137.397820 24.245718 22.936262 0.496286 5.902799 5.891648 0.000000
22 773.130699 152.744355 775.142250 153.851205 791.749155 137.391495 24.424425 22.353000 0.740781 2.452028 2.360646 0.000000
23 751.069986 347.442237 751.130648 345.994959 727.376760 356.829381 25.352522 24.559964 1.505813 5.905963 5.855261 0.000000
24 206.473778 175.276326 206.708812 175.937991 222.425598 177.119631 19.988344 14.961983 -1.213798 3.256637 3.216635 0.000000
25 203.940532 238.818528 203.097817 239.027913 219.604198 235.630930 20.305739 15.411053 -1.343672 2.940831 2.938628 0.000000
26 747.151446 267.815754 747.390370 266.895190 726.694184 281.836799 25.212243 24.445615 1.221525 5.682337 5.657879 0.000000
27 737.754871 437.976694 737.311495 436.834696 726.640359 431.673200 12.393485 11.994569 -1.368469 0.515908 0.450513 0.000000
28 737.024900 210.257846 736.088528 210.029427 724.519821 208.032301 12.197774 11.765009 0.913080 0.176127 0.170947 0.000000
29 732.462323 135.976089 733.148302 135.540857 720.998917 137.170382 11.908112 11.275677 0.514984 6.179377 6.149857 0.000000
30 658.887852 581.721501 659.717993 580.186048 649.916504 573.385511 11.522094 11.522094 -0.000000 0.748704 0.606571 0.000000
31 746.168350 196.763855 746.209805 196.732766 724.510247 208.259294 24.809423 23.944631 0.838124 5.795227 5.794900 0.000000
32 737.392779 364.615502 737.788763 364.839694 727.420073 356.732346 12.495224 12.048146 1.563537 0.668905 0.663611 0.000000
33 738.556708 283.135794 739.316139 283.205332 726.740510 281.716698 12.218203 12.218203 -0.000000 0.119525 0.117826 0.000000
34 201.579687 300.209165 201.616641 300.701269 218.078402 295.590425 20.488998 15.621516 -1.460604 2.868635 2.840560 0.000000
35 -0.110063 472.843676 9.738686 499.958896 3.004167 488.785310 14.165980 6.029741 1.318673 4.519467 1.028381 0.000000
36 216.436731 171.611181 215.483050 171.713610 222.270543 176.973716 9.870764 7.433919 -1.240628 3.884924 3.800884 0.000000
37 675.616656 497.500306 676.550349 497.066991 652.076940 503.559359 24.218362 24.087513 0.112866 6.031257 6.023876 0.000000
38 669.589760 125.496866 669.237397 122.935894 649.504994 138.954272 23.964092 23.067997 0.090464 5.692857 5.601302 0.000000
39 284.465409 181.389127 286.235723 179.200426 271.043357 170.144533 20.774420 16.435839 -1.165785 0.697351 0.537533 0.000000
40 215.668736 227.446938 215.231432 226.526585 219.335152 235.419147 9.984116 7.584079 -1.333672 4.281333 4.280031 0.000000
41 200.672140 359.202535 201.607847 359.596734 217.765836 356.368740 20.544604 15.778586 1.563440 2.977307 2.944412 0.000000
42 661.793035 136.825506 661.111091 136.182198 649.453550 138.689686 11.797749 11.346096 0.185259 6.133245 6.071318 0.000000
43 252.216923 224.761669 252.584042 224.905368 268.555334 230.823357 21.092098 16.957313 -1.308390 3.496859 3.496447 0.000000
44 -0.699885 428.399589 0.038077 461.033732 -1.324020 444.726549 15.214606 7.216727 1.457632 4.750598 1.487462 0.000000
45 304.845290 164.038010 304.249886 165.124699 324.264679 163.408244 21.542076 17.876832 -1.090029 3.109174 3.056043 0.000000
46 267.117709 179.432066 266.933227 180.281294 270.928589 169.968030 10.255281 8.129202 -1.184137 1.953602 1.940394 0.000000
47 202.457633 415.135251 202.335560 415.892584 218.815882 417.028733 20.489045 15.656593 1.431546 3.256831 3.210423 0.000000
48 216.666512 306.259409 219.015141 305.955889 217.951093 295.510171 10.063427 7.678687 -1.447295 1.689737 1.469282 0.000000
49 318.108024 172.369154 318.546361 171.956275 324.123016 163.176305 10.604279 8.818959 -1.086995 2.150197 2.136666 0.000000
50 262.550807 222.859800 262.923234 223.743107 268.405081 230.658766 10.409713 8.335823 -1.310625 4.068474 4.042133 0.000000
51 204.000000 475.000000 204.493227 480.270136 221.110974 476.856973 20.306775 15.338587 1.313924 3.249695 2.939017 0.000000
52 661.632313 513.597621 660.737284 511.701806 652.056768 503.709653 11.943274 11.943274 -0.000000 0.801449 0.744135 0.000000
53 2.648399 294.988183 2.007172 314.067458 -28.506181 303.692310 31.479162 31.479162 -0.000000 6.010747 0.327756 0.000000
54 589.558216 144.211005 590.343052 144.226464 578.581183 141.558186 11.665483 11.146337 -0.336194 0.237123 0.223083 0.000000
55 1.800696 387.860162 0.670358 412.228177 -21.505419 399.798001 25.419310 25.419310 -0.000000 5.809810 0.510891 0.000000
56 212.439801 545.642749 213.545065 547.452033 224.535880 535.217685 20.052045 14.804343 1.200966 2.430256 2.302703 0.000000
57 664.880024 209.518202 663.564678 208.929968 651.803987 208.977738 11.996892 11.899386 0.453548 0.041309 6.279124 0.000000
58 216.034270 366.408291 216.612384 367.368646 217.600536 356.277642 10.096461 7.797093 -1.563499 1.724189 1.659657 0.000000
59 677.070805 419.975600 677.646373 419.130746 653.457516 430.859875 24.708952 24.708952 -0.000000 5.851272 5.831692 0.000000
60 227.230678 544.948717 229.305545 544.659106 224.455013 535.261381 9.949009 7.249834 1.213743 1.291747 1.094321 0.000000
61 665.545691 188.406611 665.522983 188.095290 651.866919 209.196032 24.435841 24.204849 0.659592 5.294345 5.286782 0.000000
63 602.370710 571.522769 604.827502 569.921458 579.576619 570.107930 23.517957 22.418919 0.443081 0.061991 6.275801 0.000000
64 601.838334 133.950128 601.550268 132.478750 578.673482 141.789315 23.664760 22.593782 -0.394246 5.956874 5.896670 0.000000
65 249.881295 301.075210 250.864227 301.601142 267.208022 293.114750 21.274538 17.240166 -1.438286 2.710922 2.662670 0.000000
66 0.820386 337.925243 0.220392 365.842080 -25.093358 352.509627 27.900895 27.900895 -0.000000 5.770564 0.484770 0.000000
67 662.397335 438.591113 663.212072 438.781966 653.441098 430.786958 12.183225 12.183225 -0.000000 0.716768 0.685765 0.000000
68 590.287320 574.608531 590.679636 574.002235 579.538361 570.238002 11.593227 11.154776 0.503539 0.386183 0.325822 0.000000
69 677.714708 351.587801 678.757726 350.847564 653.881022 356.589928 25.195872 24.585978 1.477100 6.076312 6.056326 0.000000
70 373.386605 151.207533 373.330730 151.456738 381.898404 156.772630 10.934243 9.488823 -1.008372 3.720641 3.696920 0.000000
71 0.251807 242.887594 0.788811 273.948522 -1.167218 258.236691 13.807641 5.738442 -1.512146 4.804577 1.446940 0.000000
72 361.250964 158.470410 360.591094 158.748990 382.011178 156.971129 22.198103 19.273247 -0.999164 3.069499 3.058783 0.000000
73 220.478597 427.012431 220.784144 427.498878 218.628144 416.973638 10.120866 7.669066 1.443880 1.388512 1.368750 0.000000
74 302.611154 224.867127 301.805101 225.896505 322.171467 226.097198 21.830015 18.573520 -1.258726 3.204396 3.151446 0.000000
75 664.620335 288.975755 663.728794 286.834655 653.315731 282.083002 12.356526 12.077096 1.391150 0.547543 0.428094 0.000000
76 250.393543 424.046840 251.632982 424.434220 267.996835 419.333947 21.277235 17.211715 1.411046 2.880000 2.839456 0.000000
77 223.772420 486.656045 224.184114 487.398752 220.985652 476.951423 10.066025 7.531282 1.332916 1.291162 1.273706 0.000000
78 513.484695 122.677853 510.998661 121.808668 509.820322 145.907376 23.291998 21.749745 -0.722543 4.868846 4.761246 0.000000
79 675.473457 268.792369 674.007992 268.719540 653.345564 282.181485 24.974590 24.539350 1.351137 5.739040 5.705744 0.000000
80 260.477537 286.596710 259.933431 286.140624 267.054863 293.038403 10.511762 8.474415 -1.425023 3.916573 3.911039 0.000000
81 249.226265 350.709723 249.805081 350.950875 266.990103 356.252921 21.355247 17.378079 1.554420 3.444067 3.440854 0.000000
82 255.631824 543.655060 256.107282 547.004165 273.081274 541.931455 20.743256 16.347487 1.141059 3.043135 2.851189 0.000000
83 433.261868 150.504645 433.728702 150.775526 443.896166 150.830003 11.248717 10.150015 -0.870856 3.172178 3.146951 0.000000
84 662.694618 365.362677 663.699569 365.701211 653.833532 356.506531 12.289029 12.289029 -0.000000 0.785119 0.750191 0.000000
85 423.945912 163.817692 424.000000 164.000000 444.021200 151.092341 22.827204 20.649431 -0.890189 2.576632 2.568953 0.000000
86 310.000000 559.000000 311.107509 558.887144 326.251632 548.494454 21.489254 17.807774 1.081111 2.567731 2.540153 0.000000
87 255.608019 492.309630 255.713378 492.472052 270.118885 481.469894 21.087570 16.902472 1.275000 2.500009 2.489352 0.000000
88 512.529301 134.123695 510.331245 134.101512 509.682167 145.655131 11.473342 10.823998 -0.732033 4.954450 4.768510 0.000000
89 601.749313 417.423541 603.353211 415.971415 581.018563 429.614202 24.622398 24.023055 1.365594 5.751601 5.734837 0.000000
90 2.923686 198.047896 4.077500 227.015810 1.367393 212.937830 13.749431 5.986476 -1.455564 4.816531 1.380616 0.000000
91 313.626216 222.672306 313.081596 222.974826 322.036132 225.927446 10.785173 9.179140 -1.275733 3.510894 3.460101 0.000000
92 266.614021 344.469139 265.813491 345.667863 266.823946 356.173002 10.516373 8.570858 -1.559909 4.694455 4.616497 0.000000
93 281.487490 541.752852 281.533165 541.264782 272.960037 541.984014 10.273676 8.055382 1.159134 6.256084 6.199488 0.000000
94 594.000000 189.000000 592.242184 190.523994 579.924422 211.143216 23.917018 23.917018 -0.000000 5.278618 5.250889 0.000000
95 374.842180 211.439217 374.868877 213.172293 380.282966 221.451100 11.137261 9.879721 -1.162983 4.214602 4.133228 0.000000
96 302.483409 292.894508 300.735787 293.912150 321.129856 290.702717 22.066448 18.887367 -1.416614 3.024585 2.985502 0.000000
98 362.354999 213.387346 360.446879 213.467619 380.462654 221.683288 22.625131 20.048418 -1.161658 3.571200 3.531083 0.000000
99 529.740751 199.060842 528.684102 199.263897 510.062352 213.970329 23.769905 22.642400 -1.034090 5.634801 5.614729 0.000000
100 602.287481 271.351955 603.144962 269.988488 580.761628 283.092436 24.363557 24.363557 -0.000000 5.783871 5.753546 0.000000
101 312.442435 285.918298 311.658862 285.792333 320.974201 290.587959 10.932620 9.266753 -1.433940 3.642381 3.617018 0.000000
102 603.067600 492.838217 603.224802 492.641107 580.453162 501.234824 24.095689 23.410664 0.822235 5.927668 5.922324 0.000000
103 420.149366 221.370823 420.024281 224.252311 443.270478 217.536690 23.270140 21.500534 -1.085893 2.977260 2.860358 0.000000
104 261.714318 410.895804 261.956411 411.357069 267.839084 419.306072 10.448646 8.535993 1.441558 4.082955 4.075285 0.000000
105 499.342418 209.703377 499.147335 209.998898 509.940658 213.815075 11.721590 11.114762 -0.970770 3.511677 3.481443 0.000000
106 453.759899 220.095232 453.764566 220.063599 443.164755 217.325955 11.472482 10.574116 -1.078637 0.255653 0.252750 0.000000
107 606.138205 351.521292 604.928978 348.994284 581.131467 356.403734 24.814891 24.153940 1.442695 6.090366 5.981345 0.000000
109 534.610824 564.704145 534.504462 564.396801 511.122867 565.826254 23.203745 21.633224 0.717325 6.235448 6.222125 0.000000
110 335.977195 553.262461 335.789362 551.688354 326.142152 548.575983 10.633495 8.771489 1.106287 0.444678 0.312077 0.000000
111 590.726096 207.822513 591.843472 207.142121 579.798137 210.901079 11.862643 11.713781 -0.733731 6.008587 5.980694 0.000000
112 304.057874 365.130940 302.670677 366.999183 320.970372 356.209160 22.158709 18.962237 1.540664 2.656168 2.608834 0.000000
113 590.757622 438.745162 590.338810 436.286410 580.922353 429.550817 12.042204 12.042204 -0.000000 0.751731 0.620921 0.000000
114 303.662799 487.727862 305.279532 492.009083 323.668314 486.024760 21.875042 18.357572 1.231582 3.056666 2.826969 0.000000
115 261.086761 478.978509 261.610336 479.333433 269.942253 481.585084 10.431433 8.354589 1.301767 3.427854 3.405532 0.000000
116 568.719121 496.700022 568.959209 496.936409 580.341899 501.377331 11.931594 11.594273 1.071786 3.524189 3.513576 0.000000
117 302.000000 430.000000 304.588254 430.269245 321.787898 421.697670 22.069387 18.855576 1.399728 2.744334 2.679260 0.000000
118 593.131280 284.258799 592.228153 283.460720 580.697504 283.007801 12.142184 11.891358 -1.421652 0.100275 0.039259 0.000000
119 359.135218 290.538983 357.823354 292.266962 379.793471 288.412042 22.813320 20.447779 -1.394310 3.038996 2.967899 0.000000
121 500.639180 571.115002 501.767014 571.046892 511.038257 565.939219 11.469382 10.689223 0.767739 2.679774 2.638047 0.000000
122 499.153403 279.974466 499.144320 280.063470 510.093955 284.371134 11.946612 11.378584 -1.371633 3.523709 3.516403 0.000000
123 320.640686 367.011404 320.810080 367.473293 320.844957 356.134215 10.910089 9.349375 1.540823 1.589574 1.573872 0.000000
124 388.919801 429.742913 389.576210 429.975750 380.142669 423.871085 11.263011 10.115696 1.393874 0.589610 0.574350 0.000000
125 423.327679 559.112096 423.208308 559.503948 445.548347 560.645813 22.745744 20.476426 0.887213 3.210505 3.192661 0.000000
126 592.383844 361.371695 592.881717 361.062486 581.073267 356.310995 12.236211 11.892693 1.458224 0.420715 0.382557 0.000000
127 366.290523 565.120922 367.069106 564.908673 383.824277 554.792260 22.179884 19.191325 0.983206 2.609246 2.598399 0.000000
128 333.114085 489.203033 332.499693 488.887430 323.526297 486.095704 10.836144 9.039529 1.271310 0.313411 0.301619 0.000000
129 488.846939 275.488859 487.000000 275.000000 510.241676 284.534957 24.146280 23.170546 -1.344152 3.541614 3.530906 0.000000
130 369.617428 285.931156 369.422804 286.546034 379.612307 288.259054 11.279280 10.111564 -1.399072 3.370422 3.308151 0.000000
131 534.191899 498.582552 534.282040 497.825082 510.798460 498.237787 23.760962 22.409193 0.944169 0.014737 6.265613 0.000000
132 361.198187 429.208781 359.543033 430.056789 380.324628 423.915417 22.836136 20.396950 1.364733 2.871594 2.854251 0.000000
133 312.579769 418.517644 312.241574 418.802287 321.643925 421.623773 10.866829 9.299071 1.403767 3.471734 3.433126 0.000000
134 391.685129 561.759291 392.311903 562.055532 383.720561 554.915109 10.977787 9.490051 1.017345 0.709885 0.693430 0.000000
135 365.737843 503.116773 365.008450 503.773662 381.785124 490.450400 22.603461 19.864149 1.157718 2.473401 2.470427 0.000000
136 421.214672 295.761372 421.995544 296.059007 442.917236 286.309305 23.514499 21.942864 -1.375260 2.730839 2.705505 0.000000
137 421.525000 364.780583 421.653383 366.006432 442.911277 356.249462 23.676681 22.076476 1.520395 2.762029 2.711295 0.000000
138 433.896663 558.611491 434.941309 559.234076 445.480086 560.760337 11.240644 10.178374 0.968614 3.325018 3.285416 0.000000
139 465.795775 494.893170 467.517973 493.514223 444.310425 494.548477 23.230756 21.255642 1.045057 0.016042 6.238649 0.000000
141 435.309130 276.490326 435.450653 277.753735 442.805942 286.174543 11.648641 10.789787 -1.405800 4.053625 3.994428 0.000000
143 431.553091 350.267448 432.559148 350.992129 442.732826 356.154838 11.705543 10.837892 -1.553204 3.626303 3.611188 0.000000
144 522.743478 430.387613 521.918266 429.270442 510.424927 427.932878 11.930846 11.423854 1.388200 0.196695 0.115856 0.000000
145 358.860411 359.959263 357.803237 360.954162 379.613501 356.182758 22.855989 20.642153 1.524569 2.961589 2.926217 0.000000
146 421.227830 429.882775 420.466982 431.089624 443.420738 426.015755 23.529032 21.892122 1.317552 2.969079 2.924043 0.000000
147 486.611251 431.145152 487.429121 431.425711 510.577075 427.959355 24.130215 23.062434 1.286796 3.009437 2.992949 0.000000
148 434.881117 419.380325 433.932508 418.986276 443.269128 425.963001 11.638071 10.811708 1.363985 3.806979 3.783327 0.000000
149 533.369730 347.973424 533.125615 347.715012 510.433021 356.297710 24.276641 23.237994 1.469616 5.935043 5.921598 0.000000
150 522.502876 500.444222 521.902703 499.245876 510.659891 498.364714 11.478620 11.478620 -0.000000 0.173818 0.078216 0.000000
151 519.288869 364.091748 520.125821 364.263569 510.327614 356.194236 11.996062 11.480750 1.560542 0.722384 0.688938 0.000000
152 454.730651 500.014645 454.427010 499.272180 444.200788 494.684612 11.507762 10.500347 1.124567 0.468581 0.421696 0.000000
153 387.246144 363.265798 388.003621 363.000878 379.478480 356.092883 11.287863 10.154477 1.522618 0.745612 0.680995 0.000000
154 392.324839 493.215268 391.308865 492.835407 381.604017 490.556293 11.203127 9.770138 1.202640 0.243114 0.230663 0.000000
