1 861.884379 377.064935 861.087687 375.451455 843.732882 388.758954 23.889260 20.484642 1.300703 5.710866 5.629025 0.000000
2 849.925570 323.017725 850.617661 322.745823 839.603538 319.852788 11.460437 9.674145 1.107606 0.297519 0.256864 0.000000
3 828.319729 335.518052 827.870354 339.066423 839.482320 320.012215 23.383138 19.696685 1.104550 2.194751 2.118112 0.000000
4 803.545166 527.866378 802.956236 527.633292 780.408916 533.934993 25.089837 22.788092 -1.347338 6.026665 6.010652 0.000000
5 819.481263 267.360807 819.766627 268.105061 833.686886 254.561687 22.815771 18.613158 0.949422 2.408231 2.369917 0.000000
6 822.526205 250.765668 824.364993 252.047794 833.865565 254.339857 11.201966 9.205827 0.984156 3.446937 3.378324 0.000000
7 795.664008 369.751720 794.604014 370.396782 779.146776 386.846753 24.474557 22.166071 1.211336 5.480599 5.466684 0.000000
8 810.312331 201.214729 810.286965 201.650810 826.592255 193.081970 22.182292 17.363656 0.818471 2.678299 2.657734 0.000000
9 834.222773 383.054826 833.620581 383.913860 843.937208 388.607995 11.742757 10.033870 1.301335 3.660899 3.568602 0.000000
10 787.029739 234.988374 785.948526 235.072502 771.466775 249.387934 23.400987 19.990724 0.821114 5.536596 5.503563 0.000000
11 800.986769 447.823119 801.339610 446.835875 780.740868 459.785887 24.877156 22.690795 1.475045 5.749503 5.721944 0.000000
12 864.760741 449.645263 866.285834 447.999231 846.099805 459.790356 24.198865 20.907374 1.504922 5.785227 5.754522 0.000000
13 836.392294 197.716821 836.646300 197.071013 826.766643 192.790613 10.906912 8.540700 0.830571 0.473026 0.408841 0.000000
14 790.770679 301.112590 791.206391 298.704505 775.942243 316.358327 24.034757 21.246491 1.014692 5.483912 5.425319 0.000000
15 789.889630 389.178504 791.025985 389.270048 779.382928 386.606862 12.076056 10.849885 1.199842 0.240043 0.224868 0.000000
16 836.081125 455.731341 836.036957 455.866165 846.348066 459.769877 12.016161 10.210448 1.531622 3.516356 3.503510 0.000000
17 791.257885 464.833706 791.839291 465.029635 780.965500 459.758314 12.321971 11.165112 1.494275 0.458129 0.451392 0.000000
18 706.414196 118.770427 706.405359 118.286658 696.951214 122.249047 11.034971 8.803333 0.481646 5.930915 5.886308 0.000000
19 751.522104 144.548258 752.144508 144.557594 759.433065 128.754989 21.949644 17.141944 0.599594 2.035169 2.002946 0.000000
20 783.599099 251.214586 781.584775 249.634978 771.697688 249.145456 11.493175 9.812790 0.822268 0.172135 0.049471 0.000000
21 850.453021 507.047093 850.340603 507.455311 846.278064 531.859493 24.362289 20.971672 -1.406946 4.879088 4.877345 0.000000
22 776.856990 186.736991 776.458233 186.369646 765.983928 186.485519 11.168470 9.242220 0.720797 0.023124 6.272123 0.000000
23 753.213699 201.508285 753.403474 201.411801 765.850644 186.763223 22.732990 18.676914 0.697702 2.279357 2.275127 0.000000
24 768.974570 530.822756 768.660816 532.428161 780.625837 533.924449 12.428748 11.160968 -1.390239 3.401769 3.266002 0.000000
25 765.482173 314.083950 764.860990 314.708133 776.066143 316.153347 11.813925 10.416069 1.020128 3.334679 3.269862 0.000000
26 733.541213 523.987932 731.694981 524.781134 709.440839 534.985346 25.660965 24.382287 -1.250515 5.855090 5.853260 0.000000
27 807.198816 148.184440 807.664844 148.060986 818.498440 136.011802 21.482223 16.158747 0.721225 2.319018 2.303122 0.000000
28 855.772727 536.343092 856.644762 536.030009 846.535953 531.843802 12.108725 10.258123 -1.426063 0.453279 0.392615 0.000000
29 749.892941 129.073707 749.268443 129.731004 759.582075 128.549537 10.797572 8.412742 0.594348 3.087547 3.027536 0.000000
30 704.091328 105.271720 702.931335 104.237575 696.848497 122.545231 22.354207 17.981977 0.465939 5.109424 5.033170 0.000000
31 810.534784 139.267983 811.821576 139.223602 818.640742 135.840590 10.563566 7.970909 0.725471 2.741567 2.681067 0.000000
32 712.173041 164.674962 712.085232 162.671289 701.255237 181.064073 23.205720 19.724835 0.557634 5.300042 5.244546 0.000000
33 699.219819 527.845602 699.425434 528.123052 709.604532 535.009166 12.764579 11.951411 -1.327200 3.745452 3.736369 0.000000
34 712.680222 183.101414 712.706237 182.530615 701.396790 180.779284 11.405126 9.687084 0.548677 0.202966 0.153635 0.000000
35 630.942109 98.191983 630.909230 98.650833 631.428759 117.305575 22.647860 18.485170 0.310752 4.686934 4.684546 0.000000
36 643.768383 117.192429 642.571931 115.782443 631.498532 117.022100 11.180286 9.064301 0.321705 0.013881 6.171700 0.000000
37 717.789180 226.139768 717.090262 226.837931 705.050512 244.631575 23.916191 21.261383 0.668359 5.315614 5.307259 0.000000
38 731.031877 372.174313 730.406715 372.342272 709.732653 384.710562 25.057243 23.604064 1.083792 5.751207 5.744052 0.000000
39 733.633631 454.984641 735.590316 451.786425 710.358118 459.218048 25.443839 24.272416 1.438568 6.103270 5.996755 0.000000
40 645.807477 541.837175 645.189827 541.438095 634.489596 534.980862 12.772238 12.772238 -0.000000 0.544669 0.542965 0.000000
41 609.880692 546.085866 610.485276 545.907677 634.407601 534.966446 26.049048 25.532014 -1.027390 2.715951 2.712631 0.000000
42 205.202054 172.121805 206.282181 172.837303 226.530336 171.250341 22.373170 17.854195 -0.710114 3.100756 3.063377 0.000000
43 220.324338 108.848797 219.936766 108.922140 238.097429 114.615138 21.656414 16.401995 -0.597155 3.455320 3.445370 0.000000
44 194.949578 228.729031 195.506409 228.964294 215.603380 232.348504 23.000632 19.071590 -0.833049 3.315076 3.308422 0.000000
45 727.032531 299.235370 725.955295 298.478902 707.931665 312.792959 24.537636 22.535499 0.840381 5.665920 5.612002 0.000000
46 721.400856 465.840396 720.704672 465.273761 710.505231 459.205798 12.622957 11.926505 1.506427 0.546955 0.536684 0.000000
47 343.464356 101.608215 343.690814 101.905458 362.197865 110.172404 22.528872 18.174830 -0.339653 3.570384 3.561692 0.000000
48 220.767858 240.348409 221.275677 240.620042 215.524423 232.188832 11.323292 9.366501 -0.850305 0.999633 0.972159 0.000000
49 184.227540 298.876402 182.253769 300.630982 205.539574 297.718620 23.566872 20.229220 -0.991564 3.087321 3.017168 0.000000
51 277.975147 120.148774 305.603569 91.903693 300.568697 113.032672 23.561499 19.381803 -0.297593 2.836467 4.946319 0.000000
52 561.866379 93.440135 561.312008 94.015578 564.172646 113.377354 22.847603 18.941028 0.133453 4.597224 4.565703 0.000000
53 721.555858 388.047280 721.615818 387.477928 709.853412 384.511139 12.337961 11.587678 1.038531 0.293447 0.247073 0.000000
54 419.209613 92.243179 417.913170 92.405295 428.394232 109.861487 22.830380 18.704035 -0.195286 4.231838 4.171660 0.000000
55 637.153788 156.136571 636.875511 154.174495 633.594893 176.333367 23.535949 20.425278 0.381976 4.886809 4.859371 0.000000
56 570.297889 107.422559 568.798536 104.382471 564.202310 113.037230 11.263265 9.412783 0.160233 5.538831 5.200577 0.000000
57 293.371182 148.191010 289.000000 147.000000 288.675681 169.311478 22.904834 19.010802 -0.576262 4.931151 4.726924 0.000000
58 229.808428 180.867831 231.005118 177.395642 226.384083 170.840530 10.969999 8.775361 -0.713798 1.241712 0.956755 0.000000
59 719.352289 314.205768 720.123903 314.287746 708.100106 312.530791 12.102260 11.094283 0.865434 0.147773 0.145096 0.000000
60 369.045436 101.612092 368.259791 100.695652 362.206786 109.828770 11.046569 8.970409 -0.333629 5.406511 5.297677 0.000000
61 245.521372 119.182102 245.369483 118.615034 238.026326 114.335344 10.616835 8.204614 -0.625268 0.574025 0.527686 0.000000
62 646.406865 177.361057 644.459306 176.018715 633.671060 175.958029 11.592469 10.048694 0.408356 0.109722 0.005625 0.000000
63 301.409865 102.403212 301.245326 101.701575 298.480050 111.473407 10.855577 8.670391 -0.500391 5.024825 4.988163 0.000000
64 256.861707 240.076692 257.173826 240.274005 279.237747 231.727447 23.607089 20.401318 -0.693552 2.784460 2.772035 0.000000
65 201.757868 286.599632 201.714756 287.750722 205.399254 297.488644 11.563168 9.935939 -0.981899 4.389670 4.350671 0.000000
66 256.516482 319.169546 257.583060 318.646122 270.496874 298.602697 24.181078 21.735637 -0.865548 2.167805 2.143148 0.000000
67 291.591970 179.647256 292.354463 176.823985 288.624376 169.044776 11.265714 9.383816 -0.606229 1.297884 1.123687 0.000000
68 289.240741 235.027589 290.091600 234.436712 279.187065 231.517867 11.637146 10.044907 -0.718555 0.335871 0.261541 0.000000
69 209.772917 425.020629 209.444032 424.617665 189.643818 437.607250 24.338328 21.562696 -1.441958 5.724374 5.702581 0.000000
70 270.430043 500.167591 269.391421 500.577852 251.429301 516.515991 25.205320 23.462558 1.387170 5.572680 5.557420 0.000000
71 335.566845 524.127136 336.207065 524.211633 323.463460 522.332382 12.792716 12.212869 1.333563 0.147213 0.146411 0.000000
72 578.977647 518.619487 579.187053 517.954952 556.586037 533.673189 26.359126 26.134487 -0.297926 5.691298 5.675509 0.000000
73 544.352825 527.048598 544.782161 528.418672 556.638694 533.680944 13.027330 12.940750 -1.263142 3.636598 3.559303 0.000000
74 489.064545 90.119446 486.955805 92.846169 496.090194 110.951636 22.936180 19.019023 -0.028512 4.387118 4.245140 0.000000
75 716.062785 243.840246 717.232644 243.571286 705.209198 244.368519 11.788935 10.501539 0.713846 6.234551 6.216976 0.000000
76 305.594799 92.954493 277.646448 120.469958 298.476392 111.693830 22.136867 17.475769 -0.480332 5.075417 2.742841 0.000000
77 174.361314 364.717515 175.389755 364.996318 196.756362 366.467674 24.020631 21.117425 -1.201979 3.219584 3.210347 0.000000
78 662.108949 452.832994 661.238817 452.777444 635.950332 457.993643 25.638943 25.638943 -0.000000 6.088404 6.079770 0.000000
79 506.535306 106.529449 506.177267 105.788201 496.129722 110.611946 11.273810 9.311013 -0.019579 5.909302 5.835591 0.000000
80 465.924668 523.889629 464.188978 524.109328 477.666439 531.068701 13.058562 13.008992 0.463287 3.690362 3.618251 0.000000
81 348.818190 148.931150 348.447473 148.673133 354.386860 168.425442 23.359009 19.948491 -0.414442 4.434143 4.420296 0.000000
82 238.000000 374.000000 239.152650 376.024187 262.778730 369.078407 24.648288 22.766844 -1.102555 2.945523 2.855661 0.000000
83 659.159088 370.818525 658.975081 369.839253 636.468085 382.417725 25.495816 24.589559 0.786538 5.810633 5.773558 0.000000
84 180.204200 431.920816 179.972642 431.789458 189.508540 437.606224 12.088906 10.539922 -1.438296 3.690097 3.689323 0.000000
85 245.055873 436.971788 244.840872 438.344049 256.250611 442.118398 12.413050 11.459894 -1.416626 3.572512 3.461062 0.000000
86 497.112558 512.824135 497.000000 510.000000 477.613959 531.102108 26.570027 26.156389 0.169410 5.530088 5.455428 0.000000
87 301.331598 535.943835 302.724933 535.692567 323.535332 522.369470 25.757570 24.887246 1.250331 2.592866 2.572128 0.000000
88 654.457252 226.851491 652.442800 225.085691 635.201926 240.513643 24.304690 22.044800 0.464412 5.666095 5.553224 0.000000
89 647.995579 244.281140 646.690884 242.597500 635.310287 240.309189 11.977058 10.888875 0.474307 0.303445 0.198425 0.000000
90 376.789427 542.166417 378.338280 542.598909 399.377421 527.268223 26.204014 25.830882 0.731497 2.558524 2.511880 0.000000
91 425.127324 118.585746 425.457002 119.118265 428.453422 109.564433 11.205829 9.193450 -0.194646 1.924026 1.874715 0.000000
92 205.989268 372.896728 205.703767 371.765332 196.616737 366.238534 11.852996 10.336946 -1.223192 0.617668 0.546432 0.000000
93 233.298305 450.771819 232.862395 451.072106 256.386795 442.196351 24.988820 23.336724 -1.419725 2.785967 2.780807 0.000000
94 240.873031 511.947964 239.852103 511.927698 251.342354 516.504258 12.518810 11.497070 1.407116 3.552075 3.520632 0.000000
95 165.794243 526.030634 167.846095 524.837145 184.381054 510.039823 24.552044 21.601783 1.454452 2.431131 2.411596 0.000000
96 274.411082 286.564232 273.980638 287.160397 270.385233 298.327594 11.916576 10.660319 -0.869898 5.042131 5.023870 0.000000
97 173.241304 506.948387 172.655122 509.118743 184.258092 510.010445 12.264564 10.544958 1.475200 3.412694 3.218293 0.000000
98 411.611476 530.175422 412.239742 530.210715 399.384874 527.261382 12.895539 12.895539 -0.000000 0.233971 0.225530 0.000000
99 404.332013 154.831301 405.440267 155.852166 422.898310 168.681671 23.675880 20.480258 -0.229609 3.782526 3.775344 0.000000
100 394.409805 244.645508 396.636937 247.846164 417.526956 232.778046 24.457176 22.235351 -0.304804 2.667313 2.516709 0.000000
101 649.156314 310.369702 647.303690 308.928650 636.257545 309.277253 12.313423 11.651656 0.641213 0.084492 6.251637 0.000000
102 253.977874 360.271594 254.290253 361.314937 262.690762 368.877288 12.146289 11.169134 -1.091183 3.920801 3.874532 0.000000
103 582.830569 161.211970 583.237901 159.238386 563.816717 172.603803 23.681983 20.758331 0.171198 5.743403 5.680431 0.000000
104 648.696263 460.761759 649.212802 458.627942 636.056440 457.922868 12.726331 12.726331 -0.000000 0.220933 0.053541 0.000000
105 308.000000 380.000000 309.290605 382.007106 333.282723 371.793264 25.208639 24.062365 -0.916206 2.827724 2.739115 0.000000
106 315.703109 441.868201 316.378610 443.527109 327.799265 446.340039 12.694031 12.123016 -1.373761 3.495701 3.383088 0.000000
107 551.207977 173.109697 552.006457 174.160673 563.820321 172.363984 11.680812 10.174485 0.151979 3.082536 2.990666 0.000000
108 648.698590 385.221868 649.234193 385.330643 636.568247 382.158840 12.579049 12.104347 0.714694 0.247339 0.245374 0.000000
109 651.084533 291.620454 649.344828 289.706510 636.155024 309.511948 24.999101 23.576567 0.612118 5.407784 5.299908 0.000000
110 572.241113 386.928689 572.283411 385.571600 560.693274 379.550684 12.745757 12.420608 0.357454 0.568538 0.479115 0.000000
111 354.674871 157.389749 354.536328 157.593902 354.382998 168.134897 11.461924 9.908041 -0.424619 4.739546 4.726934 0.000000
112 509.257565 154.161590 508.645963 152.208741 493.078217 170.050880 23.825071 20.779623 -0.020784 5.506832 5.429817 0.000000
113 462.985859 393.583507 463.120762 394.326166 483.610601 377.188008 25.955713 25.301570 -0.119800 2.469943 2.445034 0.000000
114 380.845761 464.231188 379.957361 465.293582 403.040267 450.199656 25.910808 25.777238 -1.077342 2.577827 2.562480 0.000000
115 576.048620 237.431651 575.214613 237.382535 563.183341 236.781618 12.089495 11.169392 0.192926 0.050483 0.049905 0.000000
116 316.687487 308.192635 315.416987 309.937254 339.734299 299.882928 24.710049 22.976205 -0.688765 2.795543 2.749534 0.000000
117 345.778735 373.301755 345.322087 372.759153 333.225829 371.519072 12.161706 12.161706 -0.000000 0.141070 0.102161 0.000000
118 532.742493 461.225584 532.109572 461.481702 558.826618 456.067389 26.191587 26.039738 0.537362 2.946359 2.941647 0.000000
119 503.574711 168.865619 505.329205 168.480578 493.169993 169.720286 11.696400 10.248792 -0.037897 6.201227 6.181580 0.000000
120 322.369390 231.632410 322.358051 233.162071 346.883511 231.859490 24.116816 21.513250 -0.518739 3.150856 3.088531 0.000000
121 580.816731 220.458235 579.758410 219.716114 563.115607 237.111003 24.537690 22.474359 0.201453 5.528294 5.475695 0.000000
122 349.488624 432.119432 349.572158 431.077174 327.861477 446.399261 25.523231 24.739530 -1.382973 5.699622 5.668618 0.000000
123 506.700281 216.791206 506.948507 215.538262 490.005342 234.472401 24.678595 22.639431 -0.059575 5.469105 5.442350 0.000000
124 494.173983 456.198522 493.087188 455.310839 480.594823 453.395716 13.001781 13.001781 -0.000000 0.203546 0.152119 0.000000
125 499.371057 307.176065 498.840490 306.359544 486.864489 303.476597 12.478718 11.889065 -0.121858 0.287601 0.236232 0.000000
126 415.157942 176.996220 416.334029 177.993377 422.914200 168.308720 11.617442 10.079251 -0.220806 2.299623 2.167592 0.000000
127 351.573980 301.716464 351.599369 300.896141 339.693269 299.645009 12.184948 11.340123 -0.723359 0.172619 0.104699 0.000000
128 420.249826 374.266542 419.920027 373.551831 407.326825 374.194937 12.643196 12.274692 -0.488389 0.005541 6.232162 0.000000
129 380.235203 378.904462 381.670479 381.178820 407.332720 374.466100 25.659074 24.920455 -0.552217 2.979242 2.885746 0.000000
130 583.571220 366.248050 583.175681 365.899852 560.611526 379.790764 25.520949 25.520949 -0.000000 5.750264 5.731361 0.000000
131 452.854289 456.958053 453.626251 457.156983 480.553527 453.463358 26.228371 26.228371 -0.000000 3.016090 3.005273 0.000000
132 496.290836 383.035645 495.057312 380.988677 483.674780 376.902656 12.757423 12.533757 -0.129460 0.452487 0.344646 0.000000
133 406.081637 229.015789 406.746658 229.365294 417.520044 232.479008 12.027004 11.043352 -0.316501 3.435590 3.422945 0.000000
134 389.381885 445.672701 390.660131 447.715310 403.003154 450.110178 12.919873 12.671016 -1.433565 3.456526 3.333237 0.000000
135 356.770068 236.403780 357.355143 235.801500 346.844016 231.604170 11.852270 10.643493 -0.584622 0.450390 0.379922 0.000000
136 574.261844 304.899913 575.153250 304.573095 562.082285 306.200127 12.449605 11.928936 0.251002 6.176834 6.159346 0.000000
137 536.796411 313.159131 537.242783 313.961011 562.059106 306.412522 25.257512 24.083607 0.283801 2.880625 2.846311 0.000000
138 424.493742 305.150456 423.702688 304.719941 412.212567 301.326364 12.353769 11.813623 -0.448677 0.301863 0.287183 0.000000
140 436.163620 290.843850 435.522523 290.807482 412.212718 301.577708 25.156856 23.769038 -0.375680 5.861862 5.850358 0.000000
141 501.927129 283.290285 499.928939 280.130205 486.805909 303.776124 25.357842 24.108056 -0.055903 5.348250 5.219048 0.000000
142 502.229637 238.185249 501.782840 238.030809 490.075383 234.209157 12.101497 11.285693 -0.101986 0.316162 0.315524 0.000000
143 549.313621 445.102957 550.175196 450.174411 558.868481 455.991167 12.954661 12.954661 -0.000000 3.992121 3.731284 0.000000
160 -1.000171 187.726539 29.691591 84.585970 931.375425 410.925717 958.389874 958.389874 -0.000000 3.376559 3.488849 0.000000
167 211.888879 628.727771 148.981278 619.122618 307.811100 -187.547486 821.666604 821.666604 -0.000000 1.687772 1.765205 0.000000
171 1012.431902 169.900053 1022.604732 213.860058 201.544728 389.412310 839.584521 839.584521 0.000000 6.018815 6.072545 0.000000
