1 737.484469 571.389894 737.358193 571.068671 728.034818 567.647134 11.003271 9.329445 -0.664750 0.377117 0.351725 0.000000
2 748.772276 559.942558 749.597518 559.090054 727.913583 567.468912 22.363002 18.793316 -0.608416 5.936899 5.914450 0.000000
3 769.316864 569.376644 767.559484 571.185625 789.285120 563.820440 21.862099 17.758709 -0.746441 2.870206 2.814743 0.000000
4 782.072519 558.661899 781.745402 558.924456 789.432415 564.009530 10.789298 8.758535 -0.788892 3.769943 3.726020 0.000000
5 777.540120 512.629716 776.819872 513.058709 797.215645 503.087459 22.476000 19.006081 -0.897467 2.690032 2.686874 0.000000
6 807.817842 502.424135 807.515916 502.286298 797.348618 503.274927 11.117501 9.305141 -0.929247 6.202097 6.186254 0.000000
7 794.570209 434.934121 794.607846 435.686775 804.163269 438.430858 11.305091 9.824791 -1.079660 3.491132 3.421243 0.000000
8 755.028359 495.984663 756.743358 492.972529 734.445253 505.564880 22.989362 20.269386 -0.762546 5.847565 5.769105 0.000000
9 828.006899 358.197657 828.425621 356.083802 809.420739 370.742759 23.405657 20.749309 -1.265286 5.689456 5.626175 0.000000
10 822.057850 424.063045 821.699150 422.811353 803.994615 438.378226 23.022234 20.027070 -1.060999 5.613032 5.561948 0.000000
11 829.072824 283.581815 829.080665 283.260472 813.319639 301.053250 23.706220 21.099011 -1.491261 5.446117 5.437309 0.000000
12 743.732997 511.148698 744.203014 510.846917 734.602543 505.783366 11.382258 10.021874 -0.808104 0.531274 0.485348 0.000000
13 685.175785 564.186637 685.990113 563.799810 663.201722 570.047919 22.727315 19.664929 -0.442640 6.022518 6.015582 0.000000
14 820.286832 369.768968 819.915603 369.743356 809.558394 370.764437 11.495223 10.184111 -1.269428 6.190662 6.184916 0.000000
15 804.360773 227.886928 805.396865 228.877667 815.636557 230.485892 11.713080 10.355365 1.401387 3.368127 3.297378 0.000000
16 760.922163 428.767600 761.200825 427.062658 740.054318 439.587879 23.563721 21.416859 -0.950042 5.804836 5.748442 0.000000
17 802.524756 301.774542 803.906654 302.196672 813.535097 301.087782 11.638113 10.333006 -1.457611 3.079299 3.026930 0.000000
18 655.351898 563.379690 655.112886 563.424080 663.279659 570.231926 11.165693 9.764718 -0.480532 3.854350 3.836490 0.000000
19 750.838086 442.007115 751.790841 440.568095 740.255695 439.655710 11.583255 10.574670 -1.003424 0.218648 0.078932 0.000000
20 802.464263 178.743231 803.187943 178.643839 815.547281 160.503290 23.797848 20.769913 1.197691 2.193021 2.168868 0.000000
21 762.023948 205.716543 761.342973 205.606670 749.595965 226.913360 24.407672 22.746006 1.351132 5.242684 5.216252 0.000000
22 800.964318 249.015401 801.542024 248.861911 815.390648 230.583757 23.872352 21.113004 1.403024 2.234895 2.219182 0.000000
23 619.034534 570.225250 620.456521 569.746335 596.030821 571.694996 22.975794 20.364875 -0.258701 6.219380 6.203575 0.000000
24 764.648009 281.649735 764.037868 281.950860 747.865714 299.114510 24.293604 22.678975 -1.500076 5.477862 5.468053 0.000000
25 590.921009 581.197477 590.985240 581.792707 596.077227 571.865866 11.335484 10.173766 -0.273912 2.075598 2.044751 0.000000
26 677.962998 486.730725 678.032453 485.705711 668.061999 507.389088 23.395504 21.246087 -0.571245 5.159318 5.143379 0.000000
27 759.386618 148.007929 758.042905 147.841566 750.038811 155.032513 11.995784 10.941895 1.063811 5.638745 5.551250 0.000000
28 674.000000 513.000000 677.028512 514.050240 668.136018 507.607029 11.549734 10.488132 -0.611060 0.743581 0.627025 0.000000
29 764.307957 356.157903 763.764636 356.312151 744.551794 370.419568 23.952433 22.195064 -1.181480 5.657922 5.649827 0.000000
30 743.007494 177.990293 743.864591 177.917332 749.828944 155.176324 24.379114 22.308786 1.067482 1.861338 1.827292 0.000000
31 805.543731 157.896515 804.662936 157.800754 815.758705 160.428420 11.679911 10.215659 1.191875 3.384558 3.374126 0.000000
32 759.995471 298.482137 759.372148 298.291761 748.096964 299.120799 11.940360 11.147339 -1.501057 6.229561 6.209790 0.000000
33 518.273782 580.041358 519.517369 579.561256 527.448421 572.315124 11.384905 10.249295 -0.057216 2.441686 2.401292 0.000000
34 755.957220 371.010404 754.793016 369.976072 744.678419 370.392351 11.782653 10.901962 -1.199031 0.054743 6.242052 0.000000
35 506.845604 584.028947 508.170543 583.724499 527.435318 572.132641 23.105446 20.672763 -0.055602 2.617672 2.599915 0.000000
36 761.867805 227.062003 760.833834 226.994068 749.796180 226.809641 11.966294 11.163173 1.361411 0.020902 0.016707 0.000000
37 469.043163 591.246447 469.161352 590.497981 458.468414 571.411494 23.191477 20.577869 0.183178 1.080992 1.060128 0.000000
38 688.883527 142.273335 687.732773 143.084332 679.972553 150.755887 12.260525 11.514310 0.885191 5.522413 5.503533 0.000000
39 693.464827 427.210646 693.229788 426.890301 672.206388 440.340091 23.983816 22.574212 -0.766310 5.729917 5.714047 0.000000
40 684.195218 127.330591 684.190190 126.293179 679.817999 150.909888 24.903431 23.506039 0.873280 4.895938 4.888167 0.000000
41 622.950846 504.478225 623.228664 504.056007 598.984756 508.444864 23.665474 21.913786 -0.317567 6.119162 6.104096 0.000000
42 697.398041 359.370741 697.936952 358.097005 675.657213 370.016304 24.410324 23.456531 -1.069046 5.827846 5.791944 0.000000
43 683.666195 441.485584 683.884157 441.216046 672.309000 440.375733 11.508323 11.508323 -0.000000 0.097413 0.072469 0.000000
44 335.084803 570.328130 335.513320 570.301206 324.483537 566.666953 11.123504 9.624213 0.579976 0.332529 0.318292 0.000000
45 464.212682 581.039917 465.025607 581.334908 458.531859 571.597474 11.387312 10.309176 0.213418 1.029182 0.982643 0.000000
46 271.378634 562.976487 272.185952 562.582608 261.365519 562.731526 10.940114 9.103590 0.723653 0.024459 6.269423 0.000000
47 335.636004 549.067809 330.126526 548.875575 324.479879 566.441586 22.646566 19.443369 0.544337 5.283208 5.023409 0.000000
48 396.208915 591.284023 396.033145 589.367613 390.499592 569.451231 23.002026 20.145003 0.370587 1.315022 1.299792 0.000000
49 587.495931 508.296751 587.092254 508.618321 599.037653 508.634828 11.675635 10.912870 -0.389877 3.170876 3.142975 0.000000
50 699.542522 287.189762 701.346447 286.006466 678.204639 297.463943 24.710165 23.985664 -1.447575 5.834447 5.823466 0.000000
51 611.128124 122.821420 610.954101 122.614347 606.576658 147.898903 25.208958 24.315549 0.557674 4.891931 4.883817 0.000000
52 623.209864 427.121247 622.392770 427.628672 601.531476 440.773675 24.287745 23.380446 -0.516278 5.721162 5.720917 0.000000
53 156.583759 158.958279 156.814292 161.358300 178.680821 159.657215 23.396506 20.012648 -1.206869 3.173212 3.063955 0.000000
54 654.624616 218.862705 655.424057 219.169413 679.574307 223.904397 24.907951 24.000384 1.224667 3.340982 3.335200 0.000000
55 381.313902 576.237632 382.169260 575.860491 390.500929 569.652664 11.290418 10.012662 0.398236 2.519701 2.501243 0.000000
56 222.044409 144.079042 222.497935 144.666087 241.906800 154.612460 24.062806 21.644457 -1.111466 3.629201 3.615163 0.000000
57 157.154596 226.837879 156.409233 227.748852 178.097025 228.628983 23.486407 20.376834 -1.437370 3.226910 3.182152 0.000000
58 552.570791 508.341578 553.391520 506.784323 528.298792 508.611594 23.840869 22.140091 -0.043831 6.272061 6.210493 0.000000
59 690.231019 217.869387 690.116967 217.851932 679.709667 223.801127 12.218416 11.814996 1.187001 5.769823 5.763882 0.000000
60 687.359259 372.404392 687.422433 372.199371 675.818788 370.105434 12.027610 11.543155 -1.081979 0.196634 0.178534 0.000000
61 281.127691 557.725611 281.203315 557.096757 261.397710 562.567089 22.221191 18.451020 0.686133 6.042553 6.013703 0.000000
62 690.009456 302.046965 688.994426 301.426442 678.365306 297.497341 11.997787 11.997787 -0.000000 0.372483 0.354076 0.000000
63 158.358647 295.163253 159.667263 295.986553 179.545654 298.017912 23.341285 20.305544 1.502173 3.275522 3.243428 0.000000
64 614.074173 137.703395 612.791488 138.403331 606.667861 147.736841 12.451671 11.940732 0.575295 5.348271 5.293034 0.000000
65 180.019115 170.528791 180.392796 171.368005 178.543968 159.516428 11.495408 9.858812 -1.242258 1.437635 1.416045 0.000000
66 234.305806 503.829351 233.474138 504.059285 255.036770 500.867398 22.815874 19.695900 0.824154 2.999677 2.994631 0.000000
67 516.666113 509.145358 516.246415 509.481626 528.288407 508.850652 11.437236 11.437236 -0.000000 3.116241 3.089243 0.000000
68 540.674285 445.027587 542.546708 444.877724 529.134475 440.796472 12.087786 11.738270 -0.092115 0.351433 0.295391 0.000000
69 589.600346 437.802469 590.331186 438.079525 601.574950 440.801580 11.826555 11.826555 -0.000000 3.387000 3.379117 0.000000
70 178.000000 508.000000 179.179271 508.754079 194.393140 497.281924 22.288196 18.362229 0.945182 2.562540 2.495499 0.000000
71 409.696507 499.107150 409.220515 497.906525 387.312928 506.249028 23.683151 21.577826 0.474636 5.974328 5.919336 0.000000
72 548.573274 126.500815 544.721357 123.462240 531.448977 146.361888 25.392030 24.694154 0.120464 5.423926 5.237665 0.000000
73 286.096522 149.862170 284.876880 150.420769 309.833843 150.601883 24.633534 23.000300 -0.943461 3.172745 3.148850 0.000000
74 203.396678 365.056854 203.883393 364.973079 182.809760 366.681870 23.103269 20.013185 1.297211 6.204414 6.202276 0.000000
75 618.184029 293.878226 617.770431 293.764041 605.400414 296.170674 12.316580 12.316580 -0.000000 6.105744 6.091032 0.000000
76 169.089160 222.588226 168.847375 222.527204 177.846267 228.477868 11.490742 9.980792 -1.403114 3.733661 3.725847 0.000000
77 263.756007 307.015744 264.597915 306.605990 242.529486 296.730493 23.965532 22.024155 1.492263 0.451209 0.420768 0.000000
78 186.141504 306.155324 187.703413 306.317612 179.418716 298.006580 11.436267 9.964672 1.523652 0.880991 0.786985 0.000000
79 227.909752 440.328401 228.326433 440.939165 249.543887 435.509255 23.321651 20.773554 0.988899 2.922415 2.891053 0.000000
80 395.534457 444.871819 394.812386 444.313507 384.593733 439.007966 11.693700 11.693700 -0.000000 0.492005 0.478891 0.000000
81 222.444915 213.170754 221.968878 213.039195 241.349847 225.455911 24.088539 22.066197 -1.381614 3.717854 3.711378 0.000000
82 263.773363 507.469220 264.620517 507.972864 254.926366 501.067946 11.241602 9.762401 0.870923 0.626359 0.618918 0.000000
83 436.426164 518.873110 436.804297 521.044093 457.263796 507.870599 23.877471 22.004750 0.224625 2.655788 2.569531 0.000000
84 222.017785 560.381358 222.112048 558.818493 202.063972 557.787551 21.723708 17.207091 0.820314 0.129266 0.051378 0.000000
85 267.073667 360.666219 266.659386 360.039596 245.299205 367.145009 23.706253 21.571998 1.209444 5.993986 5.962052 0.000000
86 239.709938 428.970299 240.042467 429.199511 249.437585 435.566890 11.435074 10.268646 1.027582 3.737488 3.737217 0.000000
87 211.346839 562.532031 211.912266 562.237088 202.021104 557.909679 10.686648 8.447759 0.850632 0.460166 0.412413 0.000000
88 285.416163 218.837546 284.882585 219.941629 309.277642 222.928895 24.582237 23.540858 -1.290899 3.311404 3.263440 0.000000
89 167.321371 433.929209 167.325239 436.047870 187.863595 433.398566 22.752464 19.314958 1.096612 3.115767 3.013308 0.000000
90 547.913242 422.382205 545.877480 422.320196 529.103210 440.711341 24.466714 23.653452 -0.064993 5.510735 5.451840 0.000000
91 312.957301 161.682414 313.148590 162.029562 309.744037 150.415086 12.115588 11.309191 -0.938686 1.292987 1.285654 0.000000
92 619.694612 200.891363 620.031851 199.747326 606.282727 221.778375 25.049025 25.049025 -0.000000 5.283202 5.270326 0.000000
93 627.232410 360.848050 628.049344 359.946417 603.678388 369.620730 24.503807 24.503807 -0.000000 5.926653 5.905302 0.000000
94 431.091483 445.176256 431.974329 445.115733 456.261029 439.997299 24.512271 23.436927 0.273053 2.938662 2.933882 0.000000
95 468.519573 442.312823 467.708236 442.160287 456.296065 440.063142 12.037498 11.648768 0.305843 0.182009 0.181736 0.000000
96 185.867024 489.970729 186.116575 490.268486 194.301646 497.462399 10.962613 9.031810 0.988091 3.867853 3.862631 0.000000
97 304.215778 518.089461 303.897408 519.474090 319.589001 503.846673 23.312030 20.763069 0.682324 2.394346 2.358244 0.000000
98 241.212745 142.337829 240.652036 142.062097 241.814223 154.463858 11.845288 10.641765 -1.131963 4.662827 4.618950 0.000000
99 618.022432 222.844262 619.266405 222.619921 606.384696 221.656941 12.344592 12.344592 -0.000000 0.101672 0.074617 0.000000
100 627.584602 282.061148 626.343130 282.562244 605.328995 296.158809 24.955465 24.955465 -0.000000 5.718538 5.708908 0.000000
101 189.912587 374.841311 190.820282 374.958741 182.666462 366.665229 11.338346 9.857473 1.319418 0.845625 0.793891 0.000000
102 178.634969 428.689549 177.873060 428.893179 187.703006 433.414854 11.177086 9.463951 1.134510 3.621973 3.572723 0.000000
104 375.981978 501.921793 375.935681 501.908168 387.285386 506.497662 11.643102 10.698769 0.536133 3.526249 3.525862 0.000000
105 469.490039 512.275444 468.507181 510.816382 457.299153 508.091339 11.712571 10.971700 0.250827 0.330618 0.238505 0.000000
106 382.074375 159.679843 382.600563 160.355328 381.525123 147.597039 12.333422 11.805180 -0.692887 1.525370 1.486702 0.000000
107 308.497767 499.831495 308.370757 500.138000 319.547894 504.044412 11.481749 10.294384 0.750469 3.505836 3.477822 0.000000
108 455.868400 122.062460 455.775234 120.626926 455.887576 146.319331 25.386649 24.577951 -0.296920 4.711598 4.708016 0.000000
109 391.030027 123.465539 387.680433 122.515445 381.543541 147.771219 25.093563 24.003365 -0.667282 5.084505 4.950759 0.000000
110 318.106114 344.019616 316.864420 342.365478 312.160472 367.608449 24.210735 22.887880 1.057295 4.959299 4.896623 0.000000
111 235.331364 214.176162 235.303258 215.845583 241.219276 225.323192 11.832399 10.805972 -1.363524 4.226433 4.154358 0.000000
112 232.825784 290.053819 232.652070 290.172878 242.400221 296.699689 11.803298 10.793634 1.532189 3.748366 3.731584 0.000000
113 612.730228 371.009452 616.088280 369.511920 603.705208 369.610149 12.087379 12.087379 -0.000000 0.153822 6.275253 0.000000
114 295.000000 449.000000 296.377155 449.547185 315.360097 437.409800 23.820188 22.031701 0.839357 2.624082 2.572717 0.000000
115 465.000000 142.000000 465.584503 138.351044 455.886731 146.132662 12.309232 12.309232 -0.000000 5.857443 5.606975 0.000000
116 544.471904 222.490131 543.517345 220.471075 531.094745 220.477556 12.483080 12.483080 -0.000000 0.149329 6.282664 0.000000
117 543.983883 199.135869 544.108159 197.783312 531.087913 220.580019 25.412103 25.235757 0.442226 5.253819 5.231322 0.000000
118 237.128842 358.047503 237.342227 359.185503 245.153600 367.155950 11.634859 10.625784 1.253188 3.990157 3.937070 0.000000
119 525.210950 156.944837 525.596759 158.143252 531.445986 146.165798 12.518233 12.181267 0.180489 2.095213 2.025083 0.000000
120 355.961390 217.484491 354.000000 219.000000 381.014462 221.212344 24.843537 24.843537 -0.000000 3.289307 3.223305 0.000000
121 326.924401 439.461522 326.856403 439.336907 315.299383 437.459124 11.732144 10.859359 0.870822 0.170575 0.161072 0.000000
123 365.000000 454.000000 366.290239 453.079557 384.606521 438.936654 24.256263 22.938678 0.606728 2.486493 2.484066 0.000000
125 541.085830 375.923863 540.155992 374.828775 529.866012 369.208761 12.314138 12.094376 -0.205651 0.539318 0.499893 0.000000
126 321.348260 224.449438 320.791582 224.141032 309.208150 222.796540 12.120779 11.555259 -1.302753 0.135320 0.115553 0.000000
127 288.164243 287.516822 286.491934 287.571486 310.130587 295.720529 24.464725 23.450598 1.463566 3.499019 3.473568 0.000000
128 433.407934 381.498864 433.661188 382.882729 455.623512 368.723160 24.979729 24.459763 0.424011 2.619699 2.568938 0.000000
129 550.909305 356.281557 552.175078 354.974545 529.862372 369.190828 24.943023 24.491829 -0.069873 5.733003 5.715905 0.000000
130 298.447310 292.610480 298.721124 292.773247 310.051700 295.690699 12.077257 11.477413 1.485746 3.401045 3.393603 0.000000
131 324.352361 370.219834 323.083778 369.833591 312.112009 367.649769 11.898145 11.265250 1.077943 0.206960 0.196472 0.000000
132 443.327422 365.645224 443.594140 365.817748 455.636397 368.779881 12.218299 12.218299 -0.000000 3.390956 3.382783 0.000000
133 430.363840 212.999047 430.394879 213.616169 455.404109 220.386223 25.411289 25.126358 -0.290850 3.428467 3.405959 0.000000
134 375.239937 357.734842 375.370763 358.643258 382.588759 368.208953 11.975310 11.975310 -0.000000 4.100578 4.065969 0.000000
135 406.814544 364.767303 407.390261 363.242172 382.611015 368.172344 24.636785 23.872525 0.746560 6.143419 6.086786 0.000000
136 369.699923 215.978075 368.527041 216.196902 380.958226 221.075335 12.355226 12.058812 -0.989364 3.566736 3.515561 0.000000
137 450.001441 231.562497 449.964740 231.939397 455.438859 220.262788 12.512357 12.343150 -0.412827 2.019291 2.009183 0.000000
138 356.836101 290.836537 356.287445 292.128100 381.446751 295.144085 24.861768 24.540336 1.300190 3.314865 3.260899 0.000000
139 549.446818 277.130148 548.866806 277.039807 530.553398 295.375689 25.298221 25.183024 0.251991 5.515230 5.497174 0.000000
140 543.976480 293.680489 542.974681 292.869617 530.583865 295.373067 12.481537 12.481537 -0.000000 6.157470 6.083828 0.000000
141 392.479601 301.040208 392.354486 300.548481 381.399196 295.094890 12.201320 12.201320 -0.000000 0.492467 0.461890 0.000000
142 459.257913 320.954957 459.290123 320.480533 455.356423 295.020334 25.249556 25.011373 0.235670 1.421480 1.417505 0.000000
143 451.057301 283.203329 451.024224 283.234852 455.386534 294.998503 12.392360 12.392360 -0.000000 4.360620 4.357280 0.000000
144 459.687267 133.337557 467.915729 141.096075 455.673613 146.272126 12.800871 12.800871 0.000000 5.013272 5.883174 0.000000
