1 819.627386 259.869455 820.656406 261.144142 829.467112 245.452183 19.815148 14.709647 1.323413 2.169678 2.082410 0.000000
2 831.587876 255.290373 833.060115 255.237881 829.697820 245.320464 9.764548 7.236947 1.328954 1.383444 1.243928 0.000000
3 828.715396 292.536310 828.398250 293.224625 831.615054 303.733554 9.839503 7.392621 1.470115 4.458994 4.415344 0.000000
4 819.208613 374.889228 819.998120 374.638240 831.985544 362.975441 20.023011 15.140018 1.563847 2.391139 2.369920 0.000000
5 815.897382 304.734350 815.637000 305.922087 831.420300 303.820736 19.949985 14.976355 1.444888 3.082805 3.009233 0.000000
6 795.275163 227.717159 793.098341 226.994168 782.196925 240.656350 20.505346 16.228185 1.301485 5.503131 5.385864 0.000000
7 809.300634 541.530333 809.902785 543.978773 825.603899 537.950603 19.575628 14.386724 -1.224134 2.925451 2.775014 0.000000
8 787.727593 184.492248 787.955881 184.300891 779.500009 181.665636 9.949811 7.723759 1.159209 0.330920 0.302108 0.000000
9 791.059449 169.306154 790.560159 169.517373 779.273585 181.759393 20.216282 15.696129 1.166345 5.470261 5.457202 0.000000
10 783.852943 551.615164 783.996056 550.315239 778.666930 544.096610 10.051699 7.727755 -1.200259 0.966975 0.862275 0.000000
11 815.630758 200.210809 815.408498 200.473276 826.209474 188.601857 19.535002 14.332958 1.224403 2.309795 2.309016 0.000000
12 844.216741 409.723733 844.183975 408.795845 831.249581 422.231686 20.022636 15.060291 -1.459350 5.515811 5.478774 0.000000
13 831.455946 373.418649 831.851702 372.608819 832.114593 362.927411 9.846319 7.443633 1.561785 1.633495 1.597944 0.000000
14 783.035053 413.956635 782.484992 413.195126 784.027505 424.031389 10.215814 8.143878 -1.478221 4.614197 4.570992 0.000000
15 795.856857 534.137034 792.795514 532.084630 778.471415 544.044186 20.276960 15.736489 -1.170581 5.765227 5.587508 0.000000
16 844.002930 473.183356 844.319581 472.107464 829.140708 480.846815 19.848338 14.795301 -1.346285 5.807109 5.760782 0.000000
17 828.261577 198.632921 828.437864 197.848200 826.385612 188.513349 9.611302 7.091665 1.222812 1.387497 1.354391 0.000000
18 777.933851 230.662652 777.054540 231.494975 782.404958 240.459528 10.056048 7.997246 1.286531 4.284241 1.484756 0.000000
19 799.000089 290.981857 797.857274 289.795344 783.992303 301.161577 20.716989 16.498812 1.416893 5.687175 5.596499 0.000000
20 248.919439 579.027822 251.561324 581.297828 272.664189 572.569075 23.744813 22.141225 0.630482 2.876011 2.749393 0.000000
21 796.696068 410.348238 797.661509 407.894170 783.756931 424.096856 20.753702 16.564814 -1.455478 5.467465 5.421604 0.000000
22 824.601355 417.984881 824.029436 418.769004 831.435492 422.181295 9.841580 7.398182 -1.461701 3.692270 3.573345 0.000000
23 821.955791 479.003288 821.831339 479.487886 829.321946 480.909867 9.852224 7.223860 -1.341279 3.394864 3.329196 0.000000
24 796.343722 471.105806 795.770750 470.657609 781.795155 484.852079 20.562561 16.262429 -1.318641 5.526134 5.490018 0.000000
25 744.416064 538.000359 743.184567 537.701478 726.966262 549.887154 20.966837 17.163788 -1.106541 5.685189 5.638819 0.000000
26 735.645846 158.007779 735.700717 157.219095 728.023236 175.141584 20.917498 17.033613 1.102315 5.130983 5.117112 0.000000
27 783.389176 473.668960 781.058184 474.092567 782.016743 484.912773 10.233511 8.043067 -1.325092 4.833849 4.624030 0.000000
28 737.157867 176.801575 737.472088 176.237793 728.225226 174.990933 10.318261 8.345983 1.102598 0.199990 0.134033 0.000000
29 247.093872 508.211384 245.474159 511.048389 269.416398 503.344973 24.208418 23.091011 0.894912 2.926947 2.830303 0.000000
30 787.997848 312.005857 788.579086 311.801580 784.264809 301.101615 10.191512 8.115334 1.417973 1.240955 1.187530 0.000000
32 771.862050 373.092658 769.948040 376.006273 784.446506 362.560220 20.780060 16.607535 1.564635 2.444729 2.393837 0.000000
33 258.721352 496.982107 259.032676 497.713486 269.430173 503.474161 11.957770 11.369214 1.076264 3.686584 3.647536 0.000000
34 821.128268 546.585608 821.200788 547.411037 825.812553 537.999764 9.731781 7.051211 -1.235777 2.070242 2.026433 0.000000
35 260.777897 570.066524 261.085351 570.508318 272.684512 572.691023 11.687288 10.937355 0.763275 3.358547 3.327595 0.000000
36 320.816829 581.019046 319.896445 582.944449 342.200120 572.512843 23.613980 22.569068 0.307481 2.762987 2.704111 0.000000
37 330.531951 568.776991 331.269332 569.101992 342.285690 572.644455 11.601203 11.175579 0.470870 3.459475 3.452714 0.000000
38 735.159041 553.189708 734.893777 552.373727 727.132975 549.944248 10.404994 8.438688 -1.140266 0.384264 0.303381 0.000000
39 728.620155 500.193533 730.770822 500.780436 730.098353 488.852086 10.558749 8.737021 -1.278144 1.700402 1.514480 0.000000
40 393.689069 585.261253 392.619460 586.107774 412.002742 571.123234 23.382579 22.499240 -0.116326 2.484164 2.483493 0.000000
41 744.752513 224.197503 744.651055 223.763485 730.548652 235.864961 21.258767 17.711826 1.255879 5.595514 5.573999 0.000000
42 793.041975 363.247951 791.932653 362.190100 784.572285 362.473772 10.231623 8.164417 1.563136 0.091152 6.244664 0.000000
43 723.186285 227.609627 722.195948 229.975362 730.759587 235.708551 10.432111 8.730362 1.251875 3.960517 3.731541 0.000000
44 691.514093 553.415237 690.630849 553.135560 671.195442 555.483976 21.597857 18.616115 -1.046495 6.181720 6.162936 0.000000
45 683.045090 150.905826 682.190328 151.855865 672.444139 168.733382 21.542227 18.335661 1.010917 5.248857 5.236074 0.000000
46 749.141318 290.598088 749.167474 289.923358 732.062666 298.491299 21.466443 18.085423 1.409716 5.850258 5.818811 0.000000
47 244.166564 365.503248 242.911626 366.137741 267.401231 358.942412 24.216273 24.216273 -0.000000 2.866385 2.855823 0.000000
48 677.548410 563.827351 677.136181 563.167527 671.314595 555.577694 10.687827 9.224094 -1.087382 0.923692 0.916488 0.000000
49 747.989345 483.322292 748.433492 482.794955 729.950386 488.768765 21.309217 17.766715 -1.274551 5.989960 5.970579 0.000000
50 245.233838 441.086674 245.235737 442.124908 267.610920 431.746890 24.511699 23.645675 1.243748 2.746192 2.707307 0.000000
51 681.839189 173.847814 682.374895 173.121865 672.619222 168.559927 10.654224 8.996393 1.007697 0.520725 0.437409 0.000000
52 322.135200 519.367849 325.000000 518.000000 339.966109 503.428051 23.816846 23.816846 -0.000000 2.412135 2.369538 0.000000
53 423.541222 572.662307 423.823083 572.305046 412.134358 571.253292 11.470297 11.195305 -0.181201 0.122901 0.089739 0.000000
54 746.807986 412.698300 746.930127 411.775679 731.611609 425.820462 21.540718 18.127993 -1.441723 5.570902 5.541138 0.000000
55 279.314441 434.628973 279.497655 434.184095 267.610330 431.699077 12.099545 11.580278 1.347468 0.245290 0.206080 0.000000
56 740.884486 304.002191 740.751504 303.032807 732.307866 298.430133 10.602732 8.887522 1.434467 0.576150 0.499078 0.000000
57 349.489019 511.892192 349.449060 511.566836 340.035478 503.559703 11.873678 11.626358 1.050135 0.722451 0.704839 0.000000
58 748.617463 349.808666 747.908918 349.934629 732.390312 362.087839 21.557515 18.210977 1.550993 5.635406 5.618811 0.000000
59 471.233341 562.928410 469.325374 563.251414 480.990798 568.712445 11.364340 10.895361 -0.659232 3.676687 3.579428 0.000000
60 631.487263 555.746092 633.023624 555.006485 611.271958 560.591578 22.162991 19.905506 -0.964879 6.047930 6.031849 0.000000
61 462.455896 582.526035 461.550002 583.860954 480.834390 568.598550 23.087322 21.997287 -0.497379 2.493109 2.472094 0.000000
62 278.703640 362.387721 278.783270 362.104390 267.397708 358.852937 12.136432 11.671928 -1.516212 0.303020 0.278173 0.000000
63 739.702157 368.587999 740.376472 368.915557 732.630918 362.052778 10.627939 8.941004 1.557824 0.746024 0.725042 0.000000
64 684.265597 213.174058 682.048651 210.904653 674.404024 231.279083 21.913787 19.131397 1.190014 5.211144 5.071341 0.000000
65 723.925473 419.991351 723.817503 420.008852 731.790459 425.797464 10.589955 8.948628 -1.458296 3.777514 3.769576 0.000000
66 315.501175 441.024850 315.516864 441.522054 338.773138 431.986844 24.232368 24.232368 -0.000000 2.771157 2.752490 0.000000
67 613.241565 141.055071 610.800175 140.299799 612.752637 162.794806 22.097040 19.762895 0.901402 4.734875 4.625811 0.000000
68 524.451432 569.208292 524.508406 571.352165 547.569945 565.055240 22.699918 21.184146 -0.744587 2.963847 2.875041 0.000000
69 616.938683 570.437718 617.075940 568.522191 611.400613 560.696653 10.983274 9.797391 -1.001971 1.053839 0.943336 0.000000
70 557.485857 570.941620 556.517938 570.034613 547.753782 565.147864 11.217606 10.515497 -0.866259 0.536976 0.508647 0.000000
71 684.428542 234.304801 684.647430 234.139872 674.633625 231.113385 10.798685 9.402102 1.188820 0.314977 0.293503 0.000000
72 252.784085 143.019456 252.096185 143.065328 275.915239 146.790109 23.636971 21.870223 -0.546260 3.303183 3.296715 0.000000
73 278.122534 292.572704 278.922218 292.986728 268.803548 286.176215 12.059098 11.525503 -1.159942 0.601535 0.592419 0.000000
74 244.993717 280.921981 243.863141 281.904433 268.795629 286.278412 24.434170 23.588778 -1.156985 3.362947 3.315258 0.000000
75 691.859864 480.762150 691.259453 480.490245 673.641035 492.504572 21.965651 19.261643 -1.218566 5.710671 5.684698 0.000000
76 606.171386 153.977342 605.077973 153.121584 612.946657 162.587620 10.927435 9.739634 0.937701 4.045698 4.018879 0.000000
77 692.315539 282.927106 691.043266 281.262206 675.475240 295.930441 22.157346 19.591747 1.369459 5.625655 5.527537 0.000000
78 693.684114 352.782872 694.439314 351.574499 675.658426 361.677683 22.297390 19.749658 1.568605 5.824790 5.789640 0.000000
79 559.809194 162.999421 559.721443 162.011535 549.486230 157.331383 11.179706 10.241310 0.727201 0.502130 0.428875 0.000000
80 695.254715 423.359233 695.356755 423.259758 675.045799 427.583314 22.216315 19.648695 -1.451649 6.077131 6.073448 0.000000
81 328.251732 131.517429 328.292273 131.944630 345.024695 147.586719 23.527163 22.291993 -0.254661 3.905568 3.893325 0.000000
82 316.689354 369.758428 315.515444 371.969203 338.745239 359.343549 24.553975 24.170564 1.553664 2.700428 2.643745 0.000000
83 401.257696 495.305391 401.510241 495.713544 410.942056 502.738100 11.745239 11.652169 -1.406276 3.796198 3.781740 0.000000
84 326.170405 430.570520 327.372673 431.135574 338.861656 431.959931 11.958211 11.958211 -0.000000 3.250636 3.213222 0.000000
85 318.580887 211.873168 317.295700 211.843186 341.961302 215.852643 23.972653 23.425370 -0.508001 3.310182 3.302736 0.000000
86 260.676097 210.995464 260.663805 211.858941 271.652432 214.894160 11.854509 11.243348 -0.839580 3.482885 3.411088 0.000000
87 314.794908 283.885840 315.940812 284.064385 339.815004 286.851787 24.182340 24.182340 -0.000000 3.259585 3.257820 0.000000
88 681.534881 499.898536 681.410478 498.522027 673.817021 492.558995 10.956371 9.495999 -1.231856 0.760278 0.665704 0.000000
89 459.284172 511.753713 459.033457 512.789502 480.672064 501.077362 23.499930 22.934154 -0.794426 2.678603 2.645483 0.000000
90 390.292475 516.604952 391.629177 518.507024 410.800386 502.633619 23.744772 23.527903 -0.064431 2.543551 2.450021 0.000000
91 246.942704 219.284181 248.690753 219.129074 271.665353 215.181194 24.093211 22.996168 -0.821732 2.977131 2.971418 0.000000
92 684.946366 432.073387 683.916838 431.426397 675.216759 427.503449 10.946376 9.726509 -1.472785 0.439110 0.423610 0.000000
93 529.560051 212.778276 527.887809 212.999979 549.542428 223.205069 23.106078 21.686847 0.932400 3.622527 3.581990 0.000000
94 563.706471 141.519705 563.022102 140.560387 549.276705 157.536825 22.646223 20.880795 0.715768 5.445699 5.393002 0.000000
95 630.402205 213.395350 630.787284 213.059072 613.916907 226.999219 22.613345 20.520516 1.082220 5.593259 5.592607 0.000000
96 684.612104 300.715707 685.219216 301.043687 675.672485 295.834267 10.910694 9.656161 1.373354 0.499802 0.499517 0.000000
97 327.411337 353.986413 328.692579 354.912237 338.801730 359.255026 12.025032 12.025032 -0.000000 3.574833 3.547345 0.000000
98 634.056237 418.806959 634.225163 418.061857 614.086089 429.089891 22.850534 21.113124 -1.396636 5.807677 5.782191 0.000000
99 431.817320 424.010127 434.029299 422.950413 410.266625 431.832557 24.088335 24.088335 -0.000000 5.934996 5.925480 0.000000
100 266.646774 140.190082 265.515977 140.764639 275.928890 146.527911 11.611693 10.811923 -0.625154 3.740681 3.647099 0.000000
101 633.712038 348.366558 632.361302 345.716668 614.600228 361.196942 22.914881 21.203821 1.566725 5.691959 5.566293 0.000000
102 635.176208 492.723716 633.931710 492.663586 613.016125 495.867450 22.594813 20.645697 -1.130061 6.142261 6.131186 0.000000
103 472.221134 147.995095 472.152475 148.932011 483.070434 152.938268 11.046951 11.046951 -0.000000 3.569111 3.493280 0.000000
104 338.998427 158.026399 339.787195 157.342268 345.117996 147.368321 11.557689 11.019272 -0.340126 2.092008 2.061640 0.000000
105 622.729614 233.568631 623.433339 233.928495 614.070144 226.889184 11.086437 10.116126 1.054550 0.657023 0.644656 0.000000
106 460.982234 302.826598 460.966161 303.051435 481.527877 289.414030 23.576748 23.576748 -0.000000 2.563239 2.555964 0.000000
107 421.478700 435.170492 422.210510 435.175342 410.400043 431.768429 11.895905 11.895905 -0.000000 0.297942 0.280841 0.000000
108 392.777133 139.790671 392.780088 140.165733 414.429685 149.808509 23.315770 22.219849 0.134047 3.574927 3.560616 0.000000
109 459.560682 147.385392 460.344995 147.966053 482.887029 153.165589 23.012080 21.711914 0.447991 3.384497 3.368287 0.000000
110 423.206396 157.214990 423.491623 157.164987 414.573292 149.533385 11.463355 10.945721 0.144265 0.727143 0.707806 0.000000
111 400.668881 351.358388 400.923537 353.378082 410.499664 359.702047 12.013427 11.828526 -1.529213 3.845348 3.725236 0.000000
112 666.240385 357.596494 666.466440 357.982547 675.770740 361.597781 10.990836 9.734177 -1.564451 3.539090 3.512194 0.000000
113 395.038886 341.062502 394.274848 340.939948 410.401320 359.766839 24.321321 24.063944 1.563672 4.024777 4.004095 0.000000
114 538.849108 491.100056 538.746732 493.822065 548.559140 498.884181 11.502261 10.766341 -1.082895 3.817344 3.617871 0.000000
115 471.035073 494.824735 469.515619 494.940542 480.873837 501.198012 11.656596 11.291093 -1.006589 3.716400 3.645142 0.000000
116 492.237883 433.325356 492.577676 433.251513 480.959524 431.190654 11.792594 11.532912 -1.384548 0.187061 0.175557 0.000000
117 503.896996 422.037765 503.547777 421.983219 480.753247 431.238304 23.893553 23.380736 -1.299818 5.904802 5.897498 0.000000
118 529.321378 443.718791 529.529707 444.754266 548.976172 430.269458 23.422339 22.398972 -1.291582 2.541497 2.501392 0.000000
119 621.655434 501.728978 622.085598 502.013693 613.168688 495.956672 11.245209 10.133677 -1.179598 0.597283 0.596680 0.000000
120 391.382158 229.454460 391.279121 230.109037 412.562150 217.497442 23.729174 23.357229 0.226051 2.627653 2.606657 0.000000
121 352.557233 287.583275 351.542048 287.287184 339.896488 286.741939 12.027641 11.785336 -1.144323 0.066355 0.046786 0.000000
122 561.405201 225.201040 560.985700 223.426709 549.768111 223.019530 11.365270 10.710479 0.954733 0.185311 0.036282 0.000000
123 632.859572 281.252276 632.457020 280.633250 614.613205 293.518642 22.823806 21.042785 1.307666 5.691318 5.657767 0.000000
124 553.278984 267.141588 552.937433 268.819649 549.631158 291.310366 23.355591 22.412026 1.255790 4.862190 4.858350 0.000000
125 625.376738 429.626479 624.675624 429.557543 614.309228 429.021320 11.298760 10.434934 -1.432325 0.054625 0.051681 0.000000
126 537.819547 429.051059 537.376323 429.726740 549.207178 430.210881 11.606392 11.004701 -1.349303 3.243092 3.182492 0.000000
127 526.009792 501.076975 525.136256 501.430506 548.363642 498.779378 23.107875 21.916985 -0.966355 3.039169 3.027946 0.000000
128 410.568153 229.656268 412.588947 229.862640 412.688026 217.304320 11.626743 11.626743 -0.000000 1.740763 1.578686 0.000000
129 624.867026 366.022064 621.000000 364.000000 614.712715 361.134756 11.313958 10.495299 -1.540282 0.448579 0.427601 0.000000
130 333.280115 208.305987 332.418569 208.104208 342.015381 215.644952 11.811968 11.494103 -0.678216 3.840343 3.807587 0.000000
131 499.544468 204.671719 499.030602 202.391900 482.167673 220.012348 23.459440 22.681934 0.722321 5.559942 5.475823 0.000000
132 493.972595 221.516182 493.645754 221.412024 482.344580 219.772656 11.534376 11.163468 0.789787 0.148833 0.144057 0.000000
133 390.380403 300.653911 390.808265 303.043242 411.187340 287.891329 24.078106 23.951036 1.380113 2.591392 2.502262 0.000000
134 399.606580 283.938544 399.703904 284.883524 411.324047 287.782028 11.866326 11.866326 -0.000000 3.458547 3.386042 0.000000
135 604.355952 291.124424 602.650143 292.077350 614.815098 293.382904 11.278283 10.400572 1.350264 3.354261 3.248504 0.000000
136 492.139728 294.384904 493.272681 293.021611 481.703854 289.280808 11.655838 11.655838 -0.000000 0.454883 0.312741 0.000000
137 458.589256 366.769826 457.090207 368.133308 481.027187 360.241876 23.955874 23.505699 1.570785 2.858474 2.823138 0.000000
138 470.293034 352.186737 470.359271 354.628696 481.193175 360.163454 11.863710 11.542289 -1.539443 3.773343 3.613901 0.000000
139 538.898307 286.935266 539.375937 288.040274 549.837451 291.170145 11.542068 11.024375 1.373305 3.510956 3.432297 0.000000
140 525.675340 369.674581 528.178954 369.862766 549.442557 360.741189 23.523100 22.576451 1.498255 2.782059 2.736359 0.000000
142 539.232744 355.040065 539.200277 355.264337 549.667171 360.637576 11.610127 11.127010 1.538112 3.633971 3.615868 0.000000
173 787.946318 525.052233 793.519083 535.181940 779.966793 536.951065 14.200192 14.200192 -0.000000 5.303119 6.153379 0.000000
