1 752.355664 463.883584 753.848344 462.799941 738.119485 469.344349 15.772054 13.530045 -0.593445 5.916911 5.888897 1 
2 707.972551 467.196604 710.005592 466.499450 692.953292 468.727181 16.001743 14.051521 -0.489482 6.181628 6.153280 1 
3 731.282207 429.235973 728.590074 432.130850 744.786200 425.786938 16.100687 14.281130 -0.726709 2.891530 2.768268 1 
4 738.000000 383.000000 734.097503 389.224478 750.988707 380.214366 16.360519 14.844883 -0.838811 2.930327 2.651568 1 
5 714.002026 420.999839 715.666934 419.674295 698.758873 424.695616 16.357107 14.757452 -0.554265 6.045320 5.994503 1 
6 786.971246 183.141943 787.504252 182.684737 770.712456 184.039309 17.095515 16.097661 1.374055 6.228049 6.202691 1 
7 720.015499 375.400806 721.294135 373.815659 704.194266 378.543624 16.636306 15.484848 -0.689726 6.087092 6.013433 1 
8 294.532291 449.902835 294.931597 452.308685 310.593537 453.929745 15.895627 13.929505 0.619688 3.387251 3.244729 1 
9 661.099958 460.712337 661.370938 459.971033 646.311477 467.754987 16.206730 14.383957 -0.361844 5.838738 5.806124 1 
10 776.838964 278.055840 778.019520 276.656199 762.174512 284.160542 16.806434 15.843236 -1.211610 5.888713 5.840872 1 
11 971.356980 486.008371 973.339798 484.111919 982.310295 473.749002 13.851585 9.857310 -0.980916 2.299989 5.094953 0 
12 1007.148094 381.679108 1006.521891 381.804787 1000.755523 395.451288 14.257150 10.118189 -1.173933 5.146960 5.112185 1 
13 773.513534 331.208716 773.188939 331.060350 756.839889 332.847440 16.585255 15.385057 -0.956077 6.185218 6.174309 1 
14 341.135345 459.285111 341.140275 461.054921 356.705442 456.600788 16.090189 14.304145 0.486688 2.970868 2.862881 1 
15 783.694805 235.841119 782.962655 235.163082 766.791004 234.394348 16.944471 16.049869 -1.493364 0.085380 0.047500 0 
16 993.230791 448.246516 994.009220 447.033815 991.701327 435.170936 14.032460 9.853052 -1.099945 1.454354 1.378649 1 
17 615.818522 463.614221 614.765657 463.684021 598.547901 466.594448 16.356172 14.712266 -0.221478 6.112308 6.105616 0 
18 323.274206 404.914312 319.771063 403.039112 307.804987 409.728939 16.233523 14.596252 0.691811 5.981449 5.773408 0 
19 284.518232 163.802147 283.701604 165.289406 301.256389 165.042248 16.910977 16.910977 -0.000000 3.215546 3.127514 1 
20 725.084384 328.002990 726.451810 327.563353 709.324581 330.489990 16.878889 16.061942 -0.911010 6.126669 6.113944 1 
21 387.091012 459.237964 387.152908 459.737821 404.095779 459.058209 16.271322 14.592665 0.364674 3.131022 3.101502 1 
22 667.718744 419.479827 667.895086 419.175981 651.093071 423.322482 16.587607 15.182912 -0.409565 6.056046 6.041234 1 
23 533.485493 465.625194 532.464684 466.617453 550.031400 465.142087 16.466203 14.853447 -0.083045 3.112403 3.057803 1 
24 987.606363 460.589222 973.339798 484.111919 982.271078 473.668068 13.797199 9.315312 -1.027511 5.099715 2.278285 0 
25 285.008288 266.175596 284.988657 266.381633 302.155676 266.355232 16.983878 16.181375 1.208372 3.152068 3.140055 1 
26 286.684351 312.817285 287.209113 313.083597 303.515828 315.666252 16.768856 15.793227 1.005854 3.309268 3.298668 1 
27 289.938025 369.104442 291.031216 370.996328 305.434479 363.537828 16.510474 15.225148 0.830432 2.796729 2.663780 1 
29 1013.741322 366.319660 1013.828086 366.477649 1009.059919 354.573245 14.339498 10.315171 -1.264192 1.191550 1.189826 0 
30 340.348372 416.761192 340.171240 416.918637 354.888085 411.965834 16.478084 15.004443 0.569833 2.823016 2.816959 0 
31 284.425601 214.516585 283.879099 215.420029 301.361113 215.981617 17.130978 16.455769 1.529031 3.227884 3.173705 1 
33 739.274333 177.555902 738.338336 177.072584 721.755395 179.431756 17.379128 16.790614 1.270482 6.176516 6.141869 0 
34 736.207460 230.979106 735.425816 229.579146 718.199285 230.573486 17.187635 16.748612 -1.460091 0.022520 6.225528 0 
35 1001.904129 401.597457 1003.543617 387.954322 1001.745549 396.125556 6.728265 6.728265 -0.000000 1.541824 4.928986 0 
36 671.538201 371.375334 672.643429 370.951678 655.661821 376.670378 16.871042 15.931271 -0.505440 5.961269 5.958355 1 
37 1022.001620 325.004888 1022.750396 299.820975 1016.674245 312.746104 14.498000 10.741308 -1.342170 1.160843 5.151835 0 
38 387.464367 412.590588 385.509838 413.272600 403.294991 414.168055 16.652351 15.385828 0.418622 3.240911 3.191899 1 
39 712.581973 263.317923 712.000380 264.650123 714.029252 281.024373 16.749352 16.749352 -0.000000 4.630833 4.589111 0 
40 484.558993 462.585985 483.682032 462.871451 501.135587 463.362124 16.444902 14.922073 0.070985 3.188380 3.169698 1 
41 677.041136 326.776914 677.568804 326.555920 660.040080 328.151789 17.122383 16.503748 -0.651300 6.202491 6.192393 1 
45 1021.774324 463.370059 1020.286411 463.877646 1011.509643 472.974874 13.432810 8.853081 -1.046573 5.530985 5.479860 1 
46 367.979888 157.103181 367.960385 157.035755 351.734077 164.481712 17.332373 17.332373 -0.000000 5.856860 5.852970 0 
47 336.722785 365.681780 336.039109 367.299398 353.394936 365.289332 16.755267 15.719050 0.642569 3.118058 3.026291 1 
48 584.912362 421.456523 583.839435 422.949433 602.281366 421.772703 16.751525 15.435745 -0.257767 3.159794 3.077872 0 
49 469.152396 461.706450 468.519379 461.214306 452.360393 461.340522 16.382234 14.779869 0.212615 0.021788 6.275375 0 
51 335.163366 314.604076 335.498625 314.837377 352.277162 316.948868 17.008534 16.308022 0.800568 3.277757 3.266779 0 
52 386.804292 159.142347 385.127172 160.110059 403.836744 164.506637 17.651617 17.651617 -0.000000 3.446704 3.372396 1 
53 1022.365165 284.897388 1023.069851 254.460463 1022.839800 270.133098 14.635561 10.490533 -1.442443 1.602933 4.727066 0 
54 681.317696 273.811500 657.939748 295.037071 662.732327 276.902055 18.922469 17.892044 0.692088 6.118404 1.829162 0 
55 687.969018 172.514443 688.869590 170.977069 670.901742 175.368743 17.609728 17.320915 0.923210 6.117481 6.043467 1 
56 435.666401 415.623285 435.541086 415.836565 452.676918 416.255603 16.765364 15.587448 0.255700 3.178748 3.166042 1 
57 537.017212 426.389078 536.189832 427.006086 552.636716 420.068383 16.854883 15.616315 -0.082504 2.757070 2.742415 1 
58 1013.394402 318.713699 1018.514048 304.876752 1018.828949 313.334620 7.836445 7.836445 0.000000 2.361324 4.675174 0 
59 334.395350 269.357115 334.215389 271.202285 351.608206 267.007666 17.203933 16.756328 1.006990 3.005937 2.904942 1 
60 624.028476 371.671286 623.255623 371.453000 605.882162 374.778348 17.065851 16.140655 -0.300992 6.113607 6.094069 0 
61 333.529248 218.875525 334.627860 219.752269 351.413208 216.044872 17.325900 17.071325 1.392521 2.984616 2.924212 0 
62 1014.811830 449.096331 1022.825081 420.874104 1020.639725 435.351705 13.382824 8.710957 -1.140862 1.971830 4.862205 0 
63 486.653022 424.442605 486.703944 425.020302 502.588279 418.251069 16.810433 15.608030 0.077551 2.771002 2.738742 1 
65 685.941227 223.679497 684.637369 220.997380 667.747226 227.090901 17.388217 17.308382 -1.285318 6.097836 5.936945 1 
66 384.772357 321.189099 385.312733 321.800871 402.538246 318.353386 17.255194 16.664574 0.553248 2.983312 2.944064 0 
67 571.491563 367.204816 572.311344 365.962204 555.229338 372.859265 17.197893 16.356939 -0.118137 5.948557 5.899440 1 
68 435.115243 370.386849 436.359444 370.926710 453.167368 369.088982 17.108960 16.282721 0.274429 3.069821 3.032688 0 
69 1018.307828 304.985513 1013.320549 318.880935 1014.742393 312.287868 7.555322 7.555322 -0.000000 5.166599 1.783201 0 
70 386.439643 365.994438 385.312899 366.498629 402.764788 367.210402 16.964843 16.077704 0.494930 3.215940 3.182355 1 
71 485.660548 373.514607 486.868856 374.120771 504.140559 370.960049 17.179596 16.344131 0.089220 3.004230 2.960595 1 
72 591.103212 325.617746 591.733750 327.193635 609.401654 325.921852 17.365180 16.782480 -0.339219 3.158210 3.069734 1 
73 594.088231 275.199530 594.546012 275.824239 612.711047 275.529141 17.411066 17.411066 -0.000000 3.159290 3.125349 1 
74 657.977810 294.589520 682.029353 273.751994 664.067145 278.150760 17.325320 16.881715 -0.721674 1.925550 6.043022 0 
75 576.088450 325.270323 576.732832 323.863450 557.833184 323.794290 17.536051 16.898936 -0.106504 0.080680 0.003659 1 
76 491.817295 166.658219 491.920027 166.966488 510.982707 166.747351 18.144819 17.724571 0.015376 3.146243 3.130098 1 
77 583.172405 164.497320 583.118370 164.010136 564.998452 168.946799 18.171782 17.722609 0.164914 6.043081 6.017197 1 
78 419.713104 212.087747 421.172537 210.864483 403.026771 216.604540 17.588333 17.459569 0.375869 6.018832 5.976815 1 
79 633.391100 225.059668 634.660017 224.829209 615.747575 224.005576 17.663496 17.663496 -0.000000 0.059673 0.043522 1 
80 472.009597 317.725842 471.148422 317.730208 453.854336 320.049388 17.406426 16.890825 0.271641 6.155895 6.149878 0 
81 542.448304 275.799327 541.805758 276.451363 560.359706 273.161729 17.782447 17.329721 -0.078358 2.995385 2.966115 1 
82 443.532263 152.278741 444.300981 153.241656 457.091336 165.262753 18.044930 17.690457 -0.126822 3.905329 3.895997 0 
83 385.413824 268.730486 384.089865 270.030268 402.598572 268.052809 17.284126 17.284126 -0.000000 3.102178 3.035157 1 
84 604.682518 159.839004 604.282477 159.557362 618.454626 171.840927 17.802384 17.802384 -0.000000 3.858418 3.855725 1 
85 437.813822 222.096085 439.205663 222.176516 455.809052 217.645745 17.749212 17.749212 -0.000000 2.899150 2.875196 0 
86 545.552049 229.025651 546.268879 230.374075 562.772561 221.375108 17.847057 17.847057 -0.000000 2.723515 2.642388 0 
87 487.732043 324.094100 487.724545 324.430436 505.793838 321.834024 17.494166 16.945922 0.059537 3.017109 2.998878 1 
88 489.834834 274.608456 489.407822 276.058711 507.481225 271.172116 17.737409 17.422328 0.110481 2.949266 2.877531 1 
89 440.382994 765.699963 447.585789 760.126046 446.629048 766.100233 6.035540 6.035540 -0.000000 3.205589 4.871187 0 
90 490.787365 213.959041 490.442355 215.331566 509.189460 219.262384 17.992486 17.681248 0.095790 3.422182 3.348274 1 
91 438.237727 264.598336 435.575198 265.498107 454.751925 269.413505 17.663477 17.320721 0.293729 3.425305 3.342999 1 
92 1021.160463 276.932193 1022.500537 262.424262 1025.983063 270.748997 8.422941 8.422941 0.000000 2.233193 4.316177 0 
93 1003.422867 387.842998 1001.629325 402.746977 998.256902 394.075881 8.252768 8.252768 0.000000 5.404460 1.199872 0 
96 1020.975816 238.387282 1021.739918 212.923493 1036.728862 227.312965 19.156830 19.156830 0.000000 2.528859 3.906588 0 
97 314.780190 396.212142 321.958687 405.058818 305.236660 411.893992 18.061353 18.061353 0.000000 5.259087 5.895156 0 
98 72.073862 384.649783 71.186774 385.769609 63.946776 396.070634 16.099428 11.961264 1.145776 5.330858 5.325020 0 
99 63.677188 445.890083 63.673149 447.732009 70.699548 436.189550 15.848107 11.482359 1.052245 2.197393 2.117620 1 
100 40.907795 386.449989 39.946397 385.015189 31.732563 394.380515 15.715616 11.101399 1.174680 5.570424 5.432377 1 
101 26.860905 436.567810 28.852846 440.150982 38.666217 433.594975 15.436775 10.755961 1.090918 2.894900 2.552620 1 
102 66.790611 345.192361 66.972900 342.250056 58.022167 354.477377 16.343660 12.311025 1.244380 5.469181 5.344288 1 
104 0.235442 427.013473 0.273260 427.989305 9.124054 431.055347 14.934830 9.814275 1.130238 3.568369 3.475070 0 
106 64.172181 391.074093 67.482008 401.421559 61.793897 397.426080 7.017440 7.017440 -0.000000 5.070647 0.612353 0 
107 31.094458 369.305148 30.677259 368.494063 25.521480 353.639333 16.021395 11.141897 1.316765 1.229016 3.724733 0 
110 57.511094 360.277534 55.406784 347.857110 60.042179 353.536406 7.250278 7.250278 0.000000 1.929978 4.027853 0 
112 63.338218 303.874382 63.881117 301.010239 52.929858 311.695551 16.574038 12.558777 1.335469 5.638769 5.510078 1 
114 -1.074189 377.498440 11.609778 404.087434 -6.080009 395.523474 19.138673 19.138673 -0.000000 4.983277 0.450862 0 
115 5.951585 426.633239 13.562293 433.625764 6.363963 431.238673 6.230297 6.230297 0.000000 4.623086 0.320205 0 
116 14.302557 346.712505 30.677259 368.494063 25.726886 353.659758 15.921284 11.424737 1.264402 3.687954 1.248706 0 
121 3.132290 341.965918 -0.456708 368.087375 -0.828738 354.664627 13.319176 7.517512 1.491113 5.014749 1.543087 0 
122 20.209068 328.350241 20.992548 328.571609 20.431201 312.002196 16.177364 11.616674 1.363342 1.584383 1.536931 1 
123 36.688644 273.089306 36.557981 275.009905 48.770712 268.030941 16.713501 12.696944 1.443545 2.745098 2.622430 1 
124 53.384949 317.438867 54.178849 304.136057 54.481635 311.082132 6.952673 6.952673 -0.000000 1.741638 4.668826 0 
126 -0.130408 301.020374 0.998608 324.999977 -24.532961 314.523662 26.164401 26.164401 0.000000 5.777770 0.389378 0 
127 14.819788 287.367441 21.569724 286.783531 16.172231 269.409495 16.278052 11.809214 1.435669 1.645966 1.269585 0 
130 0.433984 230.869734 1.424519 232.909502 12.857625 226.294876 16.317286 11.870788 1.522820 2.788763 2.617094 1 
132 51.087504 207.156087 49.415299 206.471704 45.567969 223.689050 16.831577 12.816251 1.536614 5.034605 4.932234 0 
133 53.402056 167.782926 52.889003 167.514523 43.600257 178.974192 17.035871 12.807052 -1.491368 5.431697 5.393536 1 
139 6.531406 199.942552 8.175839 198.928019 10.849128 182.803804 16.510880 11.710333 -1.508256 1.817588 1.735095 1 
183 677.266533 213.570326 685.130381 223.998387 666.598961 229.158425 19.156228 19.156228 0.000000 5.312528 6.011616 0 
