1 817.240403 394.635382 817.722320 394.483182 801.606280 396.762033 20.132447 15.138017 -1.445116 6.147989 6.142714 0 
2 820.748624 330.724515 817.980864 328.946184 802.765600 336.927154 20.177413 15.354126 -1.549959 5.951046 5.800101 1 
3 814.264522 448.508450 815.609548 447.718021 799.385921 455.627387 20.006929 14.859996 -1.330589 5.836911 5.829570 1 
4 816.243538 268.199608 816.676779 267.886439 802.593426 277.212602 20.167022 15.301668 1.460955 5.699612 5.698273 1 
5 785.723318 222.724744 786.110287 224.029861 801.044882 218.139646 19.993878 15.022971 1.341093 2.850817 2.765923 1 
6 810.867659 507.706717 812.342883 506.782397 795.766826 512.971677 19.684542 14.419265 -1.195683 5.947710 5.925830 1 
7 769.339565 207.938574 769.324066 206.935022 753.269206 213.326659 20.768514 16.520454 1.308564 5.959683 5.904307 1 
8 772.759303 273.588847 772.203898 272.252319 754.566337 274.688279 20.914347 16.829275 1.446286 6.222827 6.145941 1 
9 772.139839 395.446093 771.457395 394.328515 753.852587 398.982453 20.944101 16.783764 -1.432414 6.092165 6.024741 1 
10 813.979576 168.986831 813.148366 168.258823 798.394977 160.441937 19.730396 14.627582 1.219427 0.501530 0.487231 0 
11 772.217712 336.942625 772.825909 336.935005 754.753760 336.846117 21.041889 16.916841 1.563587 0.005526 0.004918 1 
12 737.831836 163.416590 737.517125 164.130389 750.809537 153.503977 20.503269 15.990406 1.177405 2.489306 2.467197 1 
13 769.338945 455.627358 769.033464 455.177002 751.846439 460.123958 20.772063 16.409925 -1.274599 6.031574 6.002930 0 
14 715.549318 138.463639 715.002343 137.734190 698.882464 146.719453 21.199159 17.436135 1.115637 5.823270 5.774676 1 
15 765.098619 516.973757 766.401635 516.736242 748.466134 519.568384 20.417387 15.859583 -1.160844 6.128435 6.126571 1 
16 718.147558 201.597880 717.931684 200.885423 700.979821 208.576834 21.536275 18.039997 1.265017 5.897075 5.857242 1 
17 720.377909 397.655036 719.834849 397.349717 701.244408 401.243759 21.732660 18.412074 -1.405676 6.097777 6.076706 0 
18 662.172745 137.472131 661.564906 135.995457 642.273032 140.391583 21.903071 18.869552 1.009817 6.137516 6.059137 1 
19 717.134212 258.193155 717.000000 258.000000 702.027353 272.276010 21.746905 18.455760 1.435476 5.532854 5.521600 0 
20 717.284179 322.926124 716.666927 322.456161 702.073067 336.790618 21.800668 18.477212 1.565073 5.544068 5.506754 0 
21 1022.465961 444.255124 1013.893686 452.443923 1013.236295 444.875998 8.310501 8.310501 0.000000 6.216017 1.484148 0 
22 207.639698 350.015598 206.410937 351.015401 230.133134 340.995183 25.254625 24.076816 -1.504593 2.760204 2.741928 1 
23 1016.881224 378.182256 1021.735303 375.194693 1021.444202 384.044126 7.110073 7.110073 0.000000 4.050948 4.745272 0 
24 210.728125 401.792788 209.896709 401.988526 231.769817 415.491370 25.007180 23.889091 1.342405 3.718685 3.694655 0 
25 718.046339 459.341072 719.228267 458.059544 699.592430 464.613313 21.488507 17.957322 -1.233349 6.004901 5.961046 1 
26 714.060572 516.841475 714.979675 515.998323 696.784404 526.039714 21.131225 17.233445 -1.093767 5.793937 5.778909 1 
27 212.812478 114.911144 213.159696 116.367009 236.364038 122.033593 24.375590 22.370435 -0.666411 3.435268 3.381109 1 
28 210.296155 485.155292 210.651151 485.807668 235.219530 488.371522 24.461789 23.354950 0.979908 3.269928 3.245572 0 
29 254.429013 268.112312 256.063446 266.558811 230.398165 266.243861 25.183206 23.921394 -1.226504 0.077596 0.012271 1 
30 215.702860 553.907832 215.996649 555.526100 240.292709 558.247864 23.846001 22.327626 0.658766 3.316290 3.253152 1 
31 294.895394 102.592095 294.049420 102.174294 307.222417 121.736177 24.116758 22.835770 -0.422593 4.140308 4.119738 1 
32 569.991676 113.476803 570.577393 115.124174 581.373341 134.573510 22.542112 20.241833 0.885016 4.217643 4.205654 0 
33 208.867359 188.008307 208.879042 188.046788 232.472114 192.817608 24.822602 23.368244 -0.939793 3.342585 3.341115 1 
34 657.319139 187.854599 656.632999 188.354299 643.900121 204.216003 22.287099 19.626946 1.200249 5.399304 5.388800 0 
38 356.464611 117.726106 352.518049 120.690457 378.428386 122.949591 23.794357 22.896876 -0.034355 3.375078 3.228563 1 
39 1022.041020 406.130156 1016.787388 376.938166 1019.423211 391.932744 15.426941 8.060924 -1.487413 1.388458 4.538382 0 
40 1021.630408 398.266828 1021.024914 384.691692 1021.804176 392.101638 7.544097 7.544097 -0.000000 1.598974 4.607610 0 
41 1013.247033 356.046232 1021.209248 329.175166 1032.507665 344.949961 19.770949 19.770949 0.000000 2.618924 4.090852 0 
42 1014.603360 453.068976 1015.126603 422.900668 1029.946837 439.831217 21.869159 21.869159 0.000000 2.429736 3.993358 0 
43 280.751312 196.081762 279.358425 196.328693 304.411219 192.202990 24.582838 23.881054 -0.778106 2.979099 2.978377 1 
44 496.908818 115.780415 496.570354 115.886071 516.529578 129.615216 22.984626 21.446695 0.736944 3.755740 3.744124 1 
45 285.698710 555.275890 285.928010 555.711566 310.135945 556.365435 23.671195 22.755635 0.299917 3.186149 3.168597 0 
46 429.407293 112.210318 427.089180 113.122791 448.601180 125.639291 23.449071 22.386353 0.457356 3.752083 3.668551 1 
47 279.451585 255.425942 279.957044 255.993751 302.834365 265.358416 25.038085 24.342619 -1.207833 3.543275 3.530127 0 
48 661.875401 323.773652 660.698509 323.220448 644.790687 336.911833 22.576279 20.090440 -1.569943 5.627633 5.572529 0 
49 1017.852605 429.577327 1016.358674 446.223964 1011.282079 436.251116 10.034820 10.034820 0.000000 5.489991 1.099942 0 
50 1019.807924 466.018717 1009.462333 499.446472 1000.170134 479.525286 21.134580 21.134580 0.000000 5.680705 1.134349 0 
51 1022.123157 270.143374 1017.471576 238.283145 1019.908722 254.942244 15.332942 7.556460 1.465386 1.426138 4.567124 0 
52 278.693771 417.401277 279.673728 417.643315 303.843651 414.029836 24.584204 24.584204 -0.000000 3.008333 2.993189 0 
53 657.008166 251.450493 656.398884 252.288533 644.698203 270.053845 22.486874 20.036666 1.433870 5.296950 5.294804 0 
54 1015.904882 475.390417 1011.379916 490.140890 1007.104241 480.824922 10.164777 10.164777 0.000000 5.729988 1.140515 0 
55 603.869975 193.906526 603.279260 192.915334 582.423551 200.213379 22.930623 21.017432 1.115596 5.997173 5.946573 0 
56 659.423059 526.905912 661.401039 524.866445 640.781384 532.481033 21.801182 18.718902 -1.022741 5.992584 5.929432 1 
57 360.218917 173.666646 360.371845 174.237313 376.646198 192.757801 24.169393 24.008052 -0.123568 4.001850 3.991455 0 
58 1006.259209 494.619604 1010.002549 467.000837 1029.355844 485.885149 25.068482 25.068482 0.000000 2.780046 3.914726 0 
59 1015.355858 445.064929 1017.533701 428.491743 1021.827953 438.215593 9.704985 9.704985 -0.000000 2.327884 4.296525 0 
60 1021.237874 224.833195 1023.389079 200.710719 1017.906944 209.912864 15.232236 7.752024 1.412284 1.351150 5.249674 0 
61 663.069808 391.998031 662.491330 392.316420 644.055188 403.566922 22.500735 19.876768 -1.370185 5.736597 5.735269 0 
62 1022.205137 315.908513 1021.736016 282.948689 1021.063373 300.289746 15.404597 7.887571 1.538311 1.497824 4.751159 0 
63 1017.710884 351.986665 1020.396425 337.219733 1027.337741 345.598328 10.487105 10.487105 0.000000 2.555719 4.020535 0 
64 281.534277 489.141318 282.506407 489.773316 306.402264 486.631850 24.261617 23.818994 0.787076 3.041022 3.010877 0 
65 507.593141 175.262804 506.019674 174.534819 516.793252 196.848869 23.462728 22.262713 0.995223 4.309497 4.262583 1 
66 277.694638 343.134784 278.465628 343.629640 302.687666 339.840021 25.141265 24.471451 -1.468159 3.010521 2.986397 0 
67 353.021069 327.090736 352.003574 327.002529 375.544230 338.844114 24.918315 24.354111 -1.458944 3.622555 3.607659 0 
68 471.294375 201.073535 471.648600 201.030833 447.854681 194.327323 23.880961 23.310841 0.852312 0.280237 0.274614 1 
69 351.193614 262.737600 350.104191 263.054317 375.691862 265.140833 24.727681 24.355360 -1.323489 3.239378 3.222956 1 
70 663.258771 466.513780 664.003388 465.001149 642.806423 469.087926 22.243233 19.380755 -1.179249 6.157983 6.092722 1 
71 1009.170875 487.995602 1013.140125 473.070494 1019.719753 483.115376 11.159423 11.159423 0.000000 2.708286 4.132491 0 
72 593.975555 250.025274 593.860983 246.087605 582.898777 268.134577 23.190467 21.479439 1.381508 5.261340 5.173810 1 
73 357.030052 561.150913 357.592100 564.000713 380.338532 553.244990 23.484464 22.641933 -0.189032 2.814583 2.699897 1 
74 423.994660 259.975392 422.046163 261.033478 447.421140 265.635979 24.339849 23.759388 1.439308 3.378680 3.321022 1 
75 538.833512 261.336236 540.003716 260.865859 516.883441 266.618540 23.904971 22.678801 1.356484 6.047025 6.039322 1 
76 424.853456 344.369155 423.097308 348.010813 447.359798 338.114714 24.526219 23.772835 -1.501040 2.870535 2.754315 1 
77 353.130682 485.843342 352.907827 487.680643 377.939029 484.225893 23.914205 23.914205 -0.000000 3.076487 3.004441 1 
78 351.531054 406.670672 352.218856 406.974373 376.280787 412.330910 24.645624 24.197681 -1.380918 3.366425 3.360635 0 
79 603.462616 395.982389 601.885391 396.046319 582.431210 405.904140 23.182348 21.390926 -1.336090 5.842385 5.814176 0 
80 603.000692 325.992906 602.140025 324.329220 582.890442 337.083401 23.298958 21.625147 -1.553523 5.779203 5.698025 1 
81 493.339310 339.505035 493.491470 340.109461 516.787611 337.507909 24.000193 22.752663 -1.530944 3.056626 3.030380 1 
82 560.738482 546.469040 559.362101 547.174993 580.591012 538.601003 22.419729 20.006987 -0.917433 2.764259 2.757744 1 
83 1020.599619 307.793810 1023.012550 295.878953 1025.154623 299.965275 8.444001 8.444001 -0.000000 2.097761 4.229565 0 
84 424.515472 479.704894 424.262597 480.119765 448.421911 481.089985 23.854932 23.013862 -0.920137 3.199466 3.181730 1 
85 469.195634 403.292784 471.367988 400.954002 447.667292 410.373601 23.941362 23.941362 -0.000000 5.965424 5.904888 1 
86 494.172365 542.578121 494.896103 542.848518 516.575695 544.238291 22.901280 21.162695 -0.798439 3.215561 3.205610 0 
87 463.393735 567.589136 463.435968 567.484129 449.552170 549.159387 23.272620 22.045059 -0.551702 0.926627 0.922415 1 
88 560.052239 467.877136 559.326237 470.225527 581.711944 473.388526 22.902823 20.849436 -1.091596 3.390759 3.281959 1 
89 494.828909 413.448755 493.016299 414.228639 516.686001 408.211391 23.817552 22.530544 -1.280203 2.906408 2.892649 1 
90 507.807307 455.796042 508.068761 457.145335 516.643677 477.469106 23.442575 21.988195 -1.001512 4.325252 4.313134 1 
91 1021.039564 262.079876 1018.365675 247.130227 1025.323316 254.543955 9.307769 9.307769 -0.000000 2.087690 3.958716 0 
106 1022.217092 543.724074 1002.583439 549.610628 890.418377 133.144417 431.182802 431.182802 -0.000000 1.260181 1.307713 0 
126 513.053352 646.540524 456.016808 652.170281 406.416552 -137.903540 791.328024 791.328024 -0.000000 1.435685 1.508099 0 
