1 788.367784 486.206163 788.985971 485.149692 773.254725 497.518515 20.070648 16.490878 -1.249530 5.640635 5.616880 1 
2 806.290337 496.252577 805.183335 499.045406 821.689595 493.663767 19.433368 15.145840 -1.294575 2.975037 2.826424 1 
3 822.440236 456.245198 822.721697 456.437395 823.852738 436.267475 19.594281 15.444945 -1.442304 1.641383 1.626813 1 
4 790.850769 426.010154 789.448832 426.388743 775.275503 438.295684 20.262339 16.829525 -1.417561 5.615321 5.584470 0 
5 816.382957 501.810342 816.341695 501.882937 821.853403 493.702804 9.644407 7.444537 -1.319267 2.164364 2.163716 1 
6 855.076946 387.088644 856.428125 386.266708 869.081951 378.010862 19.020952 14.184371 -1.563241 2.566497 2.563505 0 
7 851.376475 497.180007 852.272116 496.924765 866.060030 489.612648 18.785917 13.864579 -1.328444 2.665730 2.653978 0 
8 835.167759 363.492764 835.576682 361.814459 824.579579 378.129121 19.682409 15.582534 1.569863 5.338658 5.305494 1 
9 854.320050 438.289126 853.261800 438.822214 868.320385 434.182875 18.934141 14.082011 -1.451539 2.856297 2.842734 1 
10 836.889268 307.187689 835.504235 307.556059 823.964506 319.961378 19.618812 15.448464 1.451677 5.503666 5.461654 0 
11 821.907739 310.149045 821.632266 310.130084 824.076804 319.889650 9.621805 7.600536 1.453775 4.493281 4.466962 1 
12 819.459280 427.571004 819.749431 428.609216 824.070533 436.308255 9.704868 7.638494 -1.442357 4.226773 4.200948 1 
13 871.339690 425.569060 869.757784 423.213211 868.491719 434.224965 9.393847 6.895109 -1.440436 5.030253 4.826860 1 
14 737.343515 491.135320 738.347404 488.000397 720.834221 501.227855 20.645700 17.856396 -1.223441 5.734481 5.636310 1 
16 776.543856 427.643692 773.720002 427.687939 775.407670 438.326946 10.054361 8.285466 -1.419003 4.818343 4.555070 0 
17 865.365534 499.292043 867.544763 478.622236 868.746070 490.407955 9.828759 9.828759 0.000000 1.934394 4.610811 0 
18 778.923450 503.856237 779.357698 504.115288 773.407435 497.561950 9.983312 8.105776 -1.270701 0.851201 0.833593 0 
19 729.084014 506.007470 726.452241 501.948398 720.961327 501.301583 10.235430 8.835986 -1.252745 0.525098 0.117257 1 
20 808.621278 271.414073 808.695407 272.177062 822.181070 262.502691 19.456740 15.199233 1.315359 2.560178 2.519296 1 
21 859.091131 334.865815 859.563972 339.141487 868.427109 321.824355 18.914650 14.122718 1.458681 2.192093 2.043850 1 
22 865.036020 370.292666 864.580843 370.186172 869.258094 377.949756 9.336330 6.976520 -1.563421 4.208476 4.170162 0 
23 815.476545 257.096672 815.211127 256.973775 822.430705 262.430988 9.536027 7.470758 1.317018 3.795928 3.788853 0 
24 784.505558 380.924448 785.180607 380.321419 776.006286 378.128612 9.976577 8.349247 1.542145 0.317800 0.234614 1 
25 867.412426 480.021328 867.544763 478.622236 866.431562 489.693646 9.258370 6.619365 -1.327951 4.813453 1.630869 0 
26 791.474811 309.282873 790.511941 307.916168 775.451897 318.075534 20.289034 16.862424 1.427763 5.781298 5.689717 1 
27 793.650003 374.388413 792.746449 374.428589 775.842189 378.172470 20.350671 16.962648 1.560862 6.073805 6.065228 0 
28 872.061756 316.888677 870.214774 311.614675 868.519580 321.790109 9.279694 6.965197 1.461256 5.338176 4.877470 1 
29 741.696351 436.590009 741.714603 436.175074 722.591754 440.210962 20.878843 18.238158 -1.390230 6.095874 6.075187 1 
30 808.812050 218.897010 809.077401 219.749664 819.105846 206.385917 19.196382 14.836020 1.210646 2.259270 2.214567 1 
31 787.420342 246.665218 786.656953 247.121971 773.891649 258.734246 20.107517 16.582486 1.295012 5.554749 5.545051 0 
32 782.454270 260.904127 783.963870 259.974397 774.101440 258.659543 9.886465 8.152086 1.317797 0.262520 0.132538 1 
33 739.479641 366.064490 738.814940 366.338059 723.129606 378.282679 20.960577 18.317966 1.528898 5.641422 5.632355 0 
34 672.889598 509.980231 673.274130 510.000767 664.630612 504.689290 10.531353 9.403188 -1.205221 0.569759 0.551016 1 
35 784.935062 191.885892 784.885528 190.785482 771.147935 200.865217 19.852110 16.110213 1.160779 5.705908 5.650176 1 
36 857.157815 279.257918 857.088950 280.659643 866.448200 266.300876 18.780959 13.870829 1.351143 2.192850 2.148446 1 
37 684.431680 500.591044 684.666733 500.422896 664.507969 504.616547 21.209836 19.111690 -1.175577 6.083823 6.078080 1 
38 753.002794 153.215392 754.570526 154.812260 767.403527 145.168829 19.500837 15.381618 1.025668 2.632048 2.497161 1 
39 759.135933 142.469195 758.989787 142.636999 767.577800 145.025507 9.587647 7.536487 1.026735 3.435629 3.412858 0 
40 771.936991 307.590489 771.837733 307.886963 775.672851 317.997479 9.975110 8.268537 1.435841 4.367740 4.349837 1 
41 780.105291 202.963271 778.796398 201.026094 771.322854 200.729633 9.713425 7.931688 1.154761 0.249050 0.039647 1 
42 824.360779 202.566097 825.117978 201.915422 819.301133 206.244107 9.469453 7.322344 1.238287 5.654613 4.134376 0 
43 850.835575 220.120339 852.065787 219.490225 863.178336 211.953609 18.634851 13.505830 1.240144 2.557063 2.545643 0 
44 724.646922 142.457915 725.020530 142.153904 716.239315 138.243804 9.887899 8.073728 0.936035 0.464628 0.418922 0 
45 798.064143 150.961114 799.330899 153.148414 814.937157 152.143105 18.911203 14.244640 1.090140 3.211531 3.077265 1 
46 729.050671 195.565812 728.132048 194.989515 719.453452 195.423228 10.042246 8.496070 1.089814 0.014856 6.233252 1 
47 860.954179 259.513585 860.545800 259.037704 866.629851 266.228526 9.217996 6.860435 1.379564 4.010670 4.010172 0 
48 732.056683 381.998190 732.713024 381.752055 723.290350 378.176797 10.316220 9.044860 1.509431 0.411081 0.362650 1 
49 731.678837 443.021344 730.838672 442.195733 722.774595 440.245492 10.384335 8.978134 -1.392227 0.302197 0.237287 1 
50 729.677273 128.364705 729.083399 125.972674 716.092048 138.412363 20.039890 16.473341 0.937510 5.646372 5.519476 1 
51 814.153622 198.211532 825.117978 201.915422 817.787790 204.536615 7.576638 7.576638 0.000000 4.190882 5.939766 0 
52 734.541938 186.490494 735.192212 185.975102 719.232952 195.608563 20.418916 17.333303 1.092017 5.746006 5.740102 1 
53 860.595203 201.948972 859.830065 201.905425 863.374342 211.816617 9.163262 6.665268 1.248257 4.437859 4.368957 0 
54 807.663485 149.168532 806.546667 148.772091 815.129045 152.055483 9.289373 7.029594 1.082308 3.510583 3.506987 0 
55 742.076792 314.454426 741.665477 313.350073 722.736734 316.271503 20.905469 18.247490 1.414173 6.189506 6.130055 1 
56 326.902356 528.858510 326.426481 530.278718 341.941082 512.842758 22.781795 22.063049 0.634895 2.324743 2.297950 1 
57 667.106563 114.492320 665.670717 112.329729 661.165048 132.111171 20.521358 17.709183 0.833446 5.037638 4.936341 1 
59 736.986236 244.770010 737.119056 243.944472 721.488762 255.119755 20.663235 17.892148 1.238937 5.694375 5.662479 0 
60 626.128669 501.613064 625.272582 500.112850 604.492217 507.597031 21.678835 20.419815 -1.025577 6.013361 5.937491 1 
61 681.524136 363.856949 682.189236 362.952720 666.412022 378.241041 21.531908 19.654349 1.543201 5.522464 5.513523 1 
62 856.285510 139.964556 855.765988 138.951854 858.684663 159.343675 18.352857 13.125976 1.149166 4.589215 4.570225 0 
63 858.339009 150.321304 857.983263 150.665960 858.822649 159.306617 8.981406 6.510769 1.150684 4.658615 4.615549 1 
64 665.301364 123.917261 665.237532 123.923998 661.298086 131.930249 10.112779 8.717008 0.852641 5.175715 5.169653 1 
65 329.739999 440.908263 330.284415 441.158674 340.775132 445.570512 11.293595 11.293595 -0.000000 3.541337 3.539685 1 
66 685.150398 439.970333 686.403957 438.851818 665.910106 441.905441 21.446536 19.533955 -1.342787 6.182947 6.135272 1 
67 676.219321 381.054473 676.470203 380.296768 666.607495 378.160532 10.630347 9.714411 1.510227 0.292448 0.213302 1 
68 352.991836 516.110490 351.835142 515.258933 341.976256 512.913715 11.257921 10.905654 0.966850 0.282446 0.233538 1 
69 714.234617 312.657920 713.722955 312.912878 722.847025 316.173820 10.288866 8.980080 1.417756 3.529179 3.484845 0 
70 612.317114 515.780255 612.039768 514.281203 604.690318 507.634509 10.773855 10.089123 -1.147731 0.818288 0.735230 1 
71 730.958823 252.822457 729.860537 252.670956 721.635968 255.047356 10.171776 8.809376 1.241949 6.048917 6.001907 1 
72 339.616504 95.773387 338.880436 95.435919 348.986328 114.132494 21.977230 20.069847 -0.278963 4.240485 4.216852 1 
73 606.320230 117.568611 605.589380 116.396026 602.935869 126.326328 10.344003 9.145242 0.676571 5.081154 4.973502 1 
74 672.720524 450.906649 672.255875 450.169864 666.069499 441.955238 10.679211 9.591249 -1.357404 0.931781 0.925319 1 
75 674.571737 174.898783 673.781187 173.135939 663.488855 190.635449 21.015260 18.524711 0.975272 5.325976 5.244050 1 
76 496.169121 503.239259 497.593054 502.004658 475.953915 511.700462 22.415053 21.944546 -0.514079 5.886785 5.861939 1 
77 612.051054 145.944831 611.879248 145.523280 602.738145 126.546332 21.021663 18.683914 0.673223 1.123208 1.121900 0 
78 318.887340 455.017515 321.711413 456.069674 340.717185 445.489510 23.039414 22.567154 1.038608 2.730050 2.633634 0 
79 562.904273 502.717721 562.531624 501.995407 541.397535 509.975601 22.119058 21.291148 -0.829805 5.957716 5.922139 1 
81 419.709946 517.052215 420.335781 517.280460 409.235051 512.774581 11.100269 11.100269 -0.000000 0.387701 0.385589 1 
82 388.908951 524.895864 388.354339 525.874671 409.121119 512.702259 22.622025 22.236790 0.121481 2.598765 2.576332 1 
83 353.179119 104.034037 353.052995 104.077369 349.015819 113.880339 10.756714 9.955382 -0.307789 5.112419 5.103053 0 
84 674.219416 190.531280 672.510714 189.892129 663.617702 190.534041 10.284622 9.114243 0.941588 6.282925 6.211129 1 
85 678.762764 238.248670 679.260348 234.915141 665.222148 251.709210 21.249093 19.172529 1.148295 5.500753 5.408641 1 
86 411.320444 94.866060 411.096949 94.563201 413.815235 115.406236 21.890586 20.205960 -0.013851 4.591522 4.582704 1 
87 685.870649 305.076051 683.131079 302.609597 666.144355 314.477438 21.470421 19.553783 1.378325 5.838439 5.673363 1 
88 531.574750 505.024654 531.718889 506.050143 541.548965 510.035569 10.755731 10.755731 -0.000000 3.607148 3.526773 1 
89 486.650802 515.070860 487.019233 515.077883 476.110734 511.784871 11.059632 10.872335 -0.836812 0.302212 0.293177 0 
90 430.728176 452.930039 431.180365 453.066418 408.425938 445.628810 22.829707 22.829707 -0.000000 0.316380 0.315917 0 
91 614.403383 188.425187 614.863575 188.349306 604.374659 186.038053 10.534367 9.635613 0.831010 0.233681 0.216886 0 
92 588.335838 458.657590 590.081589 460.968396 605.366956 443.384779 21.929380 20.792445 -1.254760 2.410571 2.286387 1 
93 613.283316 451.477734 613.309087 450.791179 605.580219 443.444699 10.941332 10.200152 -1.312876 0.806362 0.760038 1 
94 548.920610 102.602717 547.556040 102.638053 541.587866 121.771394 21.388354 19.466383 0.476923 5.077752 5.014750 1 
95 408.995715 124.762606 409.674120 124.902395 413.903479 115.181995 10.730733 10.009573 -0.028695 2.044204 1.981192 1 
96 545.165592 112.420755 545.124979 111.942603 541.770495 121.564165 10.518228 9.555845 0.483969 5.067926 5.047854 1 
97 618.450452 172.689392 618.596815 170.759307 604.153766 186.211086 21.473728 19.566175 0.825022 5.525639 5.464057 1 
98 677.239829 315.379568 675.736650 313.824315 666.254395 314.413423 10.558047 9.667593 1.399794 0.087722 6.221138 1 
99 596.676571 372.852166 595.538234 372.273175 606.007509 378.031290 10.917617 10.280094 1.562895 3.648304 3.644437 1 
100 317.721207 313.156921 318.560245 313.106737 341.263985 308.634462 22.842711 22.842711 -0.000000 2.951809 2.947099 0 
101 321.810549 392.179772 323.260768 394.909283 340.475421 377.068432 23.153278 22.778421 1.460867 2.461017 2.338333 1 
102 563.791835 439.618359 564.225149 439.225051 541.783289 444.515049 22.364086 21.803592 -1.220071 6.064261 6.051691 1 
103 461.798893 105.123296 458.658068 105.310669 478.341521 118.040153 21.676502 19.956659 0.262431 3.804530 3.715652 1 
104 549.462510 453.373409 549.549202 452.449779 541.977182 444.569305 11.135913 10.714233 -1.305920 0.866181 0.805357 1 
105 656.518895 247.216379 655.910702 246.939396 665.409103 251.583977 10.466083 9.493466 1.173916 3.598241 3.596390 0 
106 621.704967 297.569854 621.430976 297.657170 605.743584 312.887972 21.993491 20.831894 1.272220 5.518349 5.512554 1 
107 419.759265 445.642487 419.967614 445.536781 408.525009 445.682701 11.380837 11.191259 1.478368 6.279606 6.270434 1 
108 496.255283 435.511803 497.092589 434.939996 475.798834 445.250256 22.586640 22.586640 -0.000000 5.838874 5.832264 1 
109 482.810919 109.102900 483.028363 108.597525 478.489282 117.780948 10.646434 9.817268 0.276996 5.174432 5.171441 0 
110 323.742103 172.204099 323.142946 173.075253 345.646597 176.216961 22.400936 21.343959 -0.392871 3.322782 3.280305 1 
111 617.923233 232.567892 617.308260 228.840667 605.202693 248.606858 21.758712 20.447409 1.040351 5.382910 5.261904 1 
112 454.910539 317.164673 453.848430 317.914431 476.266997 310.196888 22.715513 22.461609 1.050348 2.826220 2.810051 1 
113 541.505919 160.517337 541.127427 160.668055 542.000639 182.433822 21.832936 20.466240 0.637175 4.689820 4.672292 1 
114 321.268260 246.484977 319.889279 247.158757 343.013953 241.311709 22.736885 22.163612 -0.668480 2.908036 2.893934 1 
115 585.003125 386.048827 584.989468 386.116925 605.750829 378.126040 22.064757 20.955621 -1.570712 2.776818 2.774178 0 
116 334.489333 172.910789 335.451324 173.180601 345.650575 175.915136 11.005600 10.442423 -0.436145 3.404537 3.403543 1 
117 616.893066 316.260157 615.909305 315.617237 605.979617 312.752809 10.836522 10.260429 1.294212 0.310953 0.280846 1 
118 428.810294 370.024902 431.227190 367.947129 408.364549 377.433895 23.039333 22.872146 1.413861 5.935530 5.889861 1 
119 552.914144 382.072902 552.528117 381.810789 542.279223 377.906565 10.979136 10.979136 -0.000000 0.373383 0.363969 1 
120 349.638827 386.704403 348.607218 385.041899 340.519530 376.968216 11.443903 11.153774 -1.552310 0.818103 0.784532 1 
121 534.621707 189.472791 535.019608 189.982821 542.158749 182.208608 10.415016 10.415016 -0.000000 2.374627 2.313636 1 
122 337.516853 230.332342 337.151739 232.363546 343.074174 241.201487 11.213587 10.856351 -0.740950 4.239748 4.122003 1 
123 428.242329 162.809526 429.100340 161.750842 411.744345 177.296600 22.324050 21.404255 -0.019915 5.562596 5.552751 0 
124 332.636059 300.507107 332.866923 301.105076 341.303831 308.510827 11.258169 11.258169 -0.000000 3.887180 3.861995 1 
125 451.726578 380.555190 452.793483 381.759327 475.921538 377.779864 22.719895 22.719895 -0.000000 3.027385 2.971199 1 
126 561.720857 369.407475 563.292724 367.997301 542.064201 377.987053 22.226894 22.226894 -0.000000 5.871638 5.843348 1 
127 401.601824 173.807991 400.864490 173.904680 411.817555 177.082133 10.776030 10.776030 -0.000000 3.451749 3.423940 0 
128 467.609974 174.899264 467.328620 175.209010 477.669473 179.203464 10.857856 10.436641 0.393372 3.545895 3.510215 1 
129 616.208239 249.322541 615.169351 249.024101 605.387333 248.473551 10.420985 10.420985 -0.000000 0.078298 0.056223 1 
130 397.523784 374.708381 397.097168 374.819726 408.465776 377.384074 11.371160 11.254955 -1.516343 3.381421 3.363444 0 
131 487.727025 444.150930 485.950437 443.731602 475.969223 445.321772 11.278270 11.064295 -1.387936 6.183932 6.125197 1 
132 521.504536 255.679928 522.518570 257.931615 542.163936 245.926472 22.165835 21.313122 0.847125 2.700507 2.593057 1 
133 464.322381 160.215994 463.411718 161.362378 477.522508 179.400469 22.116582 21.128301 0.353737 4.109719 4.048548 1 
134 421.631954 245.250721 421.519772 243.427206 410.181257 242.076149 11.129770 10.994502 -0.311944 0.270446 0.118597 1 
135 419.564930 314.983831 419.321175 313.563393 409.016826 309.144668 11.282518 11.282518 -0.000000 0.505584 0.405103 1 
136 562.255888 303.015785 562.802528 299.965974 542.182636 311.425895 22.379904 21.794199 1.191155 5.886432 5.775923 1 
137 550.943918 318.676966 550.828176 318.488358 542.360666 311.332062 10.899956 10.899956 -0.000000 0.707808 0.701670 1 
138 486.623542 382.987416 486.016918 382.505855 476.077972 377.666554 11.283705 11.097750 1.478371 0.467288 0.453115 1 
139 433.150884 236.861889 432.394828 236.799248 410.091333 242.200698 22.462390 22.462390 -0.000000 6.055671 6.045581 0 
140 486.093753 221.746805 483.918592 222.821646 476.837459 243.743801 22.453300 21.974400 0.557213 5.110695 5.038739 1 
141 386.718693 318.152348 387.001893 319.999962 408.927097 309.270507 22.846238 22.799636 1.387345 2.761145 2.686488 1 
142 553.767893 244.803676 552.490899 244.054257 542.346300 245.787499 10.727519 10.727519 -0.000000 6.197260 6.113966 1 
143 464.755831 307.800168 465.699815 308.123689 476.398754 310.114956 11.200449 11.061472 1.244731 3.337849 3.325605 1 
144 488.612372 243.650238 488.049756 243.525282 476.977396 243.630336 10.982568 10.982568 -0.000000 0.001711 6.273698 1 
158 676.849618 297.135857 684.243491 306.143991 662.811787 316.558237 23.715804 23.715804 0.000000 5.338231 5.830859 0 
