2 214.061626 330.196996 163.957361 335.528949 179.037792 225.118795 111.022948 111.022948 0.000000 1.249065 1.706542 0.000000
3 235.011976 157.975105 262.444549 185.414219 184.081642 235.172525 92.840547 92.840547 -0.000000 5.295582 5.717447 0.000000
5 178.919372 140.720265 208.067797 144.907729 178.726588 248.984339 108.698696 108.698696 -0.000000 4.714170 4.987177 0.000000
6 319.524072 463.005811 320.363665 467.625236 330.235853 462.177069 11.097668 11.097668 -0.000000 3.064379 2.637315 0.000000
7 148.029771 330.632351 117.231153 313.698027 176.921293 246.869615 89.183345 89.183345 -0.000000 1.902939 2.299833 0.000000
8 263.530709 187.250799 274.125542 212.156678 192.899971 233.229266 84.107529 84.107529 0.000000 5.706129 6.029348 0.000000
12 218.791720 148.736139 234.870011 157.211455 197.383045 203.180964 58.940097 58.940097 -0.000000 5.087035 5.396495 0.000000
13 104.911633 174.922360 126.065696 156.088060 189.328740 248.784177 112.241916 112.241916 0.000000 3.860402 4.113520 0.000000
14 275.663271 259.207063 259.026303 296.017578 188.401127 241.062651 89.051600 89.051600 -0.000000 0.205009 0.661257 0.000000
18 128.687844 154.363004 158.660313 142.540716 179.505547 237.458147 97.232788 97.232788 -0.000000 4.163512 4.496207 0.000000
21 116.453608 313.571476 100.893535 297.100578 196.137104 224.929150 119.045882 119.045882 -0.000000 2.303022 2.493146 0.000000
23 66.035242 401.732862 77.756387 387.128262 65.770813 389.782376 12.063565 12.063565 -0.000000 1.548673 6.065260 0.000000
