2 438.400831 319.689083 424.485225 286.380355 456.632862 291.064073 33.801411 33.801411 -0.000000 2.137926 3.286269 0.000000
3 468.039014 325.223790 438.527593 319.835566 459.073815 288.692137 37.545181 37.545181 -0.000000 1.330143 2.153980 0.000000
4 489.064533 267.968757 495.675151 295.011336 457.156434 289.786496 38.539225 38.539225 0.000000 5.683437 0.134821 0.000000
6 222.074882 90.984166 215.653440 113.736597 203.154952 97.452754 20.109999 20.109999 0.000000 5.953751 0.916164 0.000000
7 425.882991 276.011370 444.237218 256.559057 455.060521 285.492901 30.810645 30.810645 0.000000 3.455788 4.354433 0.000000
8 178.361174 332.075129 186.700602 284.832002 239.096315 318.038274 62.252943 62.252943 -0.000000 2.914465 3.706466 0.000000
15 260.225297 266.628337 281.262224 285.798477 235.107072 313.935824 53.781381 53.781381 0.000000 5.200494 5.735718 0.000000
16 187.971091 106.583721 190.967988 84.949243 202.651064 97.791573 17.714555 17.714555 0.000000 2.601967 3.974223 0.000000
20 215.013508 113.018489 188.483875 107.145930 202.465524 109.549520 13.392339 6.663418 0.157078 0.269720 3.311839 0.000000
26 471.836718 255.644162 488.840340 268.131546 465.584342 281.923119 26.823811 26.823811 0.000000 4.945969 5.747904 0.000000
