1 177.439165 327.036798 191.047193 280.041252 238.398089 317.424610 61.473442 61.473442 -0.000000 2.985197 3.809896 0.000000
5 460.004891 252.975656 483.704982 263.205038 460.281440 288.318758 34.919620 34.919620 0.000000 4.704564 5.462979 0.000000
7 186.847829 90.954753 207.189048 79.318060 203.756145 96.998340 18.256024 18.256024 0.000000 3.484874 4.904168 0.000000
8 428.144396 308.938094 424.307208 280.671885 462.404736 289.061727 39.666672 39.666672 0.000000 2.615892 3.358353 0.000000
9 218.723840 109.529660 191.056267 110.952356 204.634901 108.873227 14.030707 7.520355 -0.021029 0.046558 2.989655 0.000000
15 206.497337 78.410034 223.202773 97.132746 203.144323 98.229987 20.145813 20.145813 -0.000000 4.879976 6.228538 0.000000
19 217.041397 371.526230 192.219132 356.737715 235.319641 316.379016 58.608486 58.608486 -0.000000 1.890846 2.389035 0.000000
22 243.962739 261.269501 268.556287 272.538278 235.248558 316.869153 56.151906 56.151906 -0.000000 4.867855 5.356750 0.000000
23 194.081482 354.803760 180.313490 336.868341 224.287785 323.192002 45.942208 45.942208 0.000000 2.333463 2.840068 0.000000
26 495.397315 288.851130 488.911288 309.897066 462.550256 289.629376 33.499248 33.499248 -0.000000 6.259497 0.655457 0.000000
27 290.822328 324.657460 282.088844 346.442665 214.778974 309.216321 77.463289 77.463289 0.000000 0.200333 0.505189 0.000000
