1 424.503543 301.110836 426.583850 274.750499 464.026733 290.345105 41.227369 41.227369 0.000000 2.875654 3.536234 0.000000
2 259.852177 367.693439 182.073321 340.659630 232.997661 317.833932 56.403943 56.403943 -0.000000 1.076745 2.720214 0.000000
3 178.410773 304.102618 196.601701 273.569498 231.830252 316.931395 55.326648 55.326648 0.000000 3.377281 4.030114 0.000000
4 466.017683 325.807358 435.845131 318.291060 459.931563 286.137577 40.044784 40.044784 -0.000000 1.418564 2.213726 0.000000
7 222.173956 89.983123 215.760098 112.930466 203.177453 97.934062 20.027045 20.027045 -0.000000 5.886793 0.872697 0.000000
9 215.705919 113.333878 205.835061 79.391940 204.173890 97.800725 19.004892 18.837717 0.872837 0.932168 4.802383 0.000000
10 210.934840 264.781678 269.704166 272.513683 233.082975 321.195437 60.799038 60.799038 -0.000000 4.338277 5.357333 0.000000
13 467.986758 254.845097 492.750666 303.394077 459.746551 289.052960 35.954573 35.954573 -0.000000 4.948772 0.409911 0.000000
16 289.091116 332.611826 259.883788 368.440664 237.302557 319.989598 52.760474 52.760474 -0.000000 0.239065 1.134665 0.000000
20 206.025502 78.900422 221.048171 88.976570 204.994322 97.215610 18.250020 18.250020 0.000000 4.768631 5.809023 0.000000
21 493.226048 303.568847 477.309907 321.460901 463.002265 293.041894 31.717213 31.717213 0.000000 0.335160 1.104390 0.000000
