1 177.937238 330.106942 186.622261 284.786582 238.871880 318.086668 62.108039 62.108039 -0.000000 2.946828 3.709007 0.000000
5 231.999750 374.013554 188.684139 352.382957 231.413972 321.549339 52.431388 52.431388 -0.000000 1.559632 2.516520 0.000000
7 439.412404 259.450260 489.707106 269.361498 458.885000 291.664395 38.338042 38.338042 0.000000 4.168687 5.656795 0.000000
8 195.999685 79.062029 223.379074 94.306202 206.345546 92.806239 16.879465 13.550048 0.398175 4.067135 0.087833 0.000000
12 489.276368 269.732496 495.313901 288.080196 470.720180 286.447181 24.899329 24.899329 0.000000 5.549950 0.066302 0.000000
13 186.804752 284.839271 205.978932 267.944792 231.814348 314.873600 53.995722 53.995722 -0.000000 3.730025 4.209144 0.000000
15 438.368270 319.764514 423.543673 297.826270 456.653690 291.850088 33.360213 33.360213 0.000000 2.150715 2.963021 0.000000
17 290.276163 311.988951 268.222129 362.302147 236.973450 319.211245 53.560166 53.560166 0.000000 6.148510 0.943370 0.000000
19 199.345118 116.312464 189.595925 84.813185 201.194098 98.166966 17.978304 15.913006 1.467445 1.672343 3.997235 0.000000
22 219.903958 109.870508 204.414540 117.285463 203.834742 94.681148 21.925743 21.925743 -0.000000 0.757258 1.545152 0.000000
23 256.546651 265.274096 283.183459 288.872972 234.617186 315.477143 55.228934 55.228934 0.000000 5.124225 5.782040 0.000000
