2 192.728802 82.554450 210.135405 78.600254 204.968844 102.625862 23.842246 23.842246 0.000000 4.164777 4.924207 0.000000
4 270.207139 273.673751 287.089691 296.390534 236.946381 314.922828 53.139713 53.139713 0.000000 5.390984 5.929169 0.000000
6 446.841841 255.063365 469.073515 254.838160 459.715110 303.274195 49.814062 49.814062 -0.000000 4.451456 4.903249 0.000000
7 477.309514 321.816273 453.998935 326.038957 458.995917 284.051624 42.068322 42.068322 0.000000 1.119269 1.689251 0.000000
8 223.569874 99.814778 211.699917 114.920107 205.174650 98.979622 17.770053 17.770053 0.000000 0.045370 1.182254 0.000000
9 216.060372 264.246713 255.224683 264.067496 233.057494 320.122845 59.866013 59.866013 0.000000 4.417090 5.088968 0.000000
13 495.840544 292.967464 481.052411 319.056718 460.670414 290.511797 35.070804 35.070804 -0.000000 0.069709 0.950715 0.000000
15 430.173258 311.889815 423.387477 284.888919 466.622330 288.329447 43.887014 43.887014 -0.000000 2.567758 3.221003 0.000000
16 191.468421 355.646395 177.170662 319.881667 235.337252 315.283678 59.267918 59.267918 -0.000000 2.397795 3.062708 0.000000
18 472.206806 255.315088 495.888162 288.021209 461.193159 288.225154 34.286804 34.286804 0.000000 5.035332 6.277307 0.000000
24 422.981795 283.994234 431.700036 266.452065 460.015238 289.281621 37.082440 37.082440 -0.000000 3.283408 3.820142 0.000000
27 288.895503 331.960240 267.996199 362.995903 238.427268 320.674570 51.384653 51.384653 -0.000000 0.220000 0.960959 0.000000
