3 389.457779 65.958988 430.289143 106.871041 358.690808 137.861413 77.980106 77.980106 0.000000 5.116712 5.874696 0.000000
4 246.997384 273.864232 177.034603 248.961182 236.824041 190.829605 83.385483 83.385483 0.000000 1.448885 2.370253 0.000000
5 331.959898 58.821518 378.884350 62.193476 350.049684 152.488069 95.676842 95.676842 0.000000 4.521608 5.021493 0.000000
10 402.810603 216.801499 327.952295 231.433101 350.302784 141.144471 92.536042 92.536042 0.000000 0.964092 1.813463 0.000000
15 431.187361 110.771147 438.312346 159.021916 350.852303 144.305090 88.291493 88.291493 0.000000 5.887747 0.166707 0.000000
16 108.336938 150.730068 90.280796 102.866191 168.206869 100.564614 77.954578 77.954578 0.000000 2.444161 3.112066 0.000000
21 217.384830 30.382089 243.890296 57.428354 176.625438 94.484383 76.534711 76.534711 0.000000 5.278752 5.779653 0.000000
23 268.846993 112.979006 316.308986 63.639552 345.426296 139.992498 81.392693 81.392693 0.000000 3.480717 4.348062 0.000000
27 107.175828 48.181893 134.444286 26.114867 171.396614 97.477932 80.321979 80.321979 -0.000000 3.796265 4.234597 0.000000
30 422.574520 196.337860 402.909860 216.891977 357.394702 151.512741 79.471061 79.471061 0.000000 0.602433 0.962644 0.000000
