1 91.251535 87.042264 113.987126 40.988680 167.634600 95.901492 76.652659 76.652659 -0.000000 3.257061 3.938646 0.000000
5 417.763062 87.195115 438.798444 135.215092 351.397236 144.875158 87.865995 87.865995 0.000000 5.567694 6.173107 0.000000
6 238.633754 49.223003 254.907602 107.027708 163.313427 101.783961 92.061678 92.061678 0.000000 5.673916 0.057187 0.000000
7 286.907432 257.839492 231.996096 274.023284 236.167436 187.819747 86.378419 86.378419 0.000000 0.943716 1.619148 0.000000
8 312.355601 226.230951 298.906320 246.939158 239.655340 194.581011 78.583418 78.583418 -0.000000 0.410603 0.723718 0.000000
9 331.981723 58.968182 366.084377 57.825768 349.627544 154.909327 98.130677 98.130677 0.000000 4.530498 4.880305 0.000000
11 368.143861 232.229956 340.993250 233.416128 349.766691 127.394048 106.315665 106.315665 0.000000 1.397265 1.653359 0.000000
14 208.038499 268.879886 176.236170 247.805125 235.218789 193.626605 80.197677 80.197677 0.000000 1.917400 2.398623 0.000000
15 164.396730 231.292321 155.660880 205.878679 226.851827 194.624340 72.300572 72.300572 0.000000 2.610705 2.984804 0.000000
16 268.335501 112.174253 293.896284 77.814651 344.471838 140.894417 81.050639 81.050639 0.000000 3.502308 4.036569 0.000000
24 184.998186 17.005942 229.877471 39.159829 170.534111 104.003143 87.760560 87.760560 -0.000000 4.877141 5.453528 0.000000
