1 192.377649 261.422536 154.863521 180.932894 235.155094 193.170170 80.686843 80.686843 -0.000000 2.130656 3.292839 0.000000
2 179.848501 16.820591 210.924825 26.155439 171.684246 102.623159 86.044190 86.044190 -0.000000 4.807255 5.186513 0.000000
4 140.692172 23.246286 179.000925 17.082210 174.147333 113.632740 96.718351 96.718351 0.000000 4.357891 4.762617 0.000000
5 341.984780 57.157664 383.384478 62.430328 349.324540 159.014763 102.195989 102.195989 -0.000000 4.640454 5.051417 0.000000
6 439.124741 136.987032 423.374148 195.350687 343.749731 144.049987 95.452476 95.452476 -0.000000 6.209266 0.572346 0.000000
7 94.018750 125.375185 91.607020 81.901056 186.062464 100.266166 95.617331 95.617331 0.000000 2.875278 3.333628 0.000000
8 383.192848 63.353600 435.222458 118.291176 354.439403 142.873458 84.437126 84.437126 -0.000000 5.059350 5.987788 0.000000
12 412.809653 209.074615 361.854207 233.244184 348.801332 141.143472 93.059093 93.059093 0.000000 0.815121 1.430010 0.000000
13 242.028856 274.163913 192.947721 261.058206 236.276873 193.361653 80.849781 80.849781 -0.000000 1.499730 2.140145 0.000000
16 130.005356 169.992869 94.418581 125.712779 168.569050 102.440029 77.419959 77.419959 -0.000000 2.089519 2.837471 0.000000
19 117.939583 37.942528 139.778182 23.574517 171.024195 95.627374 78.560959 78.560959 0.000000 3.968497 4.303211 0.000000
21 312.085427 224.029399 253.008595 272.278305 238.669378 195.025392 78.973755 78.973755 0.000000 0.376244 1.387271 0.000000
26 289.808265 80.956434 326.974571 60.718975 348.760248 140.337697 83.346170 83.346170 -0.000000 3.930619 4.445302 0.000000
