1 147.859681 20.346995 199.030596 20.875367 172.870955 111.912848 94.997160 94.997160 -0.000000 4.445743 4.992200 0.000000
7 122.091054 163.791943 91.329680 114.183691 169.541561 101.026578 79.039571 79.039571 0.000000 2.218125 2.974929 0.000000
8 438.683384 134.963778 431.755895 181.921285 340.545119 144.681636 98.565119 98.565119 0.000000 6.184485 0.387625 0.000000
9 267.655569 114.860156 299.785652 72.742554 348.474484 142.599092 85.193865 85.193865 -0.000000 3.472218 4.103691 0.000000
13 277.732761 263.448046 241.753361 274.609070 235.174521 192.904798 81.930382 81.930382 0.000000 1.027959 1.490450 0.000000
14 311.874724 224.962848 278.077610 263.120357 238.867136 195.013870 78.885440 78.885440 -0.000000 0.389283 1.048419 0.000000
16 362.079892 232.125914 316.718777 226.743517 351.372598 135.930880 97.684033 97.684033 -0.000000 1.459944 1.935338 0.000000
17 180.601147 252.424499 161.723780 225.690746 230.648403 195.498121 75.454823 75.454823 -0.000000 2.291976 2.728718 0.000000
18 378.027137 61.702500 426.261563 98.817721 357.822136 136.090321 77.354089 77.354089 -0.000000 4.977607 5.784492 0.000000
25 299.798163 72.707878 323.846780 60.649337 350.290496 145.342402 88.428706 88.428706 0.000000 4.104921 4.409750 0.000000
