1 188.830834 238.935930 253.038553 199.872667 239.660038 250.389419 51.993353 51.993353 0.000000 3.363224 4.971279 0.000000
2 163.849528 116.456593 146.126579 110.615910 166.981272 79.572478 36.474947 36.474947 -0.000000 1.655501 2.162338 0.000000
3 36.776142 147.865697 75.626323 151.154415 50.513929 205.051793 59.231616 59.231616 0.000000 4.476627 5.148411 0.000000
5 16.824028 157.672456 34.961435 147.928216 62.966943 217.550750 74.835334 74.835334 0.000000 4.055826 4.329946 0.000000
6 146.457919 109.791597 130.289061 63.939769 167.973745 77.974724 39.072579 39.072579 0.000000 2.165397 3.498109 0.000000
7 82.213286 155.661518 95.950155 228.977169 50.443403 198.725440 54.222047 54.222047 -0.000000 5.347996 0.586692 0.000000
8 49.007147 251.960648 0.000000 204.000000 50.192032 200.648034 50.862887 50.862887 0.000000 1.593884 3.074909 0.000000
9 92.349952 233.259131 62.976087 250.938764 54.527635 205.241663 46.219100 46.219100 0.000000 0.637565 1.387981 0.000000
10 268.731107 296.440388 214.645422 298.095494 240.640037 247.347983 56.752850 56.752850 0.000000 1.051063 2.044183 0.000000
11 132.884430 60.940359 191.689168 48.968016 164.410243 65.407934 32.797999 25.133111 -0.175429 3.282367 5.740812 0.000000
14 196.111430 52.936368 199.243214 97.638401 164.086160 78.062756 40.576479 40.576479 -0.000000 5.617918 0.508053 0.000000
16 255.048116 199.886761 280.354025 216.776617 243.812811 245.042644 46.297799 46.297799 0.000000 4.956249 5.624789 0.000000
19 203.214828 288.792376 193.719975 275.132685 233.322329 257.916920 43.209524 43.209524 0.000000 2.343602 2.731522 0.000000
