2 161.104317 115.676495 130.216452 89.877360 165.431810 79.543409 36.071344 36.071344 0.000000 1.689994 2.856156 0.000000
3 246.132959 303.834085 194.654743 277.204992 239.991678 252.241518 51.923416 51.923416 -0.000000 1.452320 2.638273 0.000000
6 71.037727 248.090714 39.934624 250.854267 49.754198 180.108440 71.588014 71.588014 -0.000000 1.267388 1.708716 0.000000
11 22.724610 154.514951 54.160976 146.527095 53.345913 202.201900 56.668515 56.668515 -0.000000 4.141565 4.727028 0.000000
16 197.268211 55.784081 204.518960 76.000665 166.891689 78.709959 38.188014 38.188014 0.000000 5.636668 6.211306 0.000000
18 136.403234 55.768634 175.001091 40.069882 165.987487 78.592028 38.623026 38.623026 0.000000 3.798694 4.942239 0.000000
19 283.273500 219.623893 293.650494 247.011742 242.615793 251.397434 51.465348 51.465348 -0.000000 5.619834 6.197460 0.000000
24 204.886439 83.952952 198.203326 100.084237 157.220426 73.074504 48.538373 48.538373 -0.000000 0.224379 0.582710 0.000000
26 2.533705 178.306279 19.897171 156.777998 48.680107 197.849010 50.111256 50.111256 -0.000000 3.542187 4.101120 0.000000
27 98.042427 224.018292 78.145415 244.397057 58.473819 206.331083 43.247760 43.247760 0.000000 0.420357 1.093818 0.000000
30 86.957040 159.040456 104.391857 206.002027 51.286637 198.189108 53.292823 53.292823 -0.000000 5.451332 0.146074 0.000000
36 267.288440 204.665683 283.958473 219.048132 237.029082 255.218658 58.427449 58.427449 -0.000000 5.251754 5.626540 0.000000
