2 203.533680 289.594184 188.123563 249.981538 242.517176 250.286817 54.975144 54.975144 -0.000000 2.352058 3.147205 0.000000
4 188.191490 45.805351 204.508746 71.157841 168.318024 76.841001 36.307206 36.307206 0.000000 5.281946 6.127424 0.000000
5 154.901171 41.077000 187.937686 46.120279 166.592564 79.763414 40.033637 40.033637 0.000000 4.418907 5.277760 0.000000
7 129.612732 87.093113 142.153205 48.127323 166.374490 77.104058 37.605828 37.605828 0.000000 2.876275 4.016145 0.000000
9 42.983535 145.988373 94.553321 168.238079 52.852163 197.666109 51.749258 51.749258 -0.000000 4.523696 5.668652 0.000000
12 283.920964 220.249118 286.401600 278.199694 237.976274 251.614509 55.670935 55.670935 -0.000000 5.684180 0.502070 0.000000
17 3.808788 175.878494 26.332288 152.036324 47.100737 194.092014 46.609693 46.609693 0.000000 3.539827 4.253688 0.000000
19 169.105918 115.168427 129.948609 87.009359 165.563933 79.110574 36.516782 36.516782 0.000000 1.472880 2.923345 0.000000
21 187.773909 245.197794 217.939991 203.813288 238.917711 249.736828 50.834897 50.834897 0.000000 3.230111 4.283897 0.000000
22 280.192508 287.246991 264.557926 299.432813 237.458090 248.148237 57.409307 57.409307 -0.000000 0.741000 1.084671 0.000000
24 204.370775 71.985109 195.510353 102.364970 164.514583 76.765247 40.374310 40.374310 -0.000000 6.163821 0.690341 0.000000
