2 202.601279 63.240282 174.456922 115.271855 175.626647 81.693106 33.912192 28.218743 -1.166345 5.683224 1.605618 0.000000
4 0.117750 187.032134 40.654967 146.827262 48.702208 195.531049 49.012414 49.012414 0.000000 3.314771 4.548640 0.000000
6 246.966009 198.701516 293.345303 243.182905 242.780599 249.144642 50.476336 50.476336 -0.000000 4.795172 6.165824 0.000000
7 188.299371 245.049842 246.940063 198.621121 240.020747 250.629925 52.308129 52.308129 0.000000 3.249064 4.844654 0.000000
8 81.759106 242.567676 32.371755 248.355241 50.945516 193.548119 58.101542 58.101542 -0.000000 1.009614 1.897542 0.000000
9 104.405862 205.890074 82.323756 242.388321 52.125188 198.947952 52.650998 52.650998 -0.000000 0.132013 0.963317 0.000000
11 203.850982 289.144596 187.633572 249.033273 237.788493 252.793722 49.846926 49.846926 0.000000 2.321873 3.216429 0.000000
13 292.766400 261.942111 281.335207 285.508122 237.954838 248.891759 56.590868 56.590868 -0.000000 0.233743 0.701045 0.000000
14 139.749516 104.290275 155.108154 41.715830 166.891156 77.478577 38.179023 38.179023 0.000000 2.362310 4.394113 0.000000
15 161.130883 115.425604 140.082850 104.910181 169.664436 73.112965 43.415181 43.415181 -0.000000 1.769805 2.320113 0.000000
17 22.777403 243.289884 5.772887 226.052373 58.532670 192.939002 61.822000 61.822000 -0.000000 2.188283 2.581108 0.000000
20 6.999265 225.000840 -0.167493 207.029165 39.543865 203.790404 39.893806 39.893806 0.000000 2.563999 3.060215 0.000000
