1 -0.269592 194.976910 88.631068 160.078651 49.674115 190.035067 49.891916 43.748436 -0.227711 3.042965 5.627659 0.000000
2 278.206556 288.141620 231.061843 199.472519 240.528284 251.303099 53.004473 53.004473 -0.000000 0.774129 4.531738 0.000000
3 152.952488 41.661352 199.990435 59.285282 166.985081 77.904682 38.119027 38.119027 -0.000000 4.342985 5.769556 0.000000
4 103.026258 184.848885 34.963294 249.158943 50.733425 198.383472 54.286815 52.961788 0.543907 6.029920 1.871936 0.000000
5 177.069446 114.636894 137.648355 52.795343 166.799588 77.849727 38.056291 38.056291 -0.000000 1.298558 3.851554 0.000000
6 199.552715 59.618683 177.369993 114.709183 173.822078 79.952102 35.033564 30.442293 -1.283480 5.614423 1.469071 0.000000
7 235.988407 198.439817 270.297104 207.739085 239.896843 257.581356 59.261605 59.261605 0.000000 4.646399 5.260077 0.000000
9 290.417977 231.689017 290.016979 273.188626 236.676668 251.253802 56.980427 56.980427 0.000000 5.934045 0.390145 0.000000
11 272.171032 208.746884 284.769831 222.737421 230.474978 260.886180 67.006482 67.006482 -0.000000 5.386950 5.670702 0.000000
13 139.272664 51.331432 153.061941 42.113642 170.030737 84.281205 45.280019 45.280019 0.000000 3.961380 4.329804 0.000000
14 24.318996 244.622964 8.828696 230.985809 57.808584 190.932690 62.798798 62.798798 -0.000000 2.128500 2.456124 0.000000
