2 45.003832 251.021641 12.006533 233.434032 49.860981 202.097577 49.411859 49.411859 -0.000000 1.669751 2.450120 0.000000
4 151.208596 43.371206 191.487433 48.037283 166.431694 81.350631 41.497691 41.497691 -0.000000 4.331172 5.357247 0.000000
5 182.167384 112.511382 145.308757 108.708341 166.569867 76.442400 39.267647 39.267647 0.000000 1.162644 2.153426 0.000000
7 187.627756 254.035611 199.694741 217.147369 241.528935 251.767902 53.936119 53.936119 0.000000 3.099546 3.832917 0.000000
8 48.324928 146.660789 94.376226 168.182505 53.088138 195.681261 49.954897 49.954897 0.000000 4.615525 5.695629 0.000000
10 95.018672 167.987472 93.405660 232.227952 49.769757 198.282951 54.969144 54.969144 0.000000 5.693203 0.661128 0.000000
12 129.306716 80.063211 133.286204 59.104942 164.876861 76.732771 36.041084 36.041084 -0.000000 3.048235 3.650563 0.000000
13 144.910059 109.092793 129.563609 84.897901 163.864037 79.422361 34.901807 34.901807 -0.000000 2.139270 2.983294 0.000000
21 287.741505 227.204763 283.653526 282.815026 240.285723 251.276627 53.580685 53.580685 0.000000 5.813756 0.628769 0.000000
23 270.058264 296.138138 247.976087 303.899592 239.327002 250.215735 54.510178 54.510178 -0.000000 0.981042 1.411058 0.000000
32 195.192224 277.877402 188.244579 256.032971 234.628857 252.226700 46.981572 46.981572 0.000000 2.564916 3.059717 0.000000
33 200.164222 59.392646 202.965337 89.993669 161.318952 78.020590 43.317917 43.317917 0.000000 5.836038 0.279944 0.000000
