3 203.218969 66.960333 191.448779 107.347559 166.129020 77.730032 38.608323 38.608323 -0.000000 6.000589 0.863470 0.000000
4 28.303918 151.439375 67.058246 147.416254 51.304848 208.823874 62.836211 62.836211 0.000000 4.331175 4.963512 0.000000
5 129.614874 80.430486 145.958844 45.930366 165.519249 76.813874 36.663906 36.663906 0.000000 3.041202 4.147800 0.000000
6 173.124689 40.282475 200.698155 62.066385 166.850026 76.739924 37.253140 37.253140 0.000000 4.882828 5.874128 0.000000
7 202.727841 214.842263 261.203747 202.520158 240.635211 252.752900 54.431438 54.431438 0.000000 3.927034 5.101028 0.000000
10 4.303251 175.156905 26.173273 152.545980 48.618501 195.007318 48.345313 48.345313 0.000000 3.562729 4.226121 0.000000
11 79.743717 153.154337 104.094782 188.969413 54.764215 197.466064 49.985054 49.985054 0.000000 5.225706 6.112620 0.000000
13 289.028776 273.626660 263.547945 299.212181 241.890885 252.440883 51.395850 51.395850 -0.000000 0.422390 1.137150 0.000000
14 260.090057 300.091665 241.081500 303.532238 242.888861 259.490378 44.531697 44.531697 -0.000000 1.170060 1.611811 0.000000
17 176.115745 114.581784 141.344580 106.445021 167.872326 75.428815 40.458340 40.458340 -0.000000 1.363283 2.278352 0.000000
19 277.761097 213.203553 292.590075 237.733265 242.205844 250.687870 51.554207 51.554207 -0.000000 5.471382 6.031520 0.000000
20 292.452927 237.944771 292.629211 264.108342 219.577091 249.129160 73.959336 73.959336 -0.000000 6.130902 0.202245 0.000000
21 217.399813 298.992906 193.302205 273.187319 235.731114 255.279324 46.814352 46.814352 0.000000 1.967872 2.742206 0.000000
23 192.899221 273.059637 187.915173 244.998041 243.384103 252.025633 55.533835 55.533835 0.000000 2.746825 3.267615 0.000000
25 240.926765 303.813041 217.634267 298.685994 242.736867 245.191712 59.350988 59.350988 0.000000 1.601664 2.009549 0.000000
28 103.496687 210.575320 83.381674 241.422441 54.796742 200.696994 49.561447 49.561447 -0.000000 0.200125 0.958801 0.000000
