1 498.274470 243.532235 455.778855 211.885926 482.826070 220.070351 29.485882 28.130599 -0.671318 0.988506 3.435431 0.000000
2 80.931704 252.746873 128.106754 266.820210 81.051720 337.601922 84.816649 84.816649 -0.000000 4.710975 5.299092 0.000000
3 44.575505 259.724535 80.023361 252.824002 79.092950 338.697905 85.970724 85.970724 0.000000 4.300334 4.723223 0.000000
6 467.821111 196.766557 495.774211 195.798545 481.603367 224.372388 31.551885 31.551885 0.000000 4.249340 5.172781 0.000000
8 66.014794 431.940441 31.597626 418.522294 79.957657 345.517918 87.518242 87.518242 -0.000000 1.730752 2.155858 0.000000
9 95.898886 140.192257 99.386125 160.007287 59.509378 154.701369 40.087015 40.087015 0.000000 5.903786 0.132281 0.000000
14 100.105088 162.029616 89.554106 188.723071 50.242358 159.678203 49.088264 49.088264 -0.000000 0.047123 0.636317 0.000000
15 166.448050 314.822547 170.506218 347.937965 44.248594 346.638809 125.561037 125.561037 -0.000000 6.028477 0.010289 0.000000
18 82.025808 197.020480 60.093001 209.287447 45.965581 156.801904 54.360583 54.360583 -0.000000 0.839859 1.307860 0.000000
22 35.130504 210.589078 5.090494 192.906211 45.462731 159.169160 52.323946 52.323946 -0.000000 1.769094 2.445489 0.000000
23 -0.092202 127.919468 21.137250 109.252256 38.587732 147.183910 42.092918 42.092918 -0.000000 3.603677 4.281208 0.000000
25 143.302006 278.570677 157.826240 299.033652 84.898651 338.363345 83.314761 83.314761 0.000000 5.486033 5.788596 0.000000
32 455.271628 211.154386 467.346929 196.430116 481.892165 220.002432 27.711140 27.711140 -0.000000 3.462482 4.159529 0.000000
