2 395.749538 350.244388 416.005192 374.997942 357.112820 404.553145 66.103546 66.103546 -0.000000 5.330743 5.818058 0.000000
4 307.128050 347.238673 359.019428 335.360692 349.047350 414.039234 79.094858 79.094858 0.000000 4.151973 4.838461 0.000000
7 423.573326 426.873652 402.304659 465.360608 357.352718 415.519337 66.799272 66.799272 -0.000000 0.169811 0.836931 0.000000
8 233.838875 208.898205 234.894536 207.740521 224.217994 196.269695 15.040502 15.018999 0.220198 0.919762 0.821246 0.000000
11 376.289766 481.875952 353.957311 486.317709 345.863600 390.995296 96.050310 96.050310 0.000000 1.247733 1.486091 0.000000
16 417.460693 84.367962 431.914893 53.901175 481.874481 98.377278 67.039113 67.039113 -0.000000 3.355747 3.868990 0.000000
17 471.095140 166.681133 446.313162 155.483084 482.702859 104.561306 62.941621 62.941621 0.000000 1.755526 2.191267 0.000000
21 294.982911 464.016772 274.206339 420.002556 345.205965 412.445289 71.809622 71.809622 0.000000 2.342949 3.035551 0.000000
25 285.272755 369.480935 304.050380 350.176867 345.311049 406.956309 70.566698 70.566698 0.000000 3.699610 4.083978 0.000000
27 430.855983 143.084004 419.105312 122.938572 493.681259 93.345994 79.643439 79.643439 0.000000 2.471941 2.763838 0.000000
