1 452.083973 36.244691 498.119971 29.944920 485.387577 106.569670 77.693849 77.693849 -0.000000 4.270110 4.877050 0.000000
2 333.886187 336.191062 369.279348 337.139536 348.684163 420.761213 85.928124 85.928124 -0.000000 4.539164 4.953873 0.000000
4 473.668068 167.139020 426.296621 136.618405 483.041581 101.049388 66.389683 66.389683 -0.000000 1.711687 2.581684 0.000000
5 426.631956 136.239494 415.056243 98.992825 484.188814 98.503362 68.940728 68.940728 0.000000 2.561268 3.134513 0.000000
6 276.589978 387.827186 297.212225 355.191947 342.521647 407.277230 68.587893 68.587893 -0.000000 3.428459 3.996450 0.000000
7 424.224079 419.956870 405.127833 462.178818 346.995991 410.515040 78.165090 78.165090 0.000000 0.121655 0.726556 0.000000
8 415.358195 98.017171 419.245424 76.228129 504.877389 101.278032 89.791592 89.791592 -0.000000 3.178003 3.426182 0.000000
9 410.117783 364.927440 425.041356 419.004197 345.011667 411.551038 80.226341 80.226341 0.000000 5.661724 0.092862 0.000000
10 224.698809 211.401852 212.400956 205.519753 223.402271 197.298218 13.816103 13.816103 0.000000 1.479125 2.499807 0.000000
11 212.240023 205.372537 224.833162 208.091616 224.303099 196.237466 15.039814 15.039814 -0.000000 2.493452 1.526111 0.000000
13 274.977013 428.003188 276.473177 387.890862 356.445800 411.514147 83.190965 83.190965 -0.000000 2.941893 3.428817 0.000000
14 404.676012 462.662584 371.798484 483.432549 353.380785 419.436726 66.622558 66.622558 0.000000 0.700234 1.290574 0.000000
16 420.592074 72.134059 445.471675 40.420681 478.818213 94.137483 62.465458 62.465458 0.000000 3.502900 4.156827 0.000000
17 304.356283 472.682771 280.732309 444.168592 345.853061 412.885844 72.117790 72.117790 0.000000 2.177458 2.693763 0.000000
18 358.011907 486.102376 318.922742 480.151486 348.962368 407.293954 79.358274 79.358274 -0.000000 1.456467 1.961866 0.000000
20 376.345397 339.359023 410.084698 364.926125 354.614863 404.734670 68.151748 68.151748 -0.000000 5.033295 5.660704 0.000000
