2 250.174057 42.979850 247.280034 82.201535 169.818438 59.117216 81.733401 81.733401 0.000000 6.084997 0.289630 0.000000
4 269.813402 468.109662 283.101723 441.383008 331.327702 486.114166 65.018053 65.018053 -0.000000 3.426328 3.889412 0.000000
5 283.113612 441.119553 359.319455 421.595339 335.475021 486.060730 69.240886 69.240886 0.000000 3.850879 5.066663 0.000000
7 214.976281 120.932131 175.951150 128.598312 180.476095 51.166848 77.568177 77.568177 -0.000000 1.111544 1.629168 0.000000
8 175.061245 128.692240 115.798612 83.563029 179.206542 62.692054 65.781282 65.781282 0.000000 1.633521 2.823608 0.000000
11 112.676479 46.186652 130.449171 11.375270 172.531266 54.958785 60.285806 60.285806 -0.000000 3.287114 3.944516 0.000000
12 374.799903 429.536967 398.104514 457.971154 338.974602 482.278543 64.273726 64.273726 -0.000000 5.309060 5.893160 0.000000
13 247.612254 82.823156 226.960324 111.948755 193.040735 65.393833 57.197823 57.197823 -0.000000 0.309145 0.941137 0.000000
17 218.260796 -0.493588 249.573008 42.848937 185.577364 56.289472 65.647371 65.647371 0.000000 5.234662 6.076171 0.000000
20 130.517461 10.629482 144.374174 -0.761307 183.435361 59.163465 71.306758 71.306758 0.000000 3.883806 4.134723 0.000000
