4 443.922089 261.792769 484.275794 267.447086 457.068185 328.540761 67.589613 67.589613 -0.000000 4.517927 5.131363 0.000000
6 444.574019 449.861255 442.034589 478.412556 406.094068 460.825356 40.098576 40.098576 -0.000000 6.005611 0.455085 0.000000
7 102.138342 140.431279 54.021878 147.427343 64.899032 37.550821 109.624025 109.624025 0.000000 1.223501 1.669469 0.000000
8 498.165407 362.191937 470.139024 377.429801 459.655559 325.544994 52.914282 52.914282 0.000000 0.760616 1.371428 0.000000
9 52.157251 145.536557 24.980064 138.050339 67.131405 54.277443 93.429446 93.429446 0.000000 1.733431 2.036970 0.000000
15 146.838063 -0.548598 159.197822 26.267973 64.616495 55.484849 99.274180 99.274180 -0.000000 5.684988 5.983577 0.000000
19 416.008043 495.980613 387.125792 486.870803 410.942055 459.273573 36.819585 36.819585 -0.000000 1.433651 2.282786 0.000000
22 377.477737 471.805122 381.636063 443.511708 413.230032 461.156546 36.956926 36.956926 0.000000 2.852116 3.650929 0.000000
24 435.719548 435.180061 444.874191 449.438734 414.263685 459.441560 31.573057 31.573057 0.000000 5.436495 5.967347 0.000000
29 402.847223 342.621539 398.955834 320.842427 456.795163 319.354322 58.651410 58.651410 -0.000000 2.734406 3.115870 0.000000
36 433.350814 488.280839 416.952672 495.815867 411.157451 458.507625 37.652440 37.652440 0.000000 0.930237 1.416694 0.000000
