3 98.953313 141.823380 66.946585 147.492291 62.763034 28.715280 118.684128 118.684128 0.000000 1.261128 1.535589 0.000000
4 449.119541 378.558097 416.534616 362.395828 458.259436 318.770040 60.339855 60.339855 -0.000000 1.722493 2.333926 0.000000
5 383.252314 481.751405 387.635202 435.613722 412.566408 461.133669 36.247167 36.247167 0.000000 2.528629 3.938660 0.000000
6 159.613649 28.894184 159.850019 71.381654 52.770532 52.739065 109.417639 109.417639 -0.000000 6.063607 0.172373 0.000000
7 419.000167 495.992459 382.941680 482.056787 411.062185 460.977514 35.189532 35.189532 0.000000 1.347862 2.498344 0.000000
8 431.052054 267.082610 476.062348 263.852976 457.101688 324.781886 63.929345 63.929345 -0.000000 4.288311 5.014083 0.000000
10 476.603829 263.775672 498.368809 277.584014 462.585828 310.851033 48.756351 48.756351 0.000000 5.001806 5.534208 0.000000
13 496.299396 364.091767 449.987963 378.354682 457.464825 318.780230 59.914310 59.914310 0.000000 0.862220 1.695648 0.000000
15 415.913722 362.070774 399.647925 332.372804 455.234856 319.947560 57.215426 57.215426 -0.000000 2.321803 2.921680 0.000000
17 445.283196 468.043537 429.011413 491.039768 414.070661 463.196461 31.795147 31.795147 0.000000 0.154062 1.078298 0.000000
20 148.251421 101.174838 138.129036 114.155399 69.523273 50.611065 93.741571 93.741571 -0.000000 0.570913 0.747116 0.000000
22 137.831931 115.814432 104.649660 139.310883 68.088210 55.023285 91.985468 91.985468 0.000000 0.716922 1.161521 0.000000
