3 291.600223 439.043505 312.280236 380.204143 378.925988 436.917132 87.404921 87.404921 -0.000000 3.117248 3.846645 0.000000
7 316.203883 493.805573 296.386614 462.824391 364.663854 440.767443 71.711342 71.711342 0.000000 2.311119 2.829126 0.000000
10 452.168169 404.949907 447.221038 477.084945 369.942563 434.746817 87.709597 87.709597 0.000000 5.935524 0.501202 0.000000
13 423.566443 -0.018445 410.394574 29.536130 376.051232 -4.623666 51.347171 33.012178 0.474864 0.096619 0.782719 0.000000
14 381.101138 17.975640 380.214618 1.080536 414.284128 7.741114 34.889772 34.889772 -0.000000 2.842423 3.334657 0.000000
15 363.944644 352.823816 420.856637 366.214119 373.888674 441.175374 88.898941 88.898941 0.000000 4.600310 5.272112 0.000000
17 409.989380 29.873471 381.912879 20.076340 401.917903 6.886547 23.882937 23.882937 0.000000 1.233112 2.558691 0.000000
21 422.012546 366.984190 451.679707 405.066314 381.089986 431.183583 75.688050 75.688050 0.000000 5.279876 5.928817 0.000000
22 260.745259 263.957573 268.168933 240.074208 311.645782 268.021672 51.188220 51.188220 0.000000 3.221268 3.712899 0.000000
24 446.876876 476.912243 431.816505 494.688427 381.439406 440.072338 74.786312 74.786312 -0.000000 0.512753 0.825750 0.000000
