1 484.067705 251.081629 448.922050 257.225588 454.512966 175.805788 81.820787 81.820787 0.000000 1.196669 1.639356 0.000000
2 -0.005634 36.024695 36.900166 40.215003 9.523300 149.110127 113.191909 113.191909 0.000000 4.628324 4.958690 0.000000
5 448.076656 257.457288 402.896836 236.120997 453.515346 187.984904 69.676103 69.676103 -0.000000 1.648923 2.381326 0.000000
8 120.950469 388.126510 108.249440 364.924232 156.026938 357.058796 48.127067 48.127067 -0.000000 2.416727 2.978430 0.000000
9 140.148037 318.795574 168.097750 321.706311 149.917213 361.538553 43.795342 43.795342 0.000000 4.487692 5.140575 0.000000
12 38.891515 40.271983 77.410282 65.620735 10.148303 127.105607 91.426700 91.426700 0.000000 5.032051 5.542629 0.000000
13 69.223009 192.053070 45.831927 207.651778 14.646684 130.000679 83.490805 83.490805 -0.000000 0.849412 1.188905 0.000000
15 177.861413 389.836205 144.996412 400.375296 149.879000 355.269529 45.213041 45.213041 -0.000000 0.890277 1.678624 0.000000
19 167.962489 322.061012 182.901581 334.081470 154.323269 356.304349 36.490039 36.490039 -0.000000 5.091431 5.622245 0.000000
20 94.798378 154.951479 78.787217 183.850963 14.821012 126.283109 85.540591 85.540591 0.000000 0.344188 0.732800 0.000000
21 109.518375 348.586504 123.014678 327.013830 152.069531 359.175950 43.472126 43.472126 0.000000 3.385502 3.977706 0.000000
26 397.618278 140.716084 418.317034 122.558232 449.913219 178.257559 64.154341 64.154341 0.000000 3.764218 4.196388 0.000000
29 108.237147 365.066201 109.099441 348.951810 181.613590 359.507921 73.190799 73.190799 0.000000 3.065987 3.286150 0.000000
33 464.159823 113.264965 491.165706 122.734997 453.106805 187.106256 74.840268 74.840268 -0.000000 4.860972 5.246343 0.000000
