3 39.724973 208.731454 14.989177 214.245156 15.098229 147.311886 67.131346 67.131346 0.000000 1.189463 1.572426 0.000000
5 -0.032137 36.402939 43.980861 42.048538 8.012456 141.124517 105.464532 105.464532 -0.000000 4.635721 5.060632 0.000000
7 100.257546 133.644717 84.844753 175.902074 7.997437 124.433851 92.402887 92.402887 -0.000000 0.099506 0.590132 0.000000
15 390.603810 218.238831 383.058211 196.744644 473.080442 179.739632 91.612877 91.612877 0.000000 2.704865 2.954895 0.000000
17 418.920921 122.926483 447.136292 113.042026 454.726794 182.957910 70.440025 70.440025 0.000000 4.174582 4.604246 0.000000
19 457.930410 258.461516 428.837938 254.074780 455.803800 170.396156 87.224787 87.224787 0.000000 1.546653 1.882544 0.000000
22 177.600604 390.413315 154.909937 400.651180 148.202974 355.439259 45.606943 45.606943 0.000000 0.871811 1.423525 0.000000
25 108.300466 359.033638 112.581867 339.859597 155.001274 360.183316 46.743246 46.743246 -0.000000 3.166206 3.588392 0.000000
26 141.268866 400.287490 120.117878 387.920045 151.784440 355.639308 45.738215 45.738215 -0.000000 1.802102 2.346590 0.000000
28 84.239691 175.556121 53.763136 204.117658 21.859098 136.890869 73.687473 73.687473 -0.000000 0.554872 1.127696 0.000000
32 113.607751 338.706416 141.111045 318.277259 148.379661 357.703134 39.625405 39.625405 0.000000 3.641609 4.530075 0.000000
