1 147.002439 317.920202 173.489347 325.518251 149.322670 360.345067 42.624124 42.624124 0.000000 4.657753 5.319016 0.000000
2 100.044157 116.997992 82.543600 178.691157 5.702774 124.103256 94.606712 94.606712 -0.000000 6.208013 0.617673 0.000000
3 108.842257 363.029210 118.370959 331.217364 152.035558 360.020644 43.913575 43.913575 -0.000000 3.072051 3.849326 0.000000
6 436.775192 115.238587 476.239006 115.412013 454.789253 197.609851 84.757631 84.757631 -0.000000 4.497085 4.967649 0.000000
13 434.998912 255.003316 412.875399 244.165771 449.491662 197.962168 58.855341 58.855341 0.000000 1.819607 2.240946 0.000000
14 142.129067 400.096449 113.189052 378.888289 148.200095 361.805452 38.801999 38.801999 0.000000 1.728037 2.687650 0.000000
15 403.704528 133.664300 436.033824 115.101291 455.534435 185.223329 72.912890 72.912890 0.000000 3.924371 4.441147 0.000000
16 54.920373 203.796177 33.121927 212.312101 -0.093747 100.514817 116.447225 116.447225 -0.000000 1.081361 1.281996 0.000000
18 82.362773 178.927670 59.680396 200.605971 18.259899 132.701805 79.086034 79.086034 0.000000 0.624760 1.023068 0.000000
27 166.140213 397.411481 147.987410 400.236003 150.069318 354.566356 45.962057 45.962057 -0.000000 1.211944 1.616351 0.000000
