2 414.374489 245.424958 396.259037 142.159513 454.988263 185.594443 72.804085 72.804085 -0.000000 2.167161 3.778391 0.000000
5 119.327848 330.440011 161.106249 319.737311 150.348530 363.040986 45.207738 45.207738 0.000000 3.951825 4.955885 0.000000
7 68.984579 57.015307 89.868922 83.083505 7.611209 127.948402 93.634879 93.634879 -0.000000 5.425658 5.783866 0.000000
8 181.422446 386.373421 141.994627 400.418463 149.664168 357.577782 43.100381 43.100381 -0.000000 0.736512 1.747944 0.000000
9 172.534648 324.360580 185.112925 380.251940 150.113012 358.975421 41.261012 41.261012 -0.000000 5.287178 0.546210 0.000000
10 419.811425 121.616658 444.690605 112.934291 459.883287 200.242979 88.299894 88.299894 0.000000 4.241052 4.540103 0.000000
11 142.023671 399.818420 117.918008 332.935863 142.135792 361.326478 38.666895 33.387815 1.337993 1.573709 4.006144 0.000000
14 463.996195 257.491593 415.831198 245.805321 453.869696 184.287194 73.321606 73.321606 -0.000000 1.433337 2.124585 0.000000
15 60.900984 198.902612 37.869581 210.652881 18.890949 142.636854 70.448827 70.448827 0.000000 0.929452 1.298686 0.000000
17 100.074085 116.989178 86.844534 171.869752 3.651169 124.217108 96.561722 96.561722 -0.000000 6.208365 0.520175 0.000000
