12 340.599197 189.408109 312.655505 138.932547 401.436684 121.977659 90.611114 90.611114 0.000000 2.304840 2.952891 0.000000
13 448.246458 335.395325 476.653929 357.145755 425.061541 398.744680 67.204524 67.204524 0.000000 5.063233 5.604615 0.000000
16 345.841552 446.439149 336.598494 405.955836 409.937757 408.787357 73.412466 73.412466 0.000000 2.610470 3.180182 0.000000
20 349.750152 39.759177 375.189727 25.660475 409.193292 116.704363 97.421646 97.421646 0.000000 4.054618 4.354947 0.000000
21 464.918729 37.098164 490.595224 63.573148 414.744891 112.799683 90.502460 90.502460 -0.000000 5.297700 5.707516 0.000000
32 311.774991 134.197512 312.181308 96.794247 458.958241 119.134345 148.523638 148.523638 -0.000000 3.039605 3.292638 0.000000
33 346.360663 371.175986 359.535633 352.512207 408.619640 400.813961 68.985538 68.985538 -0.000000 3.585892 3.918958 0.000000
36 477.129273 189.126448 441.966698 210.910364 413.963467 127.234718 88.256208 88.256208 -0.000000 0.775211 1.247849 0.000000
39 393.065876 332.263945 405.302001 329.210029 420.970512 418.203433 90.145656 90.145656 -0.000000 4.398428 4.538111 0.000000
46 491.225203 64.465400 497.849259 77.032777 358.567174 145.560006 155.635863 155.635863 0.000000 5.734494 5.825956 0.000000
