1 442.796728 484.411050 378.161546 478.739804 417.965976 401.607973 87.073948 87.073948 0.000000 1.279452 2.047207 0.000000
3 447.719584 208.507859 404.968167 216.299706 406.585436 109.195960 107.750345 107.750345 0.000000 1.178116 1.585895 0.000000
4 383.842525 335.526140 419.049992 328.621512 417.801602 412.612136 83.930704 83.930704 -0.000000 4.297434 4.727251 0.000000
5 287.551393 443.717445 345.307333 446.274869 313.901398 499.752482 61.854326 61.854326 -0.000000 4.272830 5.243398 0.000000
9 343.203689 440.289967 337.181900 396.977481 435.710303 406.223620 98.921840 98.921840 0.000000 2.788745 3.235161 0.000000
10 368.400872 208.199315 339.351707 188.572667 409.861867 115.519426 101.435515 101.435515 -0.000000 1.991450 2.338482 0.000000
11 310.510563 109.090714 321.221684 72.516577 412.053159 119.866820 102.153757 102.153757 -0.000000 3.247321 3.622133 0.000000
12 487.817215 176.863288 448.130194 209.217479 417.183466 128.901880 85.210903 85.210903 0.000000 0.596503 1.203014 0.000000
13 255.875706 498.001413 286.343860 444.476012 311.936193 495.057155 56.137724 56.137724 -0.000000 3.089122 4.243980 0.000000
21 337.971184 394.225753 352.312975 361.194844 417.320552 410.490968 81.244302 81.244302 -0.000000 3.343774 3.790393 0.000000
23 479.905667 457.661609 442.743743 484.328435 421.002424 414.607404 72.962772 72.962772 0.000000 0.631185 1.268519 0.000000
25 357.786071 354.827138 380.282996 337.536440 413.630705 404.757971 75.047012 75.047012 0.000000 3.871140 4.251877 0.000000
26 368.909506 475.026211 372.425754 497.078172 309.579298 497.559817 63.324023 63.324023 -0.000000 5.920213 6.275522 0.000000
27 445.143471 332.769405 471.512791 349.175813 407.134181 420.736675 95.201804 95.201804 -0.000000 5.120245 5.445002 0.000000
29 321.035952 72.025929 342.814766 44.723822 410.921125 121.630385 102.297369 102.297369 -0.000000 3.645866 3.987602 0.000000
32 474.408839 44.578212 494.482038 69.709183 407.723767 119.637768 100.234385 100.234385 -0.000000 5.438774 5.760982 0.000000
