1 346.982525 446.014884 337.369481 406.118456 419.077272 407.886830 82.365941 82.365941 0.000000 2.655124 3.163232 0.000000
2 391.986853 20.558903 463.057883 35.900440 407.725157 125.566761 105.731692 105.731692 -0.000000 4.563619 5.265284 0.000000
4 255.564814 496.183451 342.051679 444.888530 312.773369 491.068583 56.693623 53.012438 -0.233062 3.052422 5.277436 0.000000
5 428.133364 214.892340 393.963030 215.942250 408.760600 105.407426 111.240359 111.240359 0.000000 1.395664 1.703878 0.000000
6 335.104287 183.926101 341.830589 46.639500 409.921217 118.348712 99.629960 99.629960 0.000000 2.421911 3.952869 0.000000
14 336.205324 405.039982 368.542845 344.604912 413.664483 407.141303 76.771109 76.771109 -0.000000 3.168714 4.087362 0.000000
15 394.935943 215.293663 361.293918 204.599472 411.978089 111.507727 105.911401 105.911401 0.000000 1.733549 2.069372 0.000000
16 494.518560 425.989075 486.488966 448.200887 418.228201 408.762172 78.616958 78.616958 -0.000000 0.222083 0.523910 0.000000
17 483.436087 453.527501 431.848746 487.445992 419.094790 412.980655 75.437254 75.437254 0.000000 0.562318 1.401168 0.000000
24 371.733508 342.551562 404.068224 329.696831 420.380688 416.678913 88.679165 88.679165 -0.000000 4.131622 4.527004 0.000000
27 495.859800 394.953742 495.250274 426.827992 396.557263 408.476731 100.097225 100.097225 0.000000 6.147838 0.183843 0.000000
