3 336.312677 411.815877 438.022560 330.737551 412.217364 401.171865 76.025662 71.338901 -0.488526 3.002272 5.063574 0.000000
7 324.632787 170.176197 310.607572 119.971331 410.576938 117.024590 100.606113 100.606113 0.000000 2.587722 3.112125 0.000000
10 460.072593 33.901400 489.964638 63.020051 414.564975 111.769023 89.921082 89.921082 -0.000000 5.241276 5.709246 0.000000
12 428.567700 21.303790 460.035216 33.932915 411.630214 111.248465 91.039592 91.039592 -0.000000 4.898519 5.271758 0.000000
13 498.144999 158.036693 480.400836 185.574230 411.334851 119.819325 95.522986 95.522986 -0.000000 0.414709 0.760844 0.000000
14 258.373477 477.657924 289.235306 443.512602 309.774349 492.439132 52.913271 52.913271 -0.000000 3.421605 4.314936 0.000000
15 334.169552 53.188214 352.062478 37.069354 415.274004 124.285099 107.354499 107.354499 0.000000 3.861333 4.085230 0.000000
16 458.195468 339.756556 491.507278 382.056256 425.288334 401.532300 69.184974 69.184974 -0.000000 5.201843 5.997135 0.000000
17 480.487710 457.457323 438.851235 485.480045 420.087046 413.289397 74.545937 74.545937 -0.000000 0.631392 1.316498 0.000000
18 367.379417 472.815614 372.560401 498.011839 319.135434 496.384004 53.767048 53.767048 0.000000 5.828760 0.030460 0.000000
19 496.372108 420.107628 482.149032 454.151773 421.869638 409.994325 74.867464 74.867464 -0.000000 0.134920 0.632237 0.000000
25 433.102551 213.198933 388.979782 215.287923 408.336282 93.536434 123.021951 123.021951 0.000000 1.366710 1.728460 0.000000
28 373.718571 210.448780 324.727921 170.201273 402.815575 125.374721 89.530594 89.530594 -0.000000 1.900344 2.620469 0.000000
30 492.167608 381.951220 496.225864 420.008081 409.866480 409.942002 86.884695 86.884695 0.000000 5.955355 0.116037 0.000000
