1 326.216247 484.193621 292.989933 494.933711 293.563672 436.180292 58.443297 58.443297 0.000000 0.973570 1.580561 0.000000
3 319.665287 159.965278 300.001882 140.432862 299.730103 160.357426 20.208120 19.721306 0.875120 6.263517 4.726029 0.000000
4 300.002473 141.009616 319.959876 159.011615 308.718609 151.580931 13.348560 7.535344 0.788584 4.022882 0.584082 0.000000
5 317.647931 370.883137 356.146566 431.032041 294.509574 428.160773 61.394015 61.394015 -0.000000 5.096312 0.046550 0.000000
7 244.230626 155.156078 208.997254 170.046239 210.703587 125.446013 44.842056 44.842056 0.000000 0.725112 1.609036 0.000000
9 229.223670 446.146301 236.523393 397.534302 293.801206 429.596747 66.468888 66.468888 -0.000000 2.890718 3.651906 0.000000
13 182.072022 160.770271 167.611834 144.116960 207.483456 124.426614 44.836854 44.836854 -0.000000 2.180984 2.682882 0.000000
14 236.831709 464.101302 229.441602 446.150387 295.760102 429.461274 68.449573 68.449573 -0.000000 2.610168 2.895061 0.000000
15 289.968863 495.183999 239.009119 467.991796 289.756439 434.088325 60.517710 60.517710 -0.000000 1.567319 2.552609 0.000000
19 355.647093 440.894287 326.738711 484.673465 294.603817 432.702406 61.048520 61.048520 -0.000000 0.133401 1.017013 0.000000
28 225.669667 77.628592 251.406046 99.723152 211.817603 120.492879 44.597788 44.597788 0.000000 5.024957 5.800020 0.000000
