1 309.059371 492.364393 262.745889 487.256420 291.193031 427.711654 66.927822 66.927822 -0.000000 1.301182 2.016481 0.000000
4 257.042632 376.060656 313.196896 369.155217 292.193115 434.397149 68.588555 68.588555 0.000000 4.170099 5.023848 0.000000
5 257.065021 118.988439 245.992111 152.991472 210.446054 123.136948 46.798372 46.798372 -0.000000 6.194432 0.698591 0.000000
7 280.086995 168.002732 311.259943 142.745152 304.191863 165.917446 27.460017 22.139584 0.904612 3.055299 5.008448 0.000000
8 312.289602 144.694459 303.524677 180.173102 299.699100 160.316932 20.176454 20.176454 0.000000 5.390731 1.380464 0.000000
9 342.486462 390.365245 356.603333 430.055150 291.560057 430.074356 64.660203 64.660203 0.000000 5.620924 6.282890 0.000000
11 185.773271 81.967230 227.698849 79.349691 209.738028 126.847840 51.489053 51.489053 -0.000000 4.221939 5.073907 0.000000
12 220.231973 168.995205 162.374264 121.999539 203.244904 132.447626 42.377956 35.822949 0.551332 1.135709 3.391871 0.000000
13 302.001123 180.101028 281.269609 167.869356 299.247325 160.567977 19.619773 19.619773 -0.000000 1.430738 2.755809 0.000000
14 338.910748 474.702764 309.390347 492.846452 293.262013 433.291231 61.186076 61.186076 0.000000 0.736767 1.306327 0.000000
16 313.235597 369.436259 334.042771 381.957120 293.374872 425.716016 59.792163 59.792163 -0.000000 5.051639 5.461192 0.000000
18 238.032845 84.916264 256.270977 119.033927 211.334876 122.112525 46.033379 46.033379 -0.000000 5.334935 6.214782 0.000000
21 167.457173 102.076288 184.616909 82.416073 207.440233 120.334373 44.363533 44.363533 0.000000 3.569959 4.170568 0.000000
25 351.264381 454.098584 339.514655 474.350926 309.570481 441.266962 43.833321 43.833321 -0.000000 0.298559 0.835173 0.000000
