1 438.947584 375.877738 422.014461 375.958306 431.693021 339.839743 37.428156 37.428156 0.000000 1.372148 1.832612 0.000000
2 80.972476 69.927135 107.068788 69.415287 93.699486 112.146900 44.316974 44.316974 0.000000 4.419605 5.015608 0.000000
3 313.389351 289.184024 416.470071 262.526457 374.082227 311.160375 64.519257 64.519257 0.000000 3.488998 5.429273 0.000000
6 438.054053 313.842572 441.900677 375.813797 431.276826 345.323528 32.088764 32.088764 0.000000 4.924433 1.235517 0.000000
7 107.154297 69.745053 131.438407 100.914816 93.731084 105.343737 37.840105 37.840105 0.000000 5.072974 6.166266 0.000000
8 393.062537 373.448739 355.787815 373.500164 375.079944 288.526512 86.974187 86.974187 0.000000 1.362125 1.794048 0.000000
9 56.281514 100.036499 80.127432 70.275106 92.626402 104.294088 36.406927 36.406927 0.000000 3.258205 4.360288 0.000000
10 337.340112 364.705032 309.989035 303.992704 374.951355 311.348934 65.132493 65.132493 0.000000 2.184810 3.254351 0.000000
15 110.014616 141.084461 64.222672 129.744588 93.989162 104.078450 39.599922 39.599922 0.000000 1.162127 2.430030 0.000000
17 423.192581 268.286560 438.241449 313.012292 374.215088 311.788677 64.723288 64.723288 0.000000 5.556924 0.019109 0.000000
