1 77.331018 140.515181 55.660279 106.771569 91.444295 107.198190 35.571717 35.571717 0.000000 1.971486 3.153514 0.000000
2 447.124708 373.317495 408.105263 366.934434 431.422125 343.303381 33.887904 33.887904 0.000000 1.088782 2.349502 0.000000
4 438.172744 314.337681 454.094684 323.949138 431.703401 343.748114 30.520178 30.520178 0.000000 4.928908 5.559153 0.000000
5 131.816781 104.898598 78.739773 140.726288 96.803593 111.503299 35.430260 31.386534 -0.455439 6.096741 2.124445 0.000000
10 312.971330 332.005889 311.359917 295.925924 383.983275 310.956407 74.128138 74.128138 -0.000000 2.853422 3.345676 0.000000
11 352.920112 372.183329 316.288813 340.483156 372.702641 313.984048 61.615823 61.615823 0.000000 1.898454 2.702455 0.000000
12 55.649946 106.038063 65.231049 80.142633 95.086441 107.148048 39.723751 39.723751 -0.000000 3.169731 3.876911 0.000000
13 429.451409 278.462719 438.496908 314.952779 370.307320 311.144507 68.244937 68.244937 -0.000000 5.778364 0.055790 0.000000
16 103.039718 68.876434 131.200870 105.016696 95.218287 104.548954 36.368712 36.368712 -0.000000 4.928230 0.012998 0.000000
17 403.929593 254.129042 421.360248 267.724362 375.956481 308.282555 61.129111 61.129111 -0.000000 5.189190 5.554096 0.000000
19 322.618883 272.730990 351.062374 251.231975 372.227132 308.535557 61.267519 61.267519 -0.000000 3.766765 4.358586 0.000000
