5 82.627987 142.965769 56.118693 111.986146 92.019481 106.709601 36.339475 36.339475 0.000000 1.824257 2.995662 0.000000
8 311.093501 298.281518 331.381737 263.156859 374.275337 310.962075 64.471679 64.471679 0.000000 3.339661 3.981091 0.000000
9 331.283302 262.452206 357.044736 249.155468 380.525421 319.278029 74.527535 74.527535 0.000000 3.998368 4.389272 0.000000
10 328.520527 357.624850 315.064092 338.953808 387.922202 300.352158 81.934860 81.934860 0.000000 2.374440 2.654375 0.000000
11 421.488163 266.654158 438.602864 314.959170 372.621753 310.683561 65.858728 65.858728 -0.000000 5.549809 0.064710 0.000000
13 461.744273 334.877113 456.809581 364.892803 427.720426 345.444542 35.400251 35.400251 0.000000 5.982042 0.589322 0.000000
15 379.032261 375.672964 334.708231 362.103275 374.081532 310.987865 64.823807 64.823807 -0.000000 1.494409 2.227152 0.000000
18 117.093365 76.749056 131.596712 104.091139 96.897568 103.408730 34.455794 34.455794 -0.000000 5.360699 0.019664 0.000000
20 131.717646 104.976627 118.609387 134.154282 94.713774 107.010624 36.854191 36.854191 -0.000000 6.228273 0.848951 0.000000
21 441.039190 314.894608 462.718441 333.960787 432.915957 343.056957 29.516005 29.516005 0.000000 4.993210 5.986951 0.000000
24 66.229123 80.110517 84.851871 68.282486 96.626335 109.707420 42.902100 42.902100 -0.000000 3.913652 4.435456 0.000000
