3 225.053617 26.971410 236.775218 60.041157 134.209083 76.549614 103.860459 103.860459 0.000000 5.783613 6.123600 0.000000
7 317.226764 394.585834 297.532111 382.309916 346.510944 325.733455 74.609024 74.609024 -0.000000 1.972937 2.284341 0.000000
9 465.031633 430.175826 413.438487 420.009115 454.072093 342.033300 88.597664 88.597664 -0.000000 1.447092 2.051185 0.000000
12 367.977744 205.208279 405.875731 216.274180 360.615663 298.958831 94.107453 94.107453 0.000000 4.790757 5.213220 0.000000
17 118.867603 162.384346 89.615462 147.302129 146.918914 75.572627 91.666775 91.666775 0.000000 1.883334 2.244856 0.000000
19 89.225976 147.746649 55.008319 93.997775 143.510910 74.956272 90.505712 90.505712 0.000000 2.211585 2.929671 0.000000
20 389.103629 399.459715 334.839394 400.597819 357.691547 294.962321 108.771880 108.771880 -0.000000 1.278788 1.783844 0.000000
21 63.774422 29.866100 87.504161 1.443050 139.642643 70.339555 86.158064 86.158064 -0.000000 3.631657 4.064572 0.000000
23 413.400830 220.498024 446.549587 256.748071 364.629868 300.829553 93.333307 93.333307 0.000000 5.258028 5.789520 0.000000
24 295.923070 382.068315 265.261216 337.875374 361.611376 302.185622 102.623691 102.623691 -0.000000 2.258993 2.786846 0.000000
35 495.197374 419.458854 474.572351 428.330600 451.355176 343.581847 87.302541 87.302541 -0.000000 1.046856 1.303404 0.000000
