1 75.130823 133.864340 53.266252 85.712972 141.753182 75.036917 88.935435 88.935435 0.000000 2.418251 3.021522 0.000000
3 456.007584 430.614529 393.031045 402.980336 452.097866 352.379499 78.267452 78.267452 -0.000000 1.520864 2.433238 0.000000
4 481.222695 425.714859 455.804503 430.036970 456.956974 371.974879 58.633659 58.633659 0.000000 1.146663 1.590643 0.000000
8 125.224641 164.293178 98.014066 152.713726 142.303477 84.103239 81.935550 81.935550 -0.000000 1.780641 2.144015 0.000000
12 331.964736 400.096731 283.871072 368.509693 354.387741 311.111923 91.384372 91.384372 -0.000000 1.817644 2.458397 0.000000
13 370.971549 205.127918 401.398497 214.017782 358.567084 299.339180 95.045807 95.045807 -0.000000 4.843302 5.177636 0.000000
16 268.748904 345.705504 260.546125 289.024394 370.246255 303.712680 110.321009 110.321009 0.000000 2.749304 3.274696 0.000000
17 234.829753 51.054404 225.411947 120.184188 140.794389 73.425452 96.924530 96.924530 0.000000 6.049627 0.504829 0.000000
26 97.742911 152.785983 74.851680 134.117346 146.723374 73.232437 93.931293 93.931293 0.000000 2.122674 2.438765 0.000000
37 53.621109 58.175637 68.692743 22.679751 155.568350 79.178378 104.083550 104.083550 -0.000000 3.344766 3.718206 0.000000
38 71.777980 17.589693 90.423981 -0.725521 136.038846 65.327277 80.104155 80.104155 0.000000 3.780516 4.108012 0.000000
45 266.679053 266.823960 277.887283 246.389673 362.619056 307.824900 104.123901 104.123901 -0.000000 3.545461 3.768937 0.000000
