1 243.040588 307.951755 263.453335 350.143737 186.368692 361.127340 77.664782 77.664782 0.000000 5.529605 6.141650 0.000000
5 394.093377 283.904933 398.629930 334.879503 368.115613 312.726828 39.046276 39.046276 -0.000000 5.445933 0.627948 0.000000
6 154.338241 107.930221 139.249653 140.263202 82.879980 92.938157 73.486100 73.486100 -0.000000 0.206802 0.698395 0.000000
8 377.013312 349.409327 338.027517 331.355527 369.480398 311.682694 38.006677 38.006677 0.000000 1.373717 2.582655 0.000000
9 167.997376 277.531387 200.150855 280.473064 177.081225 376.280778 98.923781 98.923781 -0.000000 4.620658 4.948682 0.000000
10 52.177181 14.783390 92.395074 13.257813 76.217359 89.869822 79.191131 79.191131 0.000000 4.402535 4.920496 0.000000
11 19.939815 33.967888 51.165214 14.383096 69.614294 81.577569 69.276527 69.276527 0.000000 3.905770 4.444430 0.000000
17 98.462378 401.211742 90.530915 358.953144 185.336324 363.345314 95.002179 95.002179 0.000000 2.730545 3.187888 0.000000
20 39.206778 162.622922 8.857601 136.108528 71.777697 96.684515 73.952281 73.952281 0.000000 2.029600 2.581863 0.000000
21 371.984002 274.863781 394.426531 283.510783 370.685603 309.696305 35.003166 35.003166 -0.000000 4.749647 5.448862 0.000000
22 90.461259 353.868927 112.025224 307.030954 174.199105 363.222216 83.921141 83.921141 -0.000000 3.252829 3.876490 0.000000
25 399.160931 336.097090 376.999263 348.996775 369.845988 313.927804 36.156231 36.156231 0.000000 0.647486 1.369579 0.000000
34 336.128800 294.111774 372.064773 274.692045 368.491120 310.831408 35.828247 35.828247 -0.000000 3.618463 4.810954 0.000000
39 138.214269 142.199679 113.070110 162.231736 78.231786 96.883500 74.692869 74.692869 -0.000000 0.647006 1.081007 0.000000
