1 336.130067 327.860067 377.068659 275.865548 369.288641 311.762574 37.152542 37.152542 0.000000 2.689636 4.925820 0.000000
2 92.903030 388.126673 89.773593 361.026144 190.300376 363.142391 99.975205 99.975205 -0.000000 2.890488 3.162641 0.000000
5 383.210414 277.425194 404.512845 299.113872 372.867667 308.585016 33.013565 33.013565 -0.000000 5.032872 5.992378 0.000000
6 65.987335 11.161559 107.324738 16.969551 75.255940 93.996556 83.256586 83.256586 -0.000000 4.600960 5.106895 0.000000
10 90.826256 361.069600 110.367195 308.292365 176.293430 364.754299 86.427982 86.427982 -0.000000 3.184678 3.849814 0.000000
11 150.525334 120.839406 135.982777 143.977077 73.850832 89.271519 83.200491 83.200491 0.000000 0.390563 0.721922 0.000000
18 164.910702 450.437117 143.815385 444.465730 178.165765 361.447094 89.978879 89.978879 -0.000000 1.718659 1.963114 0.000000
19 404.815873 299.066483 351.995316 345.003224 369.781032 312.397304 37.512739 37.512739 0.000000 5.919600 2.070159 0.000000
27 243.258932 421.257931 221.325258 439.485171 179.388621 366.139641 84.286112 84.286112 -0.000000 0.711977 1.051394 0.000000
28 223.687661 290.864839 253.888112 324.022883 178.802100 363.347044 85.366111 85.366111 -0.000000 5.266852 5.800741 0.000000
30 107.387084 17.209376 144.268978 48.522420 78.488883 87.614757 76.121633 76.121633 -0.000000 5.101875 5.746976 0.000000
32 263.231158 379.769142 242.910111 420.866256 183.940907 367.186915 79.889540 79.889540 -0.000000 0.157373 0.738474 0.000000
