2 332.832121 307.072308 358.142287 276.287973 367.398313 309.989255 34.626902 34.626902 0.000000 3.225780 4.444349 0.000000
4 261.487618 383.950111 241.396268 423.530913 180.532743 365.379304 83.694293 83.694293 -0.000000 0.225496 0.762616 0.000000
7 96.529484 398.122198 90.247958 373.935603 210.227449 355.808835 120.977935 120.977935 0.000000 2.785318 2.991644 0.000000
10 164.087419 450.391173 135.205668 440.559013 185.187312 340.754394 111.760339 111.760339 -0.000000 1.760924 2.035080 0.000000
16 78.005405 10.922112 105.957826 16.159845 76.338160 85.743314 75.079666 75.079666 -0.000000 4.734668 5.114828 0.000000
21 48.065769 15.263239 75.958323 10.499985 78.465181 106.918745 96.409118 96.409118 0.000000 4.392136 4.686395 0.000000
23 56.142326 169.607262 21.568147 150.208028 75.104048 94.408682 77.506591 77.506591 -0.000000 1.817802 2.335496 0.000000
24 254.234007 323.843402 263.304768 351.143241 181.568960 362.708166 82.544082 82.544082 0.000000 5.792049 6.142627 0.000000
26 106.068710 16.825451 137.576902 39.420733 67.523631 102.037176 93.953529 93.953529 -0.000000 5.137191 5.553784 0.000000
28 155.481066 102.897219 144.232960 133.148023 76.492339 91.420568 79.787356 79.787356 -0.000000 0.144285 0.552093 0.000000
