1 23.889567 29.897238 82.038854 10.514288 75.728285 91.963399 81.193869 81.193869 0.000000 4.016540 4.789713 0.000000
2 154.810521 74.908184 151.629453 118.904646 65.801192 90.629945 90.370258 90.370258 0.000000 6.108358 0.318237 0.000000
5 350.279306 279.743948 382.094096 276.601771 370.314519 316.815812 41.990840 41.990840 -0.000000 4.216913 4.997340 0.000000
6 401.321124 333.321867 331.862669 315.038665 369.004817 315.792162 36.424867 33.786235 0.184321 0.497022 3.161877 0.000000
7 230.942839 296.108420 258.950761 395.260453 176.790031 363.810076 87.463495 87.463495 0.000000 5.387053 0.365583 0.000000
8 146.072384 130.036661 107.625076 165.262632 83.538125 98.680785 70.102287 70.102287 0.000000 0.464782 1.223680 0.000000
10 127.321103 292.859318 187.147690 277.818270 178.175194 367.499677 90.361627 90.361627 0.000000 4.114309 4.812106 0.000000
11 244.718726 419.717886 133.352995 439.413299 177.311552 362.663590 88.500282 88.500282 -0.000000 0.702408 2.090940 0.000000
13 -0.316350 66.923717 22.835025 29.855094 73.356601 89.677704 77.714140 77.714140 0.000000 3.441150 4.011083 0.000000
16 133.166501 439.780846 95.790141 395.096977 169.654789 370.533942 77.481697 77.481697 0.000000 2.055755 2.820555 0.000000
17 386.649235 278.161026 401.525236 333.215881 369.523066 312.040805 37.744064 37.744064 -0.000000 5.180425 0.584540 0.000000
18 14.334500 143.776120 0.110399 115.990756 78.456420 88.328694 84.282066 84.282066 0.000000 2.428615 2.802181 0.000000
19 92.866897 12.468494 127.722486 30.325926 78.619032 86.697556 75.281755 75.281755 -0.000000 4.902027 5.428987 0.000000
22 58.045665 169.845263 17.682816 147.199289 74.988177 91.821030 79.664394 79.664394 -0.000000 1.784621 2.373295 0.000000
24 144.345395 48.369006 152.683912 66.148246 81.011851 90.392452 75.443485 75.443485 0.000000 5.697360 5.957002 0.000000
27 97.050219 330.542803 110.136046 309.136015 168.009536 358.653765 76.286645 76.286645 -0.000000 3.518781 3.849341 0.000000
29 256.825241 399.910104 245.511931 418.341993 174.389480 360.329411 91.523355 91.523355 -0.000000 0.447634 0.684224 0.000000
