1 73.991104 172.058442 10.578638 138.314264 73.982215 94.753908 76.813824 76.813824 -0.000000 1.570681 2.539622 0.000000
2 263.545563 350.944501 262.393657 379.200794 141.573381 363.069432 122.508813 122.508813 -0.000000 6.184103 0.132730 0.000000
4 397.210945 286.192607 399.257254 337.114032 368.073251 312.379491 39.089548 39.089548 -0.000000 5.551073 0.670569 0.000000
6 135.285861 35.814358 154.633232 74.106056 66.505525 97.235639 91.399852 91.399852 -0.000000 5.554248 6.026519 0.000000
8 154.037262 448.918832 106.877720 415.092367 173.558182 369.075049 81.157545 81.157545 -0.000000 1.810581 2.537530 0.000000
9 199.028355 448.042437 158.939810 449.378382 176.715536 345.509858 105.613629 105.613629 -0.000000 1.356520 1.740291 0.000000
10 15.706879 37.716516 45.160541 17.041450 70.578042 82.440349 70.490081 70.490081 0.000000 3.825455 4.341702 0.000000
13 155.577533 102.124004 142.471302 136.273048 83.525916 93.116011 72.659125 72.659125 -0.000000 0.124376 0.631981 0.000000
14 337.798166 291.879424 355.046734 278.293105 367.531143 310.191913 34.638424 34.638424 0.000000 3.693620 4.339340 0.000000
16 107.010520 414.990223 112.715509 305.773720 178.402889 364.149703 88.129994 88.129994 0.000000 2.522773 3.868126 0.000000
17 142.909967 136.865715 104.937807 165.437049 73.192721 89.271727 83.604895 83.604895 -0.000000 0.599001 1.175899 0.000000
19 378.011328 349.266362 338.426567 333.516397 369.393658 311.855281 37.849024 37.849024 0.000000 1.344395 2.531210 0.000000
21 172.041578 278.146080 197.091002 279.296035 176.335164 390.159249 112.744768 112.744768 0.000000 4.674077 4.897467 0.000000
24 354.878593 277.694448 385.009331 277.975486 369.845202 315.144736 40.396418 40.396418 0.000000 4.332194 5.099751 0.000000
25 129.434218 291.658446 171.939859 277.419963 178.047512 364.714817 87.745351 87.745351 0.000000 4.125249 4.642537 0.000000
27 248.491046 415.482286 202.919956 447.816232 180.234871 369.510477 81.191098 81.191098 0.000000 0.592731 1.288817 0.000000
28 233.000000 296.000000 257.771666 330.133087 183.998413 358.696864 78.443516 78.443516 0.000000 5.375787 5.913776 0.000000
34 257.846854 330.753958 263.594484 350.536743 180.156814 365.324075 84.556822 84.556822 -0.000000 5.864518 6.107781 0.000000
38 10.804413 138.179004 -0.122442 118.048830 65.382813 97.811747 68.325505 68.325505 0.000000 2.504768 2.841956 0.000000
