2 108.945847 418.187981 97.368022 397.889765 158.999687 375.676727 65.642718 65.642718 0.000000 2.437499 2.795669 0.000000
3 333.375671 301.202981 366.102953 274.355010 369.066437 311.532435 36.700666 36.700666 0.000000 3.423311 4.632845 0.000000
4 383.993748 345.760349 354.459868 345.699606 369.987956 312.807708 37.012303 37.012303 -0.000000 1.168902 2.011871 0.000000
6 155.171806 80.949081 140.060769 138.145843 75.436710 91.568283 80.777082 80.777082 -0.000000 6.150783 0.624514 0.000000
9 201.842984 280.376153 236.438635 300.641514 183.297167 351.493701 73.138040 73.138040 -0.000000 4.967485 5.519797 0.000000
13 407.537601 311.923752 384.705021 346.243092 370.261688 313.364510 36.644221 36.644221 0.000000 6.244553 1.156882 0.000000
14 105.145192 166.520507 64.906662 171.009261 73.981350 74.890795 96.810189 96.810189 0.000000 1.242963 1.664929 0.000000
15 258.554297 332.531144 264.103412 365.033641 168.082082 366.143251 96.369543 96.369543 -0.000000 5.927470 6.271630 0.000000
17 222.030696 439.062080 201.014360 448.038687 170.025701 350.524470 102.449153 102.449153 -0.000000 1.039710 1.263103 0.000000
18 30.768543 24.640195 66.935034 10.729436 77.470198 94.033987 83.714369 83.714369 0.000000 4.120018 4.586591 0.000000
21 240.044235 303.961892 257.087233 329.961890 182.320074 363.265172 82.307140 82.307140 0.000000 5.484294 5.864141 0.000000
24 108.895444 309.917696 145.196604 283.584347 174.231372 359.765433 81.767019 81.767019 0.000000 3.793327 4.348256 0.000000
31 354.035108 345.673588 336.670925 330.709792 366.346036 316.445448 32.352902 32.352902 0.000000 1.969445 2.693517 0.000000
33 124.224961 155.157783 107.536009 165.193256 82.561421 102.562954 67.314486 67.314486 0.000000 0.900854 1.191358 0.000000
