1 228.449504 434.738158 175.005757 451.135675 178.088344 369.056334 82.272681 82.272681 0.000000 0.916665 1.608335 0.000000
3 36.880807 20.757858 79.004792 11.131163 75.830099 93.948446 83.079283 83.079283 0.000000 4.223344 4.750704 0.000000
4 346.849197 342.146490 332.129041 318.349906 368.103976 313.081703 35.736770 35.736770 -0.000000 2.202215 2.996185 0.000000
8 375.015842 274.945637 399.799063 335.406503 369.531922 314.282863 39.589582 36.907373 -1.084222 4.850904 0.609320 0.000000
10 151.453612 62.659322 108.050713 165.097184 76.253592 91.966612 79.968112 79.968112 -0.000000 5.911568 1.160655 0.000000
11 92.086654 170.553468 19.470995 148.477329 75.320397 91.019948 80.651937 80.651937 -0.000000 1.363031 2.342004 0.000000
17 206.837688 282.394660 241.122150 304.866741 182.740826 355.572968 76.914080 76.914080 -0.000000 5.030496 5.568029 0.000000
21 94.839058 334.918390 127.716156 292.625069 173.315614 361.889498 82.606603 82.606603 -0.000000 3.472629 4.130174 0.000000
22 129.685235 31.310540 150.916326 62.651799 72.069228 93.366925 84.750033 84.750033 -0.000000 5.460700 5.911717 0.000000
23 12.967132 141.033566 -0.186553 117.059152 74.707194 91.364543 79.561462 79.561462 0.000000 2.464122 2.811095 0.000000
26 4.853612 52.578602 36.746070 20.615249 70.172236 85.530046 72.724630 72.724630 0.000000 3.608812 4.236874 0.000000
30 163.979094 277.843731 189.007073 277.391207 177.227232 417.877742 140.500460 140.500460 0.000000 4.618063 4.796044 0.000000
32 243.622810 307.580855 255.237945 324.839866 165.039053 373.629566 102.319685 102.319685 0.000000 5.584239 5.787346 0.000000
