1 299.279920 14.880300 305.255387 59.074010 222.958461 46.482123 83.104861 83.104861 0.000000 5.890616 0.151828 0.000000
4 393.751358 431.163978 421.085467 472.978615 357.187029 485.394839 65.081931 65.081931 -0.000000 5.305613 6.091265 0.000000
7 321.009664 427.015734 361.007588 419.009004 356.662710 503.700992 85.035197 85.035197 0.000000 4.277191 4.763646 0.000000
8 285.419452 498.039505 287.852379 467.933757 367.091128 488.120127 82.255069 82.255069 0.000000 3.020730 3.391040 0.000000
13 166.236037 62.180241 167.188778 23.028000 244.935686 46.203889 80.618546 80.618546 0.000000 2.941310 3.431300 0.000000
17 360.985856 109.450877 398.392112 122.691131 363.987590 160.807129 51.651582 51.651582 0.000000 4.654006 5.446653 0.000000
23 313.509653 166.001873 320.205705 135.251684 370.417035 159.453847 56.909962 56.909962 -0.000000 3.027032 3.590742 0.000000
25 405.034609 129.974570 414.870106 162.097829 365.565537 159.912163 49.747302 49.747302 -0.000000 5.634262 0.044301 0.000000
30 362.945534 419.353099 393.457925 431.262373 354.961053 480.554792 62.029196 62.029196 -0.000000 4.842118 5.375430 0.000000
33 354.940665 210.251468 330.971592 199.039702 364.067593 160.370495 50.875821 50.875821 -0.000000 1.751769 2.278691 0.000000
