1 375.024868 210.673448 336.548882 117.395395 361.592819 161.126536 50.319203 48.162308 1.275969 1.306062 4.192300 0.000000
3 369.928449 109.408259 414.267140 172.090013 364.273985 160.010442 50.985410 50.985410 -0.000000 4.823671 0.237080 0.000000
6 302.108293 19.788785 273.142332 105.282428 234.938866 46.287550 71.189144 71.189144 0.000000 5.907424 0.996129 0.000000
8 239.015503 116.674204 209.933288 112.231188 237.021874 34.219958 82.564985 82.564985 -0.000000 1.546622 1.905010 0.000000
9 385.950424 427.208657 421.189571 468.900777 357.041746 484.624127 64.679287 64.679287 0.000000 5.178833 6.042813 0.000000
10 163.909992 39.978631 177.266904 4.144927 231.931531 45.607963 67.973685 67.973685 -0.000000 3.224163 3.790511 0.000000
13 273.022770 106.043418 240.987352 116.240297 236.661304 49.901618 66.729166 66.729166 -0.000000 0.996059 1.505677 0.000000
14 413.049437 176.022935 375.175685 210.452800 366.898097 163.151196 47.423883 47.423883 0.000000 0.271991 1.397555 0.000000
18 288.523051 464.256376 309.405528 435.155853 350.510203 485.833029 65.351576 65.351576 -0.000000 3.476558 4.030911 0.000000
24 309.168177 434.285717 328.087894 423.149323 356.771353 494.348391 76.221529 76.221529 -0.000000 4.042202 4.329417 0.000000
