3 444.452052 265.896193 419.854267 310.940483 384.189799 262.233115 60.126864 60.126864 -0.000000 0.060711 0.938772 0.000000
5 13.865932 433.255248 -0.523817 421.233649 17.975434 412.119994 21.054142 21.054142 0.000000 1.762838 2.683842 0.000000
6 242.971731 212.304845 257.637490 152.616555 300.065508 194.445179 60.168823 60.168823 0.000000 2.838423 3.919877 0.000000
7 316.027924 247.239139 282.683224 248.103943 294.236974 182.035606 67.652819 67.652819 0.000000 1.248267 1.743921 0.000000
8 321.450499 279.240785 321.469738 244.889018 396.104497 261.645155 76.752167 76.752167 -0.000000 2.910121 3.362439 0.000000
10 408.925672 317.795843 364.737108 321.450190 381.997920 249.024166 74.454482 74.454482 0.000000 1.197593 1.804755 0.000000
12 257.163304 152.051126 301.154426 138.502949 296.062488 196.278114 58.506449 58.506449 0.000000 3.990996 4.800296 0.000000
16 28.979831 384.414501 42.629174 396.063661 21.324636 406.909103 24.193096 24.193096 -0.000000 5.040408 5.812310 0.000000
17 421.836316 213.132942 442.583877 243.225842 384.569410 259.140320 59.134600 59.134600 0.000000 5.393210 6.015452 0.000000
18 38.637121 426.579329 21.812216 434.059600 19.520936 406.411865 27.724532 27.724532 0.000000 0.812153 1.488111 0.000000
25 397.776937 200.732471 421.706262 212.912046 382.912798 258.975192 60.038405 60.038405 0.000000 4.962265 5.412326 0.000000
27 0.609173 392.698356 13.176801 383.499215 20.494665 409.176850 26.199582 26.199582 -0.000000 3.833572 4.434759 0.000000
