3 266.345777 145.737156 310.066574 139.036154 296.036496 199.975989 62.100157 62.100157 0.000000 4.211539 4.938674 0.000000
4 432.482173 224.172473 438.007477 286.008629 379.655097 261.096071 64.581330 64.581330 0.000000 5.673163 0.403507 0.000000
5 403.297017 320.328567 322.231512 281.370136 381.175310 261.549734 62.157787 62.157787 -0.000000 1.210838 2.817211 0.000000
7 273.566437 245.683437 264.989448 146.984911 295.783682 193.864745 56.103981 56.103981 -0.000000 1.975839 4.131195 0.000000
8 390.903288 199.517218 432.139948 223.888485 384.929506 255.190535 56.016284 56.016284 -0.000000 4.819281 5.697703 0.000000
12 348.904136 177.039286 351.195084 193.067356 294.842023 191.969944 56.586051 56.586051 -0.000000 6.013726 0.019471 0.000000
13 6.258204 387.307855 26.066463 383.292234 20.972347 411.341653 28.553000 28.553000 0.000000 4.163027 4.892043 0.000000
14 26.012686 383.833981 25.098443 434.197417 20.919794 408.266074 25.491126 25.491126 -0.000000 4.917897 1.411027 0.000000
17 438.934092 286.962287 408.870821 317.778325 385.892349 265.022601 57.150239 57.150239 -0.000000 0.392201 1.160012 0.000000
18 351.834429 193.867280 350.321903 207.150521 268.396197 190.809373 83.492589 83.492589 -0.000000 0.036632 0.196879 0.000000
19 21.007309 433.965831 0.148688 421.952453 20.355526 408.572069 25.138677 25.138677 0.000000 1.545135 2.556709 0.000000
