1 0.041361 393.037982 36.387029 388.720682 18.920789 397.852120 20.944577 14.739587 -0.170625 3.391266 5.801461 0.000000
2 377.954268 198.674172 404.629503 203.396772 382.728817 265.133125 66.177589 66.177589 -0.000000 4.640670 5.053285 0.000000
3 272.882994 244.474621 265.774551 146.660574 295.662470 193.897597 55.986992 55.986992 0.000000 1.993976 4.148256 0.000000
4 277.864831 140.332002 350.287106 202.727688 296.619324 192.902203 55.177614 55.177614 -0.000000 4.369712 0.181074 0.000000
5 349.486496 209.361532 377.965225 199.071412 382.643101 258.808906 60.506112 60.506112 0.000000 4.121707 4.634241 0.000000
7 299.041133 249.288188 274.038890 245.847156 295.686921 188.951012 60.679848 60.679848 0.000000 1.515262 1.934366 0.000000
10 421.320675 212.663721 444.229816 253.939804 384.829313 259.927192 59.328479 59.328479 0.000000 5.369875 6.182728 0.000000
12 36.425603 388.471544 22.005198 434.019681 21.263448 408.625935 25.182718 25.182718 0.000000 5.357361 1.541595 0.000000
13 395.047412 322.699997 362.797511 321.214967 382.456157 249.603895 74.024650 74.024650 -0.000000 1.400214 1.838716 0.000000
15 22.141719 433.945374 0.351949 423.551110 19.951325 409.503837 24.217949 24.217949 0.000000 1.481417 2.519733 0.000000
16 435.096420 294.073913 426.590618 304.624018 393.101775 267.757902 49.676972 49.676972 0.000000 0.559786 0.833365 0.000000
19 323.747906 285.806217 319.828705 250.958076 389.762133 260.830834 70.415200 70.415200 -0.000000 2.779903 3.281839 0.000000
