1 31.767172 385.506946 39.834644 425.533432 30.427184 406.500962 21.629283 15.370997 1.422752 4.776130 1.111731 0.000000
4 348.268585 173.925564 347.000000 209.000000 289.130596 193.568741 62.514391 62.514391 -0.000000 5.962493 0.260593 0.000000
5 291.925305 138.225166 321.145444 143.608807 295.159699 194.716332 57.056427 57.056427 -0.000000 4.655197 5.182776 0.000000
8 317.224110 245.805095 275.020369 244.978811 295.853809 181.576500 67.965180 67.965180 -0.000000 1.249596 1.888273 0.000000
9 443.579454 247.991319 440.805028 283.166152 369.584240 260.601204 74.521615 74.521615 -0.000000 6.114392 0.306826 0.000000
15 404.075328 202.845087 434.847643 228.109960 385.643777 257.386142 57.263115 57.263115 0.000000 5.038279 5.746452 0.000000
20 331.306119 298.422942 319.306348 258.984371 381.822355 261.640207 62.547297 62.547297 0.000000 2.512231 3.184050 0.000000
24 434.876838 293.929165 399.746038 321.397549 385.316251 265.493797 57.255677 57.255677 0.000000 0.520894 1.318192 0.000000
28 23.015341 433.752948 6.094850 428.879613 19.936077 409.512545 24.186106 24.186106 -0.000000 1.444443 2.191306 0.000000
33 -0.908113 394.048920 10.815926 382.854530 26.149887 413.333336 32.882597 32.882597 -0.000000 3.760796 4.246263 0.000000
