5 247.212125 138.971778 236.896047 160.206492 226.866835 143.281462 20.707712 20.707712 0.000000 6.074444 1.035860 0 
6 298.801350 137.231852 294.831921 150.951370 277.527306 137.831346 20.691360 20.691360 0.000000 6.255013 0.648716 0 
8 292.178537 123.939618 291.052268 150.026069 272.619633 137.137768 22.628955 22.628955 0.000000 5.689580 0.610196 0 
9 307.069476 138.917380 307.221636 113.186264 310.602604 126.516808 13.191682 10.298918 1.567617 1.848358 4.464001 0 
10 169.820830 149.724838 145.235482 150.613108 156.429706 146.605100 12.960964 8.219147 0.057324 0.228888 2.797771 0 
14 246.231056 136.920022 240.378727 120.147059 258.266066 121.809552 17.324991 17.324991 -0.000000 2.243380 3.234269 0 
16 245.865312 138.109505 208.416624 143.193042 226.791207 143.672036 18.527477 18.527477 -0.000000 5.999427 3.167655 0 
17 266.167622 64.910976 271.815836 57.351357 269.726223 61.494414 6.245767 4.754015 0.951892 2.376555 5.179523 0 
26 295.223576 124.764280 300.008580 112.009476 299.995473 120.765834 7.158351 7.158351 -0.000000 2.444156 4.713886 0 
30 140.530656 157.848349 103.887663 178.042115 121.578993 164.719324 26.076252 16.125427 -1.194614 5.935372 2.496130 0 
32 207.137890 141.056181 216.352359 127.404339 224.601239 142.533935 17.050998 17.050998 0.000000 3.226012 4.213227 0 
37 121.264015 142.010355 136.627708 157.089681 126.493519 153.180702 13.184573 9.280699 1.441390 4.274537 0.368137 0 
39 119.797890 137.733525 136.250302 141.099248 125.729107 148.623819 12.357324 12.357324 0.000000 4.213675 5.662343 0 
43 137.307242 157.545785 115.997656 184.321544 124.969167 169.432649 16.907875 7.311031 -1.064379 5.516411 2.113099 0 
48 91.902075 163.275125 85.170024 204.703220 91.422493 186.989122 22.089161 9.931488 1.531645 4.732610 1.910111 0 
51 123.381748 129.143633 125.059727 120.044556 126.245800 125.417978 5.290631 5.290631 -0.000000 2.226182 4.495143 0 
65 298.060274 29.152375 286.040443 28.760259 299.698481 -149.853634 178.317143 178.317143 -0.000000 1.579948 1.647115 0 
75 177.501553 146.933903 157.018485 156.911367 155.269657 136.224690 21.678913 21.678913 -0.000000 0.448905 1.486458 0 
79 287.102950 150.717164 276.664378 126.851680 283.448786 138.461778 12.673443 7.674286 1.199882 1.281021 4.183553 0 
80 170.682490 123.710441 172.402351 147.078587 149.975618 136.421361 24.390343 24.390343 -0.000000 5.732644 0.443613 0 
83 150.926099 120.615294 158.453057 132.524256 150.595409 128.838657 16.073289 7.715474 -0.501401 4.752581 0.438579 0 
93 300.610807 9.062367 291.535695 8.053476 307.801047 -217.785383 226.351049 226.351049 0.000000 1.602482 1.642694 0 
121 41.130691 152.904571 33.109735 141.919872 64.583711 125.781421 35.445847 35.445847 -0.000000 2.283755 2.667793 0 
124 75.085181 137.534565 68.489902 131.914992 72.324443 134.643575 4.271985 4.271985 -0.000000 0.808441 3.760048 0 
134 87.458016 169.903148 81.964861 180.782921 84.534053 175.180262 6.566045 5.702967 -0.037776 5.218362 2.000751 0 
146 237.887713 46.514999 254.390101 46.032429 230.787578 272.667972 226.693653 226.693653 0.000000 4.743774 4.816158 0 
194 39.647530 173.389525 0.855021 188.143648 15.533702 171.093184 22.698875 22.698875 0.000000 0.094943 2.281582 0 
207 61.588871 162.025868 44.946885 173.021277 52.227225 164.323280 10.347711 10.347711 -0.000000 6.042534 2.267703 0 
212 181.564565 58.804739 189.978739 52.114102 186.467034 58.035002 6.481601 4.420491 -1.301224 2.985854 5.247722 0 
232 44.361710 175.996604 58.984835 181.268033 41.768894 206.114529 30.255566 30.255566 -0.000000 4.798266 5.318329 0 
