3 301.842021 41.075632 305.892577 63.996257 273.642551 56.349467 32.422868 32.422868 0.000000 5.786787 0.232810 0 
5 210.465621 172.926963 230.284657 211.253192 218.428810 193.015982 21.725706 21.725706 0.000000 4.334994 0.994357 0 
9 196.908662 148.830767 217.946127 167.985718 202.929858 163.022253 15.978752 15.978752 0.000000 4.311126 0.319234 0 
11 210.731789 179.115571 228.276274 209.265801 221.637061 191.577353 17.951598 14.837789 1.183115 3.993504 1.211726 0 
18 228.897452 214.944744 218.070559 235.038019 191.157331 209.306468 36.535164 36.535164 -0.000000 0.148301 0.762956 0 
32 223.023651 210.858023 223.670071 209.161682 215.015273 198.691380 14.584988 10.906145 0.531557 0.988661 3.452794 0 
34 223.839600 216.937323 215.267291 231.376992 197.732563 212.910903 26.159697 26.159697 -0.000000 0.153022 0.811263 0 
36 98.999435 187.425519 119.636325 193.624576 110.558759 189.584231 14.028631 8.229763 -0.363179 3.326217 0.418764 0 
39 199.961550 153.983953 217.946127 167.985718 207.863825 161.303588 12.164085 7.832215 1.202878 3.888733 0.686142 0 
42 136.472979 168.977631 157.510820 165.183295 151.607973 183.001454 19.612054 19.612054 -0.000000 3.888902 5.032293 0 
46 217.766330 197.114511 223.670071 209.161682 192.961444 216.982427 31.396938 31.396938 -0.000000 5.607854 6.033811 0 
48 212.993150 234.973515 175.959804 214.918579 200.028932 213.935008 23.980017 23.980017 -0.000000 1.018540 3.100751 0 
57 211.059002 112.717965 234.698045 117.663290 214.828369 165.502125 53.190684 53.190684 -0.000000 4.641099 5.106054 0 
61 207.203040 157.161883 197.070909 154.707298 219.932406 101.622380 57.549536 57.549536 -0.000000 1.796100 1.977450 0 
63 122.520719 27.867847 116.614849 18.912297 120.106981 23.156673 4.853801 4.853801 -0.000000 1.097323 2.364589 0 
94 107.284564 224.822097 100.542548 187.670368 118.641420 204.959753 24.928592 24.928592 0.000000 2.090206 3.904120 0 
101 130.155467 38.700601 130.957928 48.023049 -122.904515 50.636503 253.554573 253.554573 -0.000000 6.236054 6.272891 0 
104 189.144970 237.637932 173.011794 217.437711 203.586775 211.856439 30.446799 30.446799 -0.000000 2.081408 2.961037 0 
112 130.610511 188.178983 106.757182 225.742579 111.485368 202.131802 26.382679 23.189680 0.993003 5.652899 1.768437 0 
116 109.902770 103.213724 146.210892 106.373723 110.504765 359.949935 256.307185 256.307185 0.000000 4.710044 4.852279 0 
125 75.697824 170.559235 93.928453 150.665139 92.992442 166.818412 16.154986 16.154986 0.000000 2.928574 4.770270 0 
132 80.369634 160.405411 91.187350 153.584361 91.259885 165.093667 11.483131 11.483131 0.000000 3.548113 4.706087 0 
136 83.972506 179.013747 80.286187 165.011886 92.899358 168.066023 13.371246 13.371246 -0.000000 2.254861 3.379159 0 
142 152.888917 21.611084 151.510365 29.094023 48.506384 18.661835 103.246831 103.246831 0.000000 0.028247 0.100935 0 
148 146.107505 31.049153 146.363917 20.055133 360.834428 22.777928 214.068571 214.068571 0.000000 3.103092 3.154287 0 
152 165.725273 178.827288 156.059703 189.087410 150.893280 174.949454 14.995138 14.995138 -0.000000 0.255726 1.220443 0 
158 166.410876 181.117403 157.883270 190.881304 145.231500 169.566672 24.684318 24.684318 -0.000000 0.499286 1.035117 0 
159 77.889883 44.660109 69.588615 42.788880 71.474598 35.264912 7.531181 7.531181 0.000000 0.971690 1.816399 0 
165 84.736582 232.760898 114.535843 237.860821 93.528209 248.755486 20.779105 20.779105 -0.000000 4.209805 5.804765 0 
172 116.885118 26.970313 116.614849 18.912297 128.222963 23.760145 11.959010 11.959010 0.000000 2.865677 3.537201 0 
181 76.901508 22.325686 65.960989 23.428768 72.673995 11.117999 11.489045 11.489045 0.000000 1.210100 2.070020 0 
183 168.231424 89.623562 159.633804 88.178022 165.827873 75.214203 14.583935 14.583935 -0.000000 1.405513 2.016524 0 
188 196.881385 185.971151 214.688198 191.459719 177.401153 288.983967 105.485746 105.485746 0.000000 4.899287 5.077576 0 
194 286.023104 39.820986 291.924775 11.982974 548.186897 88.166320 266.971574 266.971574 0.000000 3.323953 3.430558 0 
198 59.016394 23.817990 50.619635 20.187834 55.489098 -2.109405 22.516322 22.516322 0.000000 1.435581 1.785809 0 
203 45.854023 50.466015 61.795536 52.053380 50.856329 80.133887 29.720015 29.720015 0.000000 4.545350 5.083868 0 
218 84.240473 64.839087 72.277341 63.507792 82.337881 2.248875 61.412416 61.412416 0.000000 1.540408 1.733573 0 
223 71.496864 53.780041 72.710997 62.042468 36.369148 59.333801 36.421362 36.421362 0.000000 6.126381 0.074395 0 
226 128.205086 160.968527 113.646545 162.858207 120.379031 155.649196 9.641523 9.641523 -0.000000 0.596968 2.322027 0 
243 101.001888 25.014319 101.102320 17.987170 121.889877 21.429261 21.671774 21.671774 -0.000000 2.971616 3.305688 0 
244 21.315832 60.155563 36.133153 61.800802 21.650831 130.610764 71.127664 71.127664 -0.000000 4.707634 4.919830 0 
253 46.057428 202.061528 20.093459 200.472715 40.550563 28.839244 173.023093 173.023093 0.000000 1.539016 1.689427 0 
258 3.923655 189.690086 24.157511 187.945122 18.993651 308.852751 120.188986 120.188986 -0.000000 4.586591 4.755072 0 
262 53.145696 10.018854 61.533746 10.862270 53.913121 18.126454 8.056532 8.056532 -0.000000 4.618015 5.521729 0 
275 8.392217 214.147809 16.743384 218.806917 -66.633164 358.163245 162.457320 162.457320 -0.000000 5.192659 5.251556 0 
276 5.980724 222.008422 12.972529 238.012002 -168.993162 311.537278 197.193545 197.193545 -0.000000 5.810245 5.899183 0 
288 66.835309 237.769470 73.645826 232.904006 72.720142 239.500623 6.493462 6.493462 -0.000000 3.427694 4.851806 0 
312 12.816338 3.755789 22.717656 6.161878 19.000013 24.918551 18.673666 18.673666 0.000000 4.428107 4.908057 0 
339 56.806959 185.507127 64.763349 198.533763 16.709676 219.106968 51.886255 51.886255 0.000000 5.585724 5.878667 0 
348 11.382323 183.848684 37.195405 179.085701 27.022024 200.108356 22.236976 22.236976 -0.000000 3.946424 5.163094 0 
368 199.156366 230.756483 185.863569 229.084980 198.300127 176.339638 54.088140 54.088140 -0.000000 1.555063 1.802352 0 
381 117.998826 89.042102 137.011926 89.572381 125.344530 207.637871 118.737220 118.737220 0.000000 4.650529 4.810891 0 
390 85.009638 142.287804 68.994111 142.824132 75.515448 98.351857 44.313766 44.313766 0.000000 1.357977 1.716397 0 
394 16.298752 75.027733 22.322361 69.476265 20.232520 72.116017 4.128340 4.128340 -0.000000 2.504403 5.382037 0 
