1 127.818865 127.738367 178.973473 115.762933 184.786631 261.533702 145.743784 145.743784 -0.000000 4.309855 4.672531 0 
3 129.355092 128.970162 110.146335 135.482961 103.745219 99.825876 36.020532 36.020532 -0.000000 0.849859 1.393170 0 
4 186.000372 115.961308 254.026186 128.930816 190.706547 275.654175 159.883925 159.883925 0.000000 4.682927 5.119801 0 
7 206.099812 183.662415 153.900849 182.275391 188.456345 -19.591627 204.177135 204.177135 -0.000000 1.484208 1.740333 0 
10 280.787490 52.514346 312.953337 56.017176 295.233073 72.634923 24.693451 24.693451 0.000000 4.089717 5.529884 0 
12 -0.014132 169.304347 -0.403006 207.782524 1.279724 188.785338 27.673228 17.504570 -0.510324 4.646070 1.659144 0 
18 269.790402 147.974092 245.621281 174.316339 252.205221 158.511212 20.993909 10.671819 -0.658602 5.743351 1.965505 0 
23 254.206556 69.043422 232.608176 64.231026 251.719749 20.814785 47.241727 47.241727 0.000000 1.519279 1.985466 0 
26 124.981744 173.026566 106.035783 147.996806 118.659975 158.721901 16.533630 8.158766 0.796136 1.154667 3.845835 0 
37 107.733510 46.746524 116.967858 39.905613 116.517254 48.826462 8.639227 8.639227 0.000000 3.374104 4.762857 0 
44 108.555043 53.495558 95.996679 59.976241 99.412396 52.708389 6.812777 6.812777 0.000000 0.085887 2.010138 0 
45 226.932709 56.767924 249.470759 62.597034 235.957783 71.587003 16.413700 16.413700 -0.000000 4.165366 5.696140 0 
53 54.790443 82.824558 20.884851 93.287428 25.323887 39.161143 53.580086 53.580086 0.000000 0.977145 1.652626 0 
88 121.011787 64.066285 85.115453 61.326101 110.666801 -67.675512 131.539009 131.539009 -0.000000 1.492432 1.766335 0 
90 190.144271 64.320514 170.346638 56.117515 183.367527 52.786829 13.784863 13.784863 0.000000 1.039573 2.891167 0 
