49 136.975128 255.740463 183.274129 246.801474 160.833943 253.490321 23.087250 22.133200 0.099839 3.047560 5.993496 0 
67 459.019233 208.871847 438.029447 209.334875 444.145655 69.644469 139.615541 139.615541 0.000000 1.464371 1.614552 0 
90 450.958406 289.959489 462.937845 294.015860 457.566400 291.761244 5.956768 3.409299 0.511817 3.407785 0.397408 0 
93 411.385932 227.993416 411.624995 242.006398 386.353464 236.841241 25.404796 25.404796 -0.000000 5.943437 0.201610 0 
94 505.923868 432.920862 471.280106 440.050489 484.830085 424.240133 21.208442 21.208442 0.000000 0.390407 2.279359 0 
96 537.002669 234.688008 486.989220 234.260190 516.629627 -309.681546 544.338179 544.338179 0.000000 1.533389 1.625234 0 
97 21.236316 246.208355 34.965425 232.964159 46.564576 258.097176 26.716631 26.716631 0.000000 3.580453 4.280004 0 
129 39.107136 232.089078 71.651507 256.722239 35.511244 269.035720 40.841184 30.227856 -0.880398 4.809410 5.954807 0 
133 233.242169 378.917688 237.260713 341.919702 466.998237 388.103888 233.592004 233.592004 0.000000 3.180871 3.339979 0 
153 262.918377 221.542947 239.989086 223.760304 243.242731 160.217178 63.478236 63.478236 0.000000 1.260333 1.621955 0 
175 340.012481 207.012814 357.456080 207.494563 348.602397 211.616342 9.494209 9.494209 -0.000000 3.633564 5.847480 0 
207 417.854480 350.977300 409.895684 374.953798 367.064319 346.233159 51.093036 51.093036 0.000000 0.093136 0.590687 0 
216 161.964121 221.156458 186.734878 233.069363 160.368505 254.036234 32.867916 32.867916 -0.000000 4.760880 5.611370 0 
217 528.039195 199.209703 576.020367 201.589334 527.781734 570.810437 371.450465 371.450465 0.000000 4.713082 4.842303 0 
235 428.171291 264.968328 429.662572 225.948885 897.178800 255.707612 468.517215 468.517215 0.000000 3.121850 3.205160 0 
289 252.115331 226.596176 283.893444 224.663663 271.372265 273.084951 50.013967 50.013967 -0.000000 4.319678 4.965434 0 
300 239.712056 198.272346 259.019551 198.886473 251.857347 323.978568 125.153501 125.153501 0.000000 4.616071 4.769582 0 
309 502.813379 357.887273 473.041504 435.937998 488.074903 399.506487 44.588353 17.477609 -1.454962 5.052735 1.962159 0 
311 44.175330 221.094358 77.651675 240.520027 45.406042 257.828795 36.321865 36.321865 0.000000 4.678899 5.790549 0 
322 319.038816 354.899357 304.542767 330.215994 323.378184 335.821276 20.144634 20.144634 -0.000000 1.794444 3.430839 0 
333 151.965271 227.937283 171.087229 228.645804 159.204190 261.828015 34.523417 34.523417 -0.000000 4.501955 5.056275 0 
343 216.003551 360.989555 195.151393 331.437683 215.766495 337.875985 22.381444 22.381444 -0.000000 1.560541 3.444304 0 
349 125.276822 366.950097 104.040109 373.137661 100.787112 326.381169 46.216464 46.216464 0.000000 1.027692 1.501335 0 
355 392.706335 233.172315 397.042628 255.030880 342.530754 253.245495 54.582113 54.582113 0.000000 5.902628 0.032741 0 
370 582.064170 217.406964 638.237824 225.645662 528.600200 724.717137 510.489465 510.489465 -0.000000 4.817389 4.928637 0 
374 129.525847 253.919592 168.020295 224.584271 160.969888 250.599791 30.861432 26.363412 0.011104 3.036404 4.977040 0 
391 132.778974 355.680271 75.000000 344.000000 105.282128 344.473298 29.120946 23.915418 0.008447 0.387018 3.157221 0 
407 503.787378 455.776708 543.966502 452.314214 561.638342 877.997594 426.239659 426.239659 -0.000000 4.576221 4.670899 0 
417 196.973781 123.234231 208.169313 124.487420 202.287123 211.607346 88.421283 88.421283 -0.000000 4.652337 4.779805 0 
420 138.218806 242.095955 151.667651 229.190048 159.112821 251.441022 24.074333 24.074333 0.000000 3.562166 4.389499 0 
425 263.324477 228.741876 283.754393 230.073447 270.745139 252.715705 26.335807 26.335807 0.000000 4.412211 5.233890 0 
436 219.384355 286.719957 229.052913 275.072427 235.580219 290.487356 16.599236 16.599236 0.000000 3.370143 4.311840 0 
449 19.038432 260.339544 30.691542 231.669297 42.958539 254.386372 25.252544 25.252544 0.000000 2.897671 4.217263 0 
456 345.161619 351.626361 325.826143 360.297983 322.918256 328.064762 32.283870 32.283870 0.000000 0.814170 1.480826 0 
465 25.751172 226.042997 44.072615 221.279281 46.125574 264.411151 42.682939 42.682939 0.000000 4.224231 4.664828 0 
487 463.504617 243.162312 477.816636 242.199746 472.277704 248.176988 9.241185 9.241185 0.000000 3.660866 5.459745 0 
490 120.014540 360.045292 93.278662 360.758439 105.798153 335.588735 28.281327 28.281327 0.000000 1.044247 2.032364 0 
497 247.906063 443.814428 232.402471 451.142712 240.358894 449.749951 8.603073 5.099887 -0.647439 5.616757 2.968300 0 
508 319.108727 360.774557 298.563206 345.078761 323.852680 330.597479 29.923036 29.923036 0.000000 1.726724 2.621548 0 
518 56.914711 226.195751 77.592403 255.989661 51.881632 252.292856 26.035719 26.035719 -0.000000 4.902910 0.142806 0 
533 290.580491 332.962259 289.734408 329.911935 286.142545 333.967942 4.672493 4.672493 -0.000000 6.060339 5.437172 0 
620 172.161836 231.654943 185.429775 247.278401 163.650110 251.515116 21.823548 21.823548 -0.000000 5.117290 6.091059 0 
