14 246.036332 94.142868 249.497638 92.418104 232.511717 84.151614 22.575548 11.909121 0.050089 0.636259 4.834940 0 
15 72.185730 126.710339 90.097761 147.949586 55.496441 158.709327 36.060037 36.060037 -0.000000 5.193133 5.981701 0 
16 238.262406 72.474236 249.497638 92.418104 230.703794 85.017321 23.037348 12.535219 -0.001591 5.254727 0.375139 0 
19 108.907922 96.090819 120.139888 117.138109 99.288382 115.393244 20.921978 20.921978 0.000000 5.174723 0.083486 0 
35 67.531489 157.806003 83.620478 157.120573 75.611314 159.019489 10.999410 7.757042 -1.520601 3.290666 6.050391 0 
57 216.099681 121.286877 241.206345 127.607058 219.320284 179.898132 57.719014 57.719014 -0.000000 4.657496 5.108778 0 
69 47.596900 149.184327 59.474348 162.558839 -18.627618 205.512245 88.985803 88.985803 0.000000 5.578366 5.780368 0 
86 210.797161 75.473784 253.937676 79.071492 230.412656 112.799369 42.001763 42.001763 -0.000000 4.228531 5.321432 0 
139 253.022538 93.046467 207.597259 87.440430 232.814708 62.241798 36.414733 36.414733 0.000000 0.990215 2.356568 0 
168 97.568079 206.814589 101.709214 174.832863 317.375052 217.052913 219.521585 219.521585 -0.000000 3.188138 3.334914 0 
174 41.337744 44.995427 40.230814 74.006345 -114.718705 50.465459 156.354791 156.354791 0.000000 6.248148 0.150773 0 
266 229.955898 231.150885 211.104925 225.641017 243.126721 162.375478 69.936597 69.936597 0.000000 1.760010 2.039351 0 
