3 44.786178 78.032238 28.251235 80.993890 37.047156 84.641002 9.090262 9.090262 -0.000000 5.576401 3.534653 0 
6 140.847084 96.207912 145.816757 95.836252 142.184153 87.047502 8.691052 8.691052 -0.000000 1.715734 1.178856 0 
10 211.232839 100.639055 225.955522 108.730868 216.246564 109.258965 11.213317 8.756630 -1.086895 4.185575 6.228846 0 
11 228.562896 118.006281 243.016515 109.995261 235.863663 111.766715 11.644584 7.011275 -1.440314 2.434408 6.040413 0 
12 247.866903 112.000773 254.034901 103.360131 253.847432 109.343773 6.363812 6.363812 0.000000 2.723510 4.743709 0 
13 133.993924 119.938716 156.809608 124.245979 143.718855 139.171082 20.598502 20.598502 0.000000 4.244228 5.432405 0 
26 28.930385 117.626846 46.930966 119.138785 35.336468 150.327183 33.428925 33.428925 0.000000 4.518936 5.068313 0 
77 155.201128 98.469405 134.657150 100.460393 143.259343 83.770436 18.815069 18.815069 -0.000000 0.888526 2.046697 0 
83 159.010694 87.901510 154.687199 97.701429 146.115422 87.102467 13.935406 13.935406 0.000000 0.061885 0.890750 0 
95 147.089720 78.566925 145.816757 95.836252 145.633650 88.524814 11.624233 9.104050 -0.668757 4.857583 2.470641 0 
100 29.312743 80.313914 43.968249 78.088090 37.298746 84.324341 8.639304 8.639304 0.000000 3.606984 5.531345 0 
102 48.791176 75.957420 35.135216 96.473541 33.181573 80.153923 17.621170 14.218640 0.713322 6.020554 1.451652 0 
107 24.952128 91.016009 45.761285 74.437001 35.347559 83.168759 12.688378 12.688378 -0.000000 2.494979 5.585414 0 
115 134.408415 99.785685 160.068967 85.255083 143.090160 85.786257 16.642731 16.423366 1.501153 2.125900 6.251911 0 
117 29.977420 99.757116 30.256006 99.662958 36.311214 83.563862 17.267385 16.644707 0.219949 1.943640 1.930549 1 
168 132.890814 94.055654 147.992615 72.865675 142.524101 85.147788 12.553172 12.553172 -0.000000 2.395299 5.131279 0 
274 180.637739 27.984446 181.841442 -0.049745 434.371996 20.959838 253.333653 253.333653 -0.000000 3.113915 3.224598 0 
284 133.989529 232.892995 147.999329 233.057263 141.642392 261.572643 29.642706 29.642706 0.000000 4.451625 4.931732 0 
287 95.035781 251.304864 77.919460 253.313782 69.088962 116.913835 136.560272 136.560272 0.000000 1.380073 1.506147 0 
