40 201.187359 205.452935 246.205920 209.487751 211.270418 379.551036 173.126253 173.126253 0.000000 4.654538 4.914997 0 
48 262.998321 119.981564 291.030651 120.940417 277.314916 166.194532 49.744370 49.744370 0.000000 4.411969 5.006671 0 
55 148.125275 117.056770 159.052925 109.917698 153.673483 117.763969 10.233116 5.410564 -1.324740 3.268373 5.313388 0 
108 85.873987 5.980038 85.483149 28.026293 -89.652554 9.173616 175.796196 175.796196 -0.000000 6.264993 0.107233 0 
116 263.944275 229.483874 188.546084 218.239984 233.993244 138.971428 93.684776 93.684776 0.000000 1.251233 2.091376 0 
120 6.146720 91.978909 4.994185 101.608947 -1.831900 96.316432 8.841441 8.841441 -0.000000 5.785236 0.659520 0 
123 211.002654 55.079615 203.137005 46.083585 208.447689 49.209211 6.219195 6.219195 -0.000000 1.160294 3.673554 0 
132 68.830777 87.989964 67.169066 116.010026 -199.203657 89.187462 267.663621 267.663621 0.000000 6.278718 0.100357 0 
184 19.735053 146.136333 15.730972 156.684849 14.860268 150.211904 6.074583 6.074583 -0.000000 5.586845 1.437085 0 
232 134.857645 6.990498 134.624492 35.021829 -24.061256 20.696506 159.435140 159.435140 0.000000 6.197153 0.090031 0 
