2 431.345470 296.962867 436.346412 242.123724 542.333696 277.969354 112.934427 112.934427 -0.000000 2.972104 3.467723 0 
16 537.730538 207.492977 590.456049 265.795912 507.140560 288.023601 85.220308 85.220308 -0.000000 5.075409 6.022468 0 
28 179.610046 156.024646 181.482403 118.931561 304.709702 144.829463 125.761101 125.761101 -0.000000 3.052340 3.348742 0 
29 274.665832 323.006819 260.414586 387.208725 161.639511 330.974067 113.676559 113.676559 -0.000000 6.212812 0.517555 0 
30 473.263465 358.665766 445.357148 329.735894 511.427804 293.504221 74.992777 74.992777 -0.000000 2.100626 2.639996 0 
56 436.245263 242.119500 452.412973 218.353454 493.637175 266.585357 62.693361 62.693361 0.000000 3.544559 4.005168 0 
59 554.082268 220.918486 572.498977 239.505598 511.515351 284.181928 75.210081 75.210081 0.000000 5.304661 5.650916 0 
66 206.220103 137.780972 193.919842 105.972747 232.512593 107.638555 39.770189 39.770189 0.000000 2.288081 3.184730 0 
69 379.043977 96.840395 367.830658 84.968403 905.255242 -129.881672 582.085002 49.800184 -0.390699 2.734771 2.761278 0 
94 271.593156 207.336747 289.774687 219.285213 210.485376 317.288178 126.057685 126.057685 0.000000 5.219652 5.392624 0 
151 586.050749 327.404756 555.774027 362.668826 531.719512 309.034899 57.849323 57.849323 0.000000 0.326042 1.149195 0 
196 134.051756 248.072350 191.970502 230.104089 182.751531 304.465593 74.475930 74.475930 0.000000 4.000067 4.835735 0 
230 107.110552 403.449095 90.149843 361.272713 220.669365 330.579668 134.104736 134.104736 0.000000 2.571082 2.910629 0 
269 199.188987 92.151535 221.995375 79.014579 221.809427 103.560988 25.076726 25.076726 -0.000000 3.608744 4.719964 0 
290 221.873212 249.162882 225.399014 230.260960 429.210539 279.412373 210.324426 210.324426 -0.000000 3.286466 3.378235 0 
303 122.628036 116.850065 140.252674 115.975864 131.737444 116.841969 8.810422 7.456772 0.025377 3.140704 6.181821 0 
480 263.749269 362.946237 266.136131 351.814765 537.529590 405.666917 276.831570 276.831570 0.000000 3.296384 3.337477 0 
483 143.929128 440.090440 122.665180 423.427266 208.329821 335.695006 122.186684 122.186684 -0.000000 2.123544 2.344271 0 
555 173.000718 235.040796 190.912972 235.641545 182.734567 343.821240 108.967848 108.967848 0.000000 4.623145 4.787846 0 
566 273.169256 61.457860 257.673743 55.642652 294.520050 -19.032409 83.341629 83.341629 0.000000 1.830084 2.029168 0 
746 153.778085 401.332092 135.435635 383.598233 199.368445 330.916885 83.640996 83.640996 -0.000000 2.145377 2.452381 0 
801 90.049531 178.791711 70.009557 179.345710 78.261750 118.801197 61.024472 61.024472 -0.000000 1.376774 1.706261 0 
838 595.424654 70.649563 609.902139 69.148403 602.609495 74.555058 8.574812 8.574812 -0.000000 3.639489 5.645221 0 
881 265.201889 372.111831 251.036254 394.031037 192.448298 340.658603 79.104028 79.104028 0.000000 0.408059 0.738848 0 
895 130.156902 221.062606 128.898084 184.003462 506.909614 187.541729 377.867202 377.867202 -0.000000 3.052853 3.150953 0 
998 592.973687 266.650583 594.860783 323.163434 471.138559 298.610683 126.853117 126.853117 0.000000 6.026643 0.195905 0 
1071 274.107762 26.986656 275.000000 53.000000 -312.833695 51.141064 587.869328 587.869328 0.000000 6.242056 0.003162 0 
1089 257.789550 61.346331 253.093733 74.258328 258.593319 66.825696 8.814300 5.679156 -0.475806 4.566738 2.207818 0 
