14 208.931308 174.001723 211.676249 152.932227 281.531516 173.348807 72.710482 72.710482 -0.000000 3.132600 3.425942 0 
16 214.218276 163.913812 220.363104 186.958543 167.682643 189.590352 52.882107 52.882107 -0.000000 5.778991 6.233269 0 
31 208.246290 258.037595 217.600174 227.407793 291.133240 267.329318 83.422958 83.422958 0.000000 3.253228 3.638973 0 
56 197.091165 151.880188 200.911931 154.977934 210.648938 124.531918 30.149417 30.149417 -0.000000 2.031034 2.792016 0 
61 203.912894 143.051692 200.911931 154.977934 174.337528 144.876647 33.768649 10.996600 0.149603 6.221558 0.363246 0 
92 204.364275 292.725140 193.367772 318.159009 104.761167 262.568418 103.592985 103.592985 0.000000 0.293995 0.560314 0 
96 179.525950 143.534647 173.101294 113.144924 192.906654 123.048722 23.891445 23.891445 0.000000 2.149394 3.605285 0 
119 414.184067 140.027879 424.631056 125.531824 434.676459 144.653898 21.563213 21.563213 -0.000000 3.363614 4.228683 0 
171 431.239882 399.629560 401.501635 373.432163 466.827947 328.139105 79.441824 79.441824 0.000000 2.032684 2.535353 0 
174 331.969268 307.060113 322.213957 294.879485 364.293993 271.945149 47.616426 47.616426 0.000000 2.314844 2.642583 0 
175 111.053376 313.752269 130.347562 327.331625 129.277203 330.733079 24.975670 10.176425 0.576136 3.891697 0.534916 0 
200 49.839913 419.050536 25.024696 370.014307 43.496183 390.350382 28.778217 23.791989 1.292992 1.353259 3.975001 0 
218 83.049073 323.686516 127.797453 351.318003 84.360180 371.047124 46.513535 46.513535 0.000000 4.684713 5.856846 0 
246 54.456292 373.301823 66.940560 415.001643 -3.374937 417.105756 72.372450 72.372450 0.000000 5.634937 6.253270 0 
249 47.378290 378.290397 31.090256 443.064779 9.860141 405.158253 46.228515 46.228515 -0.000000 5.661716 1.060259 0 
254 70.845447 361.108615 85.936769 404.085240 26.607984 404.560372 61.408620 61.408620 0.000000 5.506747 6.275177 0 
280 96.138503 361.415072 105.382833 393.974200 40.276218 397.914812 66.605674 66.605674 0.000000 5.704432 6.222734 0 
286 82.603887 328.669629 121.816140 390.004153 59.660911 389.592491 64.057555 64.057555 -0.000000 5.072553 0.006623 0 
290 283.433250 333.024030 276.969479 367.989926 192.781296 331.923412 91.048536 91.048536 -0.000000 0.012141 0.404750 0 
292 496.001880 217.981038 538.366191 229.216488 482.765087 350.021107 133.217832 133.217832 0.000000 4.812303 5.143739 0 
296 393.360573 322.915484 428.217882 254.225989 473.689860 321.619727 80.088079 80.088079 -0.000000 3.125463 4.118831 0 
299 25.174922 344.417949 76.371564 414.018750 14.178367 407.173710 63.439764 63.439764 0.000000 4.885856 0.109620 0 
303 115.265757 319.488939 130.347562 327.331625 98.778850 369.335745 52.129581 52.129581 0.000000 5.031814 5.356889 0 
319 82.395908 336.449182 107.458968 365.221850 35.632775 405.618667 83.960375 83.960375 0.000000 5.306871 5.770853 0 
325 220.474178 253.329387 245.626424 271.114070 184.543311 330.344470 84.044937 84.044937 -0.000000 5.148915 5.513185 0 
326 98.950643 329.061191 124.757264 355.167008 62.225168 391.612337 72.348869 72.348869 -0.000000 5.243289 5.755490 0 
331 58.867617 338.801634 84.461015 352.451964 50.604881 385.990766 47.703821 47.703821 0.000000 4.885730 5.502496 0 
346 46.023683 334.559930 94.804583 358.184836 48.547614 391.905113 57.165720 57.165720 0.000000 4.668404 5.653275 0 
354 555.351209 276.792447 542.325147 378.414664 486.094727 319.157972 82.049879 82.049879 0.000000 5.734193 0.811597 0 
358 113.227159 312.081095 140.931046 323.109295 110.151923 361.227531 48.768053 48.768053 -0.000000 4.774880 5.391665 0 
375 111.436065 291.221858 190.998347 244.772594 180.046791 318.732306 73.998649 73.998649 -0.000000 3.522930 4.859395 0 
378 401.954235 331.204151 434.019776 331.599144 395.485626 962.506996 632.885299 632.885299 0.000000 4.722635 4.773391 0 
383 395.299285 327.923517 426.650169 258.659035 478.758018 323.236623 82.694520 82.694520 0.000000 3.085493 4.033453 0 
384 557.688656 274.597790 570.532936 306.848183 506.865793 313.495476 63.479049 63.479049 -0.000000 5.629927 6.179155 0 
401 98.149148 323.614615 124.292723 340.536510 76.461159 389.183288 69.187374 69.187374 0.000000 5.031829 5.489338 0 
416 24.116162 342.141428 59.379264 353.207532 21.882266 407.689309 65.645981 65.645981 0.000000 4.746456 5.315184 0 
428 30.081446 392.989511 27.768483 375.029816 122.796849 371.777031 94.792581 94.792581 0.000000 2.916673 3.107376 0 
434 434.483496 238.010880 521.139844 226.362992 492.480068 336.209525 113.789431 113.789431 0.000000 4.178907 4.967607 0 
435 483.052379 235.690699 535.868121 252.259167 479.025826 338.425352 102.594824 102.594824 -0.000000 4.751563 5.295541 0 
438 8.031203 348.232366 33.792208 355.888392 8.937596 393.687529 45.509275 45.509275 0.000000 4.692451 5.294050 0 
445 506.970509 242.081814 555.488237 276.630648 491.637646 316.229701 74.994532 74.994532 -0.000000 4.916302 5.728057 0 
493 44.719033 439.655897 30.889310 448.345358 2.301605 393.197577 62.676290 62.676290 0.000000 0.830834 1.092550 0 
496 1.878241 354.910858 44.323369 374.827316 7.398454 398.765847 44.077958 44.077958 0.000000 4.587173 5.708004 0 
586 270.878470 311.024592 271.619278 355.104890 165.222386 334.268988 108.545831 108.545831 -0.000000 6.066634 0.193385 0 
601 29.415176 440.755958 12.005909 440.986973 20.129141 420.133359 23.410433 23.410433 -0.000000 1.147706 1.942250 0 
