1 98.914683 24.836300 109.081366 21.856392 106.380223 30.100683 8.790750 8.790750 0.000000 3.755772 5.029005 0 
32 244.208184 100.918907 226.109070 97.433603 242.456230 68.674263 31.285003 31.285003 -0.000000 1.516517 2.087666 0 
35 172.831486 54.170892 184.084547 54.717663 177.928656 66.173025 12.967534 12.967534 0.000000 4.310782 5.205492 0 
36 187.136214 75.372589 170.819758 71.830205 184.145890 23.792869 49.419741 49.419741 0.000000 1.512886 1.841404 0 
46 246.180319 5.271524 216.980568 3.308225 244.580654 -234.149997 240.168864 240.168864 0.000000 1.564115 1.686508 0 
66 257.006940 107.887089 284.000429 108.503319 266.858787 256.839215 149.032878 149.032878 -0.000000 4.646344 4.827438 0 
83 184.981558 205.117509 214.050288 209.679573 171.042340 382.735264 177.905195 177.905195 -0.000000 4.790707 4.955975 0 
121 298.985170 126.540594 311.101669 126.149453 313.956128 231.980966 106.639094 106.639094 -0.000000 4.571347 4.685424 0 
128 49.990561 54.185506 71.096292 55.402156 58.727130 90.549138 36.990404 36.990404 0.000000 4.476602 5.050779 0 
136 69.428791 107.140640 46.312254 115.830637 23.640675 15.588813 102.113159 102.113159 -0.000000 1.107042 1.348370 0 
149 318.102527 182.117183 271.014832 175.935676 309.748691 58.504398 123.410013 123.410013 0.000000 1.503318 1.889402 0 
164 151.829141 27.874410 165.740446 32.407594 150.426053 47.431077 21.637726 21.637726 0.000000 4.784011 5.507376 0 
183 267.887769 167.784274 310.166790 173.834459 268.256699 306.903086 138.276635 138.276635 -0.000000 4.709737 5.017505 0 
190 47.938725 145.860680 -0.173385 142.435385 35.557717 -106.346138 251.105548 251.105548 -0.000000 1.521745 1.713445 0 
245 318.087807 166.168082 303.044300 164.580281 319.936868 74.485024 91.496831 91.496831 -0.000000 1.590962 1.756141 0 
252 249.050592 169.392449 267.155210 175.155024 251.555133 197.568686 28.214145 28.214145 -0.000000 4.623734 5.320430 0 
