22 397.525965 267.602553 418.098629 247.141345 449.798252 299.023698 60.578888 60.578888 0.000000 3.682824 4.163927 0 
24 591.091887 290.989295 591.339425 333.055950 441.440988 313.773111 151.544287 151.544287 0.000000 6.132099 0.127937 0 
40 323.487116 366.100143 302.109451 348.923533 329.621695 335.267005 30.881336 30.881336 -0.000000 1.767192 2.680845 0 
57 144.529202 90.812495 156.439254 103.003273 149.823741 97.537280 11.660273 6.981463 -1.519031 4.045429 0.690537 0 
65 547.854691 218.234788 576.961361 240.024109 501.304395 315.963402 107.825479 107.825479 0.000000 5.156915 5.495925 0 
76 462.926620 223.610643 512.040637 221.526994 493.111225 369.041021 148.815236 148.815236 -0.000000 4.507741 4.840014 0 
81 556.971841 233.035175 587.688837 269.146580 522.861476 294.535784 69.471387 69.471387 0.000000 5.218783 5.909904 0 
141 412.104187 396.835923 396.177179 379.767811 460.404909 334.213184 78.457489 78.457489 -0.000000 2.227789 2.524674 0 
147 378.996993 336.972131 369.936141 337.443420 369.193481 207.187472 130.180200 130.180200 0.000000 1.495403 1.565095 0 
218 512.063893 414.505943 452.879672 416.106404 475.141432 245.776491 172.339739 172.339739 0.000000 1.355366 1.700758 0 
239 424.903194 118.830402 403.852074 117.839142 377.780072 -155.222974 274.451715 274.451715 0.000000 1.400513 1.475605 0 
269 202.060436 239.861865 221.465833 301.009850 148.845936 288.513287 72.814844 72.814844 0.000000 5.542552 0.170413 0 
314 147.413711 393.660061 128.981708 400.122032 126.672216 372.142038 29.872136 29.872136 0.000000 0.803771 1.488442 0 
316 92.927541 414.547226 34.911060 379.052352 87.517155 355.068408 58.325083 58.325083 0.000000 1.480083 2.713830 0 
463 79.040733 418.515176 57.653221 412.875439 85.880654 355.674424 63.480730 63.480730 -0.000000 1.679215 2.029213 0 
508 82.069657 416.378978 45.684057 401.470461 85.470668 358.007794 58.612499 58.612499 -0.000000 1.628996 2.312066 0 
518 599.345999 273.744055 604.291925 299.754337 490.913466 307.867870 113.114313 113.114313 0.000000 5.978297 6.211746 0 
545 132.904140 407.755343 86.985526 416.495239 85.463882 298.082045 119.289389 119.289389 -0.000000 1.162540 1.557947 0 
546 488.873019 425.283913 526.942845 424.418300 519.822275 701.082100 277.341090 277.341090 0.000000 4.600639 4.738121 0 
