20 413.029215 280.008627 427.029732 256.248771 448.710374 283.795775 35.520048 35.520048 0.000000 3.247335 4.045600 0 
44 580.339485 235.614545 615.660922 282.736232 521.214380 316.404780 99.947681 99.947681 0.000000 5.344163 5.940747 0 
68 268.379423 238.751205 281.860294 255.031525 99.306282 423.184580 250.020608 250.020608 0.000000 5.454363 5.538827 0 
69 225.798959 264.040199 217.403843 314.265222 114.394097 270.901595 112.436571 112.436571 0.000000 6.221673 0.398449 0 
83 165.494970 361.467968 99.876069 374.797882 99.884360 201.922149 173.957983 173.957983 0.000000 1.180643 1.570844 0 
101 223.988926 66.226175 257.245528 81.604516 237.764822 76.604023 17.827823 7.323576 0.484458 3.787224 0.391896 0 
110 97.360849 171.782090 94.047028 165.011190 93.993320 168.834812 4.408924 3.881570 0.537974 0.718946 4.726434 0 
127 287.266693 69.835274 301.219671 62.115370 291.243575 62.418966 7.757855 7.757855 -0.000000 2.063010 6.252762 0 
159 525.203257 419.665732 475.545293 413.949033 515.220177 267.973823 151.468329 151.468329 -0.000000 1.505080 1.836178 0 
176 56.150390 98.962297 58.370161 118.021550 0.886202 113.445834 57.464570 57.464570 -0.000000 6.026872 0.079432 0 
182 142.306648 365.317878 122.958107 369.819959 80.360648 152.737418 221.368636 221.368636 0.000000 1.287248 1.377031 0 
188 173.886702 207.369692 211.577056 231.521131 160.157828 270.691517 64.481062 64.481062 -0.000000 4.925896 5.632184 0 
204 337.877159 254.187711 348.435942 245.417278 343.105179 247.922085 6.645340 6.645340 -0.000000 2.266162 5.843924 0 
210 131.653996 120.879556 103.940206 148.697020 108.087404 123.026217 26.601077 21.499492 -1.038435 6.192347 1.730966 0 
246 48.195882 143.437932 47.420071 126.959620 389.410627 115.447741 341.956111 341.956111 0.000000 3.059745 3.107944 0 
253 394.564717 317.002512 398.158537 284.404002 566.919697 316.968141 172.631960 172.631960 -0.000000 3.141393 3.332210 0 
285 64.400137 59.964280 65.281184 77.912342 -40.366368 73.434757 105.415926 105.415926 -0.000000 6.155311 0.042357 0 
289 457.662384 405.623872 417.247233 376.753733 492.348355 315.888591 96.376346 96.376346 -0.000000 1.939643 2.460517 0 
315 151.886528 62.144035 138.011621 42.997754 165.329267 41.219093 27.086840 27.086840 -0.000000 2.141829 3.076574 0 
324 162.682435 143.957318 158.538537 163.832946 84.652023 140.437133 77.911355 77.911355 -0.000000 0.045082 0.306657 0 
327 189.771098 75.996709 212.974866 63.927003 220.078104 105.884772 42.501744 42.501744 0.000000 3.920031 4.544684 0 
372 94.705984 152.955320 82.619733 149.235565 129.778224 18.116580 138.809453 138.809453 0.000000 1.825263 1.916052 0 
377 590.387408 395.201132 571.020743 408.064668 522.849767 313.028397 106.765169 106.765169 0.000000 0.882845 1.101668 0 
394 225.937488 63.270273 257.245528 81.604516 226.541742 99.523500 35.479966 35.479966 -0.000000 4.695723 5.754906 0 
402 18.461441 275.062353 28.713045 254.662217 79.099642 289.543403 62.105548 62.105548 -0.000000 3.376013 3.747113 0 
415 101.960956 74.120517 116.343276 86.930759 -168.714122 217.711190 316.326860 46.661350 -0.447158 5.795444 5.853049 0 
422 41.959330 340.017059 33.918736 294.998818 124.933347 301.389834 91.659477 91.659477 0.000000 2.705896 3.211697 0 
466 215.951422 150.840340 186.978169 135.916649 220.071054 109.238726 42.204138 42.204138 0.000000 1.669500 2.463111 0 
511 88.206540 371.475985 56.248165 353.673351 107.691877 299.154790 74.683975 74.683975 0.000000 1.833975 2.327184 0 
516 621.373553 335.877403 609.307520 363.586829 554.161638 325.522077 67.838106 67.838106 0.000000 0.152868 0.604156 0 
535 510.001584 426.919323 463.717392 416.654670 527.287791 255.210883 173.701449 173.701449 0.000000 1.671130 1.945913 0 
582 352.824062 62.969810 366.036556 50.753967 365.031483 62.208240 12.186430 12.186430 -0.000000 3.079288 4.799911 0 
597 359.947928 139.415907 379.959010 141.103058 362.464751 241.383047 101.990121 101.990121 0.000000 4.687711 4.885105 0 
639 85.887330 57.063926 92.875178 52.163275 89.962537 54.422488 4.306101 4.306101 -0.000000 2.566503 5.623464 0 
640 335.008723 140.931325 310.920530 135.366071 413.372936 -152.818574 304.171799 304.171799 0.000000 1.831497 1.912371 0 
