69 515.724363 195.475836 569.082394 185.260571 560.408632 272.084558 88.212968 88.212968 -0.000000 4.184355 4.811959 0 
199 374.917363 22.911322 350.600742 45.571558 113.392405 -235.887691 367.784963 367.784963 -0.000000 0.780159 0.870509 0 
337 172.999093 243.201267 198.003091 243.313915 184.616795 438.912165 195.772359 195.772359 -0.000000 4.653097 4.780720 0 
341 511.174475 306.890119 482.889139 312.434420 441.016052 6.855645 308.031904 308.031904 -0.000000 1.341089 1.434616 0 
384 570.318968 185.320154 596.330449 203.696630 562.402286 224.309462 39.067470 39.067470 0.000000 4.912713 5.737238 0 
385 270.700436 257.181012 293.491028 303.891244 235.059639 304.725413 57.694441 57.694441 -0.000000 5.355654 6.268910 0 
425 420.009135 302.290437 401.991493 303.943015 365.422112 -184.207480 489.394744 489.394744 0.000000 1.459060 1.496022 0 
485 174.536109 264.270761 183.971812 254.898013 176.455967 255.608053 9.394464 8.140657 0.315679 1.788895 6.188992 0 
527 289.917351 88.322736 298.992078 63.014599 294.107451 76.045377 14.638630 14.638630 -0.000000 1.899688 5.071031 0 
671 215.889994 229.948170 202.391908 257.702920 140.186220 204.808506 79.701349 79.701349 0.000000 0.320622 0.704677 0 
674 265.406095 165.955245 277.340241 172.551763 259.285717 185.656945 22.627682 22.627682 -0.000000 5.013590 5.655309 0 
675 400.797442 327.878655 380.753350 338.385009 386.758687 324.594730 14.402693 14.402693 -0.000000 0.229787 1.981507 0 
750 533.890927 197.270824 587.876621 221.082546 550.474763 221.985944 36.853002 25.953397 0.131640 4.121393 6.259036 0 
759 190.218461 277.728267 175.080719 305.744531 69.551865 229.309083 130.249147 130.249147 -0.000000 0.381596 0.626855 0 
766 234.225490 253.572616 267.161156 281.871226 212.652415 311.347869 61.206269 61.206269 0.000000 5.069753 5.787457 0 
784 457.738396 118.936229 472.947990 123.186135 448.096428 185.158103 66.316641 66.316641 -0.000000 4.856974 5.093768 0 
833 157.899123 246.999912 180.967027 244.673104 179.176275 373.764320 128.643399 128.643399 0.000000 4.546091 4.726260 0 
851 257.269593 234.255230 284.856657 262.462029 223.660177 297.270658 71.115687 71.115687 0.000000 5.202361 5.766022 0 
853 379.669292 365.895859 381.946644 348.960132 396.196238 358.876086 17.693688 17.693688 0.000000 2.739936 3.749546 0 
862 227.366618 258.394354 221.650719 281.034340 200.479939 263.356136 27.364366 27.364366 0.000000 6.100694 0.695738 0 
945 275.497172 316.082443 211.926289 407.887702 175.174350 311.454847 100.289447 100.289447 0.000000 0.046094 1.206676 0 
969 230.194135 210.912450 229.329768 233.003934 195.575357 215.456093 36.032555 36.032555 0.000000 6.152683 0.479415 0 
1001 453.537309 185.355353 467.797756 203.923338 381.600365 253.556505 99.697971 99.697971 0.000000 5.524439 5.760744 0 
1032 520.673361 344.533221 484.031434 355.279024 477.307650 274.262438 81.843387 81.843387 0.000000 1.017881 1.487993 0 
1049 84.459486 414.727169 65.518345 400.647985 117.968128 349.701722 72.486073 72.486073 0.000000 2.046621 2.370735 0 
1060 491.959897 350.836191 449.467401 336.523371 483.659024 310.761350 42.959085 42.959085 0.000000 1.366550 2.495881 0 
1103 571.962211 181.078562 597.066575 199.951347 558.525777 228.230856 48.524090 48.524090 0.000000 4.989989 5.650162 0 
1104 427.629076 293.854967 452.666498 244.795679 576.033917 340.757328 155.601796 155.601796 -0.000000 3.447702 3.802682 0 
1114 594.030024 221.996734 574.609166 296.759837 491.898372 234.316082 102.816254 102.816254 0.000000 6.163143 0.646671 0 
1116 197.960757 274.991127 195.616269 286.901021 178.636536 274.626242 20.821524 20.821524 0.000000 0.018880 0.625935 0 
1119 443.969017 287.990464 448.879901 273.983757 485.212082 297.260427 42.271612 42.271612 0.000000 3.362683 3.711376 0 
1130 236.826893 258.310620 252.654123 270.453635 230.861364 281.644174 24.258688 24.258688 0.000000 4.962690 5.808798 0 
1148 92.142981 420.721196 45.397703 364.172891 108.381316 359.603026 62.134163 62.134163 0.000000 1.830484 3.069163 0 
1167 385.293936 194.965704 422.069929 182.201478 557.811480 629.303638 467.061687 467.061687 0.000000 4.334302 4.417630 0 
1175 49.900677 331.452595 72.891488 293.916145 142.139983 361.661074 96.396721 96.396721 0.000000 3.458085 3.916016 0 
1193 553.966856 187.224099 578.280115 192.645445 557.331551 233.861063 46.514426 46.514426 -0.000000 4.640367 5.182629 0 
1198 278.294224 320.898023 273.528550 342.628196 249.063991 326.806817 29.270737 29.270737 -0.000000 6.083727 0.574056 0 
1199 45.241907 357.890238 48.423401 335.916516 112.418678 354.459867 66.362190 66.362190 0.000000 3.090572 3.423630 0 
1216 274.512848 283.497357 282.888055 308.704944 211.807571 317.152528 70.673508 70.673508 0.000000 5.790595 6.164895 0 
1221 42.515193 192.532884 60.172958 204.129261 48.693955 202.942806 10.845694 10.845694 -0.000000 4.176729 0.102993 0 
1249 98.438328 272.203307 86.031402 282.027695 6.941629 160.006257 144.542427 144.542427 0.000000 0.886675 0.995714 0 
