17 307.547183 326.721932 314.857130 349.025107 273.498396 350.906000 41.379598 41.379598 0.000000 5.665595 6.237739 0 
23 445.970232 101.081940 455.981275 86.861917 451.418762 94.417233 12.356022 7.105954 -0.069605 2.256129 5.255657 0 
34 479.974289 163.979507 460.078445 185.083592 426.665377 134.109003 60.573969 60.573969 0.000000 0.510738 0.990575 0 
42 457.757731 133.082156 474.730462 104.793633 513.356217 151.894271 59.293596 59.293596 0.000000 3.467857 4.025530 0 
50 484.911956 198.318439 526.476706 192.949106 529.412766 381.596737 188.223623 188.223623 -0.000000 4.474194 4.696827 0 
60 233.995961 182.428036 263.994465 182.216193 253.365968 339.800739 157.800806 157.800806 -0.000000 4.589921 4.779733 0 
72 488.833451 182.125226 495.245118 163.219179 500.084735 176.187942 13.357403 13.357403 0.000000 2.656033 4.355219 0 
77 222.920400 102.334872 249.025223 99.210760 254.095918 234.590659 135.203441 135.203441 -0.000000 4.480893 4.674951 0 
80 514.693157 118.071315 477.937067 186.908027 430.797269 80.583294 124.361181 59.636080 0.933901 0.420223 1.153481 0 
88 612.045103 247.964693 621.790696 266.056906 560.660757 287.679351 65.205563 65.205563 0.000000 5.625192 5.943207 0 
104 116.829775 235.009061 114.913186 199.004621 230.160324 209.531875 114.918070 114.918070 0.000000 2.920465 3.232685 0 
105 471.050935 427.568246 411.984327 375.007984 486.777011 350.688916 78.089327 78.089327 -0.000000 1.772568 2.827222 0 
133 409.778135 317.157300 421.690323 282.450202 501.402774 332.240580 92.938597 92.938597 0.000000 3.304750 3.699922 0 
137 213.999708 337.021716 117.399817 326.384354 195.374067 -28.714558 365.456639 365.456639 0.000000 1.519914 1.786950 0 
144 422.448758 234.566773 444.014108 217.491851 494.935325 305.252337 101.366874 101.366874 -0.000000 3.914412 4.186634 0 
204 540.017130 214.869308 569.814141 223.206581 532.413538 295.259078 80.972351 80.972351 0.000000 4.806693 5.191179 0 
230 216.023068 173.100525 242.005978 173.766890 221.554933 362.117229 189.019370 189.019370 -0.000000 4.683131 4.820545 0 
242 390.265586 345.126056 390.255005 334.060015 415.983325 338.345164 26.581866 26.581866 -0.000000 2.883794 3.306631 0 
247 226.138654 347.034231 216.204922 378.640016 148.003893 340.553181 77.787929 77.787929 -0.000000 0.082758 0.509307 0 
337 580.337969 402.197446 500.980075 432.631477 501.992293 313.709711 118.919310 118.919310 0.000000 0.846115 1.579308 0 
354 580.819821 396.757288 556.982268 412.969915 518.557276 335.742753 86.686970 86.686970 -0.000000 0.775275 1.109104 0 
356 569.978080 223.053158 586.085386 232.937330 541.990902 287.457537 70.427487 70.427487 -0.000000 5.122324 5.392457 0 
358 586.895066 232.104853 606.887717 252.112969 532.749857 306.446605 91.263910 91.263910 -0.000000 5.341875 5.650736 0 
395 340.053691 172.575574 317.966041 174.635958 309.160534 0.251660 174.645879 174.645879 0.000000 1.393407 1.520344 0 
402 623.886943 334.958242 585.549350 399.582684 510.374270 311.177952 115.280160 115.280160 -0.000000 0.206508 0.866098 0 
403 213.780850 383.816732 14.186685 289.940746 119.122395 325.396503 110.712761 95.631954 0.573982 0.552948 3.467430 0 
407 272.121346 385.957341 250.999913 380.000212 273.313998 343.488991 42.906920 42.906920 0.000000 1.598872 2.119379 0 
436 89.008818 346.991123 94.009817 327.037397 100.541565 338.939516 19.560006 11.258985 0.220223 2.532108 4.210476 0 
455 511.994487 223.485779 557.956931 228.200299 521.691341 364.216973 140.897113 140.897113 -0.000000 4.643594 4.972953 0 
521 14.814092 289.952655 78.667411 221.251077 51.184110 260.979427 47.179301 19.514928 -0.828478 2.468914 5.317577 0 
530 396.921207 159.241941 431.071959 155.692315 450.850565 470.709515 315.620450 315.620450 -0.000000 4.540943 4.649685 0 
557 508.646830 307.174028 487.907718 251.292825 667.603607 215.623682 183.210110 183.210110 -0.000000 2.619049 2.945642 0 
559 85.862976 228.168631 115.006885 225.839921 107.605054 321.377287 95.676318 95.676318 -0.000000 4.483224 4.789710 0 
574 56.234938 241.368511 81.213719 229.593433 94.649269 290.395086 61.977209 61.977209 0.000000 4.047765 4.494910 0 
617 404.823924 267.872687 460.315332 216.028447 529.035198 348.072570 147.833935 147.833935 -0.000000 3.714920 4.232530 0 
628 148.914291 384.786020 138.000000 376.000000 145.208528 378.619604 7.380506 7.380506 0.000000 1.029672 3.490158 0 
640 560.934443 229.112170 589.026593 249.043752 529.008567 306.092079 82.851871 82.851871 -0.000000 5.105529 5.523149 0 
658 306.468319 331.863330 309.828700 354.985299 267.318845 350.851750 43.049521 43.049521 0.000000 5.831590 0.096933 0 
668 241.252930 330.186730 284.035693 314.506902 268.249843 331.380136 27.748195 17.466921 -0.189708 3.185769 5.464504 0 
677 236.933422 350.873559 238.831633 334.861492 286.315078 348.901655 49.060709 49.060709 0.000000 3.101682 3.429086 0 
