4 448.029208 106.982237 455.957198 102.036236 450.867698 103.144850 4.907415 4.740921 0.527176 2.207669 6.068712 0 
23 458.186686 104.186347 456.892259 97.667265 450.815895 102.877824 6.767684 6.767684 -0.000000 0.175698 5.574346 0 
24 187.404608 248.630088 220.262938 292.847611 104.338743 346.043235 127.354011 127.354011 -0.000000 5.418458 5.852969 0 
27 453.860814 152.744838 438.037263 158.237973 438.126189 133.774671 24.337883 24.337883 -0.000000 0.878360 1.574431 0 
34 465.596499 122.958342 463.930414 139.096058 406.886517 125.733905 58.287615 58.287615 -0.000000 6.235945 0.230095 0 
37 415.956339 158.411235 381.994786 160.929692 353.936971 -478.539522 639.845833 639.845833 0.000000 1.473733 1.526948 0 
46 199.742455 197.905338 214.552203 177.579443 225.307088 203.015052 25.814018 25.814018 0.000000 3.338867 4.312360 0 
47 453.281540 148.870350 438.238258 153.736547 438.786630 129.007086 23.914168 23.914168 -0.000000 0.940392 1.592968 0 
63 391.996205 148.945731 412.812080 150.256511 404.246979 219.395983 71.235582 71.235582 0.000000 4.540218 4.835643 0 
64 451.343430 139.566593 434.478293 149.789090 415.303712 99.155183 53.557977 53.557977 -0.000000 0.842519 1.208794 0 
73 214.422915 197.284759 200.638640 217.756687 -147.906949 -33.503466 429.571173 429.571173 -0.000000 0.567151 0.624604 0 
74 390.001951 225.570137 400.477717 236.351610 377.610010 241.740335 28.433426 10.695888 -0.493502 5.366269 6.051760 0 
87 454.404662 149.636952 437.073842 155.629779 437.163959 132.081107 24.411934 24.411934 0.000000 0.794455 1.574623 0 
110 271.997992 358.005120 254.679495 346.261529 274.986785 334.582848 23.304200 23.304200 -0.000000 1.697715 2.619685 0 
113 98.857549 346.114576 115.960887 317.840767 106.061144 333.483922 17.029467 11.411871 -1.477785 2.089111 4.728975 0 
116 69.516246 264.630418 93.394533 242.424241 177.729608 363.567155 146.343891 146.343891 0.000000 3.882239 4.104244 0 
118 253.809359 288.351664 240.586793 251.793682 535.477257 157.718518 309.842862 309.842862 -0.000000 2.707335 2.832781 0 
148 494.239199 56.680104 466.201955 102.347667 351.885757 54.225981 145.005260 61.167023 0.109025 0.017238 0.398437 0 
165 241.139776 340.037960 224.000079 339.023054 223.080452 1.716409 337.364479 337.364479 0.000000 1.517468 1.568070 0 
170 102.734972 344.172083 115.960887 317.840767 123.058312 337.374180 27.092395 17.137219 0.373124 2.818804 4.363873 0 
241 389.076044 252.151504 372.945309 251.067749 380.736020 246.657797 9.022896 9.022896 0.000000 0.582478 2.626509 0 
245 55.909859 311.973787 69.500626 265.736916 142.997595 312.868759 87.182154 87.182154 0.000000 3.151869 3.711811 0 
246 556.999712 247.830666 574.891412 263.127013 517.792213 310.905708 73.777003 73.777003 0.000000 5.268540 5.586424 0 
253 589.394596 287.177232 595.374737 326.024997 503.862182 320.066349 91.437703 91.437703 -0.000000 5.916093 0.065021 0 
262 486.805967 62.982664 483.321332 78.113351 466.355340 66.142125 20.416560 20.416560 -0.000000 6.129905 0.614475 0 
264 165.566859 94.175844 177.448420 102.348043 151.588225 126.401441 34.937603 34.937603 -0.000000 5.121668 5.533970 0 
273 482.932418 66.994041 474.863844 83.785215 469.784866 71.730006 13.294234 13.294234 0.000000 5.937438 1.172055 0 
300 488.423265 78.685344 460.107038 96.173315 370.632072 -82.907854 199.770077 199.770077 -0.000000 0.940913 1.107442 0 
306 336.619029 313.825109 300.982118 318.736149 292.870468 90.235340 228.521051 228.521051 0.000000 1.377573 1.535312 0 
340 462.079393 399.867863 437.078017 381.913764 489.076798 336.443431 68.676137 68.676137 0.000000 1.973228 2.423074 0 
362 174.086426 109.481643 157.736079 106.609204 167.261934 87.963867 21.684262 21.684262 -0.000000 1.263675 2.043124 0 
368 492.639003 57.994349 478.699786 88.949799 466.223993 64.162792 27.582238 27.582238 -0.000000 6.053776 1.104496 0 
420 208.700891 376.819882 169.984587 401.953761 154.413721 332.719260 70.381586 70.381586 0.000000 0.682231 1.349577 0 
535 372.999011 183.325420 402.998734 183.416579 380.974042 576.127393 392.969994 392.969994 -0.000000 4.692089 4.768414 0 
573 100.208010 275.817775 86.309244 260.691687 184.231131 185.294266 123.463439 123.463439 0.000000 2.318970 2.485430 0 
594 600.613447 322.099204 579.083282 376.058183 512.885843 318.554064 87.386246 87.386246 -0.000000 0.040389 0.715237 0 
605 222.455132 276.817046 231.805648 300.078126 102.352140 340.819716 135.534257 135.534257 0.000000 5.793567 5.978279 0 
608 448.842956 400.193978 422.077431 372.946188 490.121854 331.948300 79.310893 79.310893 0.000000 2.114780 2.599325 0 
623 181.246776 403.835013 125.947602 408.496864 146.056813 312.867412 97.446290 97.446290 0.000000 1.201685 1.778059 0 
651 53.489773 284.207882 69.548179 254.712505 133.126663 309.737194 83.460246 83.460246 -0.000000 3.451814 3.854994 0 
654 125.970005 408.107357 93.118463 393.800509 149.556418 313.452310 97.794566 97.794566 0.000000 1.815006 2.183143 0 
655 57.677611 367.163126 47.582243 347.211380 131.805519 316.864746 89.089942 89.089942 -0.000000 2.545418 2.795761 0 
660 74.787468 389.172045 59.161701 369.869103 162.265867 302.727906 122.635265 122.635265 -0.000000 2.362141 2.564376 0 
