18 157.898375 186.071547 146.121832 157.262420 209.799398 150.252153 63.376016 63.376016 0.000000 2.537509 3.031944 0 
27 123.466769 153.853726 129.754415 130.932632 177.792765 156.054473 53.457374 53.457374 0.000000 3.182081 3.623434 0 
37 306.902125 279.878224 296.312809 288.389195 288.198472 266.364049 22.644749 22.644749 0.000000 0.625695 1.217814 0 
39 413.297240 296.164779 435.970553 269.963655 473.186572 324.936204 66.065700 66.065700 -0.000000 3.589446 4.117272 0 
55 560.438749 252.734367 558.484883 229.723151 567.030015 241.680750 13.497689 13.497689 -0.000000 2.108490 4.091919 0 
62 244.366281 305.988121 245.242081 332.992149 122.944143 323.711148 122.203105 122.203105 -0.000000 6.138247 0.075743 0 
64 386.162168 309.207894 421.656409 255.646705 489.382636 339.318723 107.269611 107.269611 -0.000000 3.425430 4.031927 0 
67 445.999981 211.999619 467.994311 210.887495 473.086920 441.492770 230.707631 230.707631 0.000000 4.594903 4.690309 0 
74 136.131366 201.897130 121.698370 176.094485 151.687403 178.339752 28.241272 28.241272 -0.000000 2.154411 3.216323 0 
88 584.909532 212.979636 580.646068 231.920332 423.116849 182.567966 164.665799 164.665799 -0.000000 0.185799 0.303605 0 
89 458.082799 90.514944 472.257814 129.410264 461.561942 113.074908 23.792289 21.397799 -0.666908 4.559377 0.991076 0 
117 106.999431 211.864895 144.217215 214.386424 113.331893 368.360968 156.830506 156.830506 -0.000000 4.671947 4.910349 0 
122 321.486182 348.304964 300.428847 320.886546 332.959207 315.913859 33.094901 33.094901 0.000000 1.911211 2.989904 0 
129 559.838156 250.173684 560.750251 230.851532 567.117643 242.211534 11.736770 11.736770 0.000000 2.311435 4.201513 0 
137 330.983655 351.393961 348.968214 353.185232 338.410349 377.939787 27.630485 27.630485 0.000000 4.439595 5.115531 0 
144 214.038575 314.003869 203.762800 353.803315 154.357069 318.881555 59.026170 59.026170 0.000000 6.201638 0.615299 0 
161 309.198772 299.285340 344.125866 289.558802 337.763874 333.178933 44.475388 44.475388 -0.000000 4.012097 4.857218 0 
167 496.116748 201.804057 494.448435 217.838567 445.105678 205.376825 49.877067 49.877067 -0.000000 6.213260 0.247382 0 
170 442.020745 315.853418 415.032560 311.718710 452.343313 181.774777 134.520017 134.520017 0.000000 1.647634 1.850404 0 
171 390.063798 182.295168 374.104042 180.850564 401.822194 18.010708 164.621540 164.621540 0.000000 1.642248 1.739398 0 
172 436.860292 218.063300 428.505211 187.053329 478.049477 189.943169 49.308542 49.308542 0.000000 2.542567 3.199855 0 
204 538.613374 215.030309 540.749364 202.784213 550.020096 209.789364 11.915938 11.915938 0.000000 2.710899 3.788681 0 
213 376.042640 308.236316 421.219272 242.233560 480.838986 333.022437 107.298006 107.298006 -0.000000 3.373842 4.131328 0 
220 527.601361 246.644654 514.722528 283.848768 433.665489 242.497593 91.914736 91.914736 -0.000000 0.044119 0.471734 0 
223 542.999134 206.009384 558.146972 207.406534 549.555027 233.238103 26.960578 26.960578 0.000000 4.476115 5.033492 0 
229 182.699266 214.116917 196.657484 225.169683 153.223229 262.820590 56.892403 56.892403 -0.000000 5.256632 5.568991 0 
251 367.929446 180.654746 393.868012 175.354118 420.148811 349.973725 176.639929 176.639929 0.000000 4.413236 4.563007 0 
267 436.132005 98.574643 478.921636 106.067699 457.778964 133.108088 39.963049 39.963049 -0.000000 4.152467 5.375991 0 
271 560.781823 268.265723 554.956708 258.310547 567.433286 258.211243 12.228767 12.228767 -0.000000 2.155243 3.133634 0 
285 322.895393 434.971616 339.477913 373.858337 677.373877 486.919025 356.330632 356.330632 -0.000000 3.287103 3.464485 0 
290 569.302524 265.668360 589.180987 283.801594 529.654868 328.570647 73.666755 73.666755 0.000000 5.274794 5.638347 0 
291 158.712969 147.626996 147.985685 152.740256 149.796233 142.679311 10.287164 10.287164 -0.000000 0.506579 1.748849 0 
305 144.958585 76.953226 159.258118 72.666696 157.552270 86.682608 15.423626 15.423626 0.000000 3.799377 4.833501 0 
312 613.839694 269.095706 622.273476 288.071072 576.205254 301.526951 49.356353 49.356353 0.000000 5.571913 5.999005 0 
341 122.307406 143.187045 109.036001 150.568826 112.505424 146.181857 7.226972 7.226972 0.000000 5.986662 2.239931 0 
349 206.881970 244.120518 214.464652 251.546634 149.970726 312.484109 89.166970 89.166970 -0.000000 5.406623 5.526133 0 
413 398.393357 337.013897 404.111775 303.031626 482.862997 335.684991 84.844870 84.844870 0.000000 3.125862 3.534655 0 
453 410.002846 354.079872 433.990685 353.555996 440.179193 714.655742 361.517432 361.517432 -0.000000 4.628894 4.695253 0 
529 219.137700 309.003833 54.965087 253.954676 117.200544 319.058040 102.048951 80.092436 0.034770 6.184872 3.949509 0 
566 561.785598 249.986591 576.909055 246.199593 570.749374 254.853337 10.836279 10.836279 0.000000 3.638995 5.330986 0 
591 608.697920 337.167833 604.559978 354.375137 516.250537 323.439847 93.308749 93.308749 -0.000000 0.147418 0.336947 0 
596 392.999352 332.159546 401.001611 302.001613 499.244387 344.218947 107.053543 107.053543 -0.000000 3.254614 3.547458 0 
603 400.679462 301.857259 435.662283 259.545545 483.055901 335.779296 89.237173 89.237173 -0.000000 3.532224 4.156175 0 
622 55.868777 253.754721 134.003434 238.679670 116.040756 365.035898 126.905956 126.905956 -0.000000 4.216698 4.853602 0 
627 197.298186 265.509891 217.737056 294.104397 137.367623 329.223667 87.934702 87.934702 0.000000 5.467199 5.871217 0 
628 223.502168 308.004940 214.732513 353.800898 152.406590 320.794132 71.355537 71.355537 -0.000000 6.105202 0.487033 0 
630 187.980995 382.965616 148.028804 238.774666 117.058251 319.258695 108.231962 83.741475 0.009570 0.731852 5.079727 0 
668 625.695324 302.114485 632.000969 328.999877 553.089289 335.079976 79.415354 79.415354 0.000000 5.856983 6.206288 0 
677 144.863741 136.209658 162.024265 136.992704 153.351805 135.883451 8.501765 6.817490 0.207540 3.103180 0.127215 0 
758 395.365548 386.544814 383.484808 391.980698 389.786297 390.414862 6.933363 4.599762 -0.459116 5.676734 2.898039 0 
