7 401.952365 284.979390 413.842068 257.499007 483.211518 303.704572 82.574311 82.574311 -0.000000 3.368077 3.729189 0 
8 479.909082 200.625265 564.978713 215.041108 504.099796 323.693163 124.821912 124.821912 0.000000 4.518299 5.223114 0 
9 187.649666 349.497739 157.872857 380.782894 61.152015 259.842966 154.936598 154.936598 0.000000 0.616572 0.896212 0 
13 85.162888 293.105725 101.896607 268.915882 146.526521 318.445721 65.414565 65.414565 0.000000 3.533211 3.978982 0 
14 421.520800 148.694811 432.184328 166.891984 366.221323 191.336060 69.560796 69.560796 0.000000 5.626318 5.928302 0 
19 443.220474 164.418417 455.926018 189.041342 180.530163 307.749014 299.393871 299.393871 -0.000000 5.783707 5.876207 0 
27 239.818449 196.741211 225.734576 206.621657 201.538775 156.569652 55.125153 55.125153 -0.000000 0.809509 1.120506 0 
29 172.766654 154.174104 189.818165 149.356421 211.660385 264.490871 116.840423 116.840423 0.000000 4.373432 4.524906 0 
34 201.810212 323.528847 165.018606 373.016495 -14.607792 206.745100 245.439495 245.439495 -0.000000 0.494840 0.746808 0 
45 452.099664 95.309634 464.999055 113.069516 451.108022 107.084484 13.853811 13.853811 -0.000000 4.796408 0.406820 0 
70 594.211661 338.141710 468.975252 400.368078 490.283657 284.343005 116.547298 116.547298 -0.000000 0.477671 1.752426 0 
80 437.041813 99.803419 410.010939 101.210196 416.388264 5.620755 95.427818 95.427818 0.000000 1.354921 1.637413 0 
91 418.356365 150.783314 429.759988 169.537893 378.127884 188.556791 54.468114 54.468114 0.000000 5.529250 5.930254 0 
92 470.893318 168.381373 481.482035 187.140650 475.326845 178.017469 10.755479 6.448055 1.239911 4.281171 0.977269 0 
141 543.184908 386.513268 514.327589 396.909320 487.254211 275.519380 123.693170 123.693170 -0.000000 1.104027 1.351359 0 
156 316.505365 340.225555 312.030488 309.816736 344.793278 320.392824 34.184035 34.184035 0.000000 2.530127 3.453841 0 
159 475.021303 217.141503 539.866011 221.452488 500.069602 329.859041 115.368840 115.368840 -0.000000 4.493720 5.064219 0 
166 379.373699 282.738482 435.917558 212.896011 480.727588 308.507301 103.909664 103.909664 -0.000000 3.390564 4.274119 0 
174 205.319302 201.696831 190.692653 186.291818 446.938876 -50.808813 348.652417 348.652417 0.000000 2.334167 2.394983 0 
184 158.160744 209.549003 156.283683 182.761655 156.342776 196.278358 13.350437 7.940872 1.513644 1.434652 4.708017 0 
188 204.715276 308.852181 189.050075 339.025997 55.316055 247.884773 160.979192 160.979192 0.000000 0.387456 0.598209 0 
195 373.958097 154.492791 406.016723 153.601501 394.361645 508.103090 354.595517 354.595517 0.000000 4.654752 4.745255 0 
218 139.006712 106.152562 121.007322 106.257382 130.511244 68.795364 37.881212 37.881212 -0.000000 1.347187 1.819249 0 
227 243.416426 145.355930 212.060019 131.860547 270.095557 30.759624 116.300916 116.300916 -0.000000 1.799532 2.091906 0 
232 155.966683 101.090589 181.227662 110.380978 145.867262 163.689512 62.801420 62.801420 0.000000 4.872346 5.298068 0 
241 349.029582 354.761912 317.073073 339.300641 343.484987 320.863264 32.826648 32.826648 0.000000 1.408668 2.532163 0 
273 450.976840 176.312183 462.211757 177.145681 452.358612 238.147178 62.040917 62.040917 -0.000000 4.690047 4.872529 0 
281 126.824365 117.131963 169.406628 157.571830 -34.481469 328.076675 264.597486 264.597486 0.000000 5.365221 5.586718 0 
289 380.413989 325.963990 393.216497 261.657098 493.684004 316.421339 114.220783 114.220783 0.000000 3.057544 3.640662 0 
290 449.853676 206.560739 473.254982 198.765451 496.902174 315.160904 118.131028 118.131028 0.000000 4.303571 4.511954 0 
309 126.158882 117.794484 112.073350 106.905121 173.833240 36.332339 93.896963 93.896963 -0.000000 2.100287 2.289696 0 
347 196.169710 213.604601 219.801262 229.188150 191.452782 247.847518 33.654922 33.654922 0.000000 4.849277 5.701057 0 
351 462.096317 404.647720 414.437521 383.940806 483.795493 292.527875 114.199904 114.199904 0.000000 1.761968 2.219863 0 
361 392.176101 247.152269 430.024173 211.030113 489.132505 310.807510 115.236930 115.236930 0.000000 3.722548 4.177575 0 
373 158.404038 379.764311 67.788983 385.801930 117.689570 369.384955 51.390274 32.654663 -0.438898 0.249614 2.823753 0 
374 488.833766 195.252872 528.153360 195.086426 515.878425 311.979204 118.997534 118.997534 0.000000 4.484713 4.817016 0 
383 85.234202 298.171355 107.073498 268.322121 249.877358 395.935349 190.982484 190.982484 -0.000000 3.677436 3.870875 0 
390 479.756735 282.131921 456.203591 239.887293 988.286879 -51.920633 607.260585 607.260585 -0.000000 2.560383 2.639959 0 
411 568.805467 217.087889 600.956126 251.033394 522.744136 292.047275 87.400988 87.400988 0.000000 5.263390 5.800214 0 
456 296.396244 280.645428 262.298856 248.749538 589.247767 -65.272923 452.989274 452.989274 -0.000000 2.273308 2.376359 0 
457 468.071669 279.914810 446.414993 261.695373 579.385632 120.437489 193.997462 193.997462 -0.000000 2.180174 2.325983 0 
459 192.209063 350.177663 158.173466 387.182994 53.134530 257.397322 166.502277 166.502277 -0.000000 0.588321 0.890395 0 
472 428.057569 267.932050 454.043781 289.948324 41.079879 752.966203 620.359154 620.359154 0.000000 5.385809 5.440709 0 
519 383.129166 324.999762 398.121216 261.535657 509.364353 322.776370 127.114775 127.114775 0.000000 3.123981 3.644829 0 
565 207.406546 220.631369 222.914213 248.026685 181.933187 253.140490 40.884204 40.884204 0.000000 5.377035 6.159042 0 
604 492.001378 210.787290 559.065336 224.847632 503.241398 323.966115 113.408485 113.408485 -0.000000 4.613402 5.225313 0 
628 602.153952 264.310837 590.561417 353.358131 508.617234 296.877998 99.581884 99.581884 0.000000 5.948137 0.603476 0 
634 537.046351 207.857581 562.235766 218.539227 492.067724 346.937517 146.218672 146.218672 -0.000000 5.025174 5.212531 0 
654 129.838627 405.703321 142.456831 398.839866 188.639200 490.410297 102.931857 102.931857 -0.000000 4.105590 4.245278 0 
664 566.459071 221.374927 600.792778 261.580261 520.167704 294.478716 86.672856 86.672856 0.000000 5.276883 5.895765 0 
675 572.209533 230.802447 589.194123 248.816975 508.577548 307.142643 98.923645 98.923645 -0.000000 5.407244 5.656864 0 
716 599.274368 277.785525 602.122528 307.988446 499.302487 302.878315 102.359017 102.359017 -0.000000 6.037267 0.049659 0 
