13 298.736656 320.314678 318.596079 318.573436 312.024202 342.214170 24.655596 24.655596 -0.000000 4.167020 4.983532 0 
24 496.314181 256.883387 481.775218 217.712266 823.152757 99.217267 361.414571 361.414571 -0.000000 2.692126 2.807496 0 
31 490.503672 112.880945 486.270059 131.652204 477.018782 122.092054 15.471726 15.471726 -0.000000 5.683913 0.801816 0 
42 369.922136 285.934289 338.671223 318.742823 30.591560 -20.883213 457.869013 457.869013 -0.000000 0.735122 0.834065 0 
45 456.151487 178.593780 466.162887 185.216441 457.742833 188.147335 8.752660 8.752660 0.000000 4.547333 5.948218 0 
65 501.031054 295.971262 491.307279 279.177225 519.513098 274.071954 28.784733 28.784733 -0.000000 2.271771 2.962531 0 
68 522.068183 195.374444 607.165880 270.940982 538.065232 267.627685 75.112723 63.490358 0.978023 4.494501 0.047912 0 
74 479.858669 200.694062 519.058410 188.273743 529.433069 285.187559 97.404422 97.404422 0.000000 4.181788 4.605745 0 
75 462.166008 78.755482 480.335272 80.757892 471.239562 100.637581 23.481108 23.481108 -0.000000 4.319312 5.141494 0 
84 208.183680 217.745536 247.879836 255.091831 150.398668 318.717689 116.053256 116.053256 -0.000000 5.232182 5.704915 0 
91 482.908523 87.927615 467.502171 107.397366 402.026340 37.463260 94.995709 94.995709 0.000000 0.557825 0.818311 0 
96 162.047361 277.020485 173.626956 254.778910 306.095458 337.408979 156.198727 156.198727 -0.000000 3.538561 3.699308 0 
97 607.219288 270.895638 606.572523 330.075446 441.069374 298.632099 168.305064 168.305064 -0.000000 6.117774 0.187749 0 
115 417.475674 88.172709 432.134676 105.461794 428.569585 93.861442 13.126745 11.331875 0.235572 3.615412 1.272632 0 
116 411.638591 328.136650 458.757575 215.947871 558.157510 324.339109 146.085165 146.085165 0.000000 3.115680 3.970235 0 
121 476.881023 263.416720 469.160335 242.685112 581.657376 211.307412 117.314495 117.314495 0.000000 2.680077 2.869586 0 
125 179.909383 202.394644 194.080682 205.648627 163.068239 315.520935 114.066574 114.066574 0.000000 4.860174 4.987491 0 
144 241.932776 109.789706 223.999115 113.740417 221.680424 59.394425 54.844673 54.844673 0.000000 1.188679 1.528157 0 
155 495.851854 303.200826 486.111360 291.921506 513.529910 278.676068 30.314043 30.314043 -0.000000 2.195362 2.691570 0 
164 542.256729 215.483266 581.973516 246.747020 522.388524 276.517008 64.538510 64.538510 -0.000000 5.027099 5.819840 0 
178 131.979723 227.295266 146.050711 228.261561 132.755024 329.444161 101.947182 101.947182 -0.000000 4.704799 4.843043 0 
182 150.760024 228.975833 163.946247 232.218580 134.378855 316.594412 89.107612 89.107612 -0.000000 4.897215 5.049442 0 
186 336.028058 356.025864 301.616735 366.984435 311.914994 341.316912 28.066199 28.066199 -0.000000 0.547739 1.952352 0 
194 199.001630 123.999197 219.753653 166.121366 -242.257265 369.437054 504.498135 504.498135 0.000000 5.775578 5.868622 0 
215 416.017439 365.300374 410.506026 328.923333 595.139541 317.820273 184.502752 184.502752 0.000000 2.882480 3.081529 0 
233 548.561914 413.520970 448.059171 398.929601 507.642459 342.314051 82.364205 82.364205 0.000000 1.049221 2.381729 0 
260 248.433112 279.854353 257.504615 306.830308 88.818968 347.594541 173.136405 173.136405 0.000000 5.881823 6.046073 0 
274 47.660990 272.738151 85.876350 236.379664 123.717549 315.348356 86.671765 86.671765 -0.000000 3.652266 4.265526 0 
302 515.030066 409.521305 492.991389 408.137092 508.716688 340.691676 68.535816 68.535816 0.000000 1.479328 1.799860 0 
307 595.244086 362.587150 553.177123 411.241521 496.012090 320.205513 107.336261 107.336261 0.000000 0.403645 1.010087 0 
308 116.573011 301.841595 110.872459 289.090180 196.531991 260.621596 89.892193 89.892193 -0.000000 2.665611 2.820731 0 
333 435.951855 398.033521 418.355579 368.299395 515.594248 330.708808 104.044941 104.044941 -0.000000 2.439812 2.772708 0 
355 200.135707 219.807901 243.000000 259.000000 155.161007 312.561952 102.210378 102.210378 0.000000 5.163869 5.735610 0 
375 108.973227 191.206853 138.004609 194.964391 60.749176 653.198810 464.441854 464.441854 0.000000 4.816395 4.879412 0 
378 221.483929 389.448166 166.798411 419.520071 150.857086 326.601053 94.321709 94.321709 -0.000000 0.727178 1.400889 0 
379 566.404667 381.247933 515.085650 409.360967 502.185992 326.876414 83.614862 83.614862 0.000000 0.702553 1.415664 0 
380 109.980475 197.786278 137.929915 195.232861 168.398057 641.337746 447.090715 447.090715 0.000000 4.581438 4.644197 0 
400 285.842183 352.596662 286.429982 332.148561 312.158678 343.879934 28.361566 28.361566 0.000000 2.821739 3.569396 0 
409 98.579273 306.868551 82.481350 299.070704 106.736261 270.241546 36.953299 36.953299 -0.000000 1.789925 2.270237 0 
424 302.474524 365.667122 321.928895 364.142494 312.804236 376.209539 15.087895 15.087895 -0.000000 3.937181 5.359823 0 
456 199.989911 224.755204 248.056495 279.966996 133.546902 331.096048 124.791122 124.791122 0.000000 5.270853 5.863242 0 
460 138.903385 436.769344 74.058607 416.878966 148.804041 295.513388 141.832620 141.832620 -0.000000 1.640772 2.122803 0 
491 158.005450 421.393085 114.960522 417.171735 147.133469 299.659180 121.936540 121.936540 -0.000000 1.481723 1.838031 0 
500 155.778543 225.780374 182.764115 235.535886 119.903930 367.855143 146.515710 146.515710 -0.000000 4.959724 5.155890 0 
508 168.025813 197.757001 196.133546 200.742840 168.265146 314.096438 115.933022 115.933022 -0.000000 4.710332 4.953461 0 
514 123.491264 287.102196 116.422812 251.915065 393.543998 210.545405 280.087459 280.087459 0.000000 2.865352 2.993403 0 
520 193.675300 241.221238 215.637094 260.265297 150.355858 313.680678 83.623905 83.623905 0.000000 5.251222 5.597424 0 
530 418.880691 331.036869 441.842723 244.910996 598.524692 334.199427 180.546612 180.546612 0.000000 3.159195 3.659563 0 
536 196.017326 328.322232 240.997357 326.053325 253.877808 910.784077 584.793951 584.793951 -0.000000 4.613376 4.690365 0 
539 299.557112 365.572681 324.107307 362.703720 320.343395 388.730899 32.203070 19.604723 1.091546 3.980914 4.856008 0 
544 47.976614 240.974651 87.905587 212.783308 121.675189 300.481883 93.910014 93.910014 0.000000 3.820854 4.344824 0 
559 47.679235 243.705738 87.924855 214.851993 125.894368 307.757136 100.346581 100.346581 -0.000000 3.827760 4.324413 0 
560 191.697364 235.405501 220.935293 260.067534 152.633415 308.389195 82.390316 82.390316 -0.000000 5.203831 5.667462 0 
599 237.940583 258.044154 252.823398 282.093827 132.549446 340.301859 133.695115 133.695115 0.000000 5.620449 5.832450 0 
606 574.000017 307.000532 557.984410 307.507904 554.445409 117.554158 190.260757 190.260757 -0.000000 1.467941 1.552168 0 
609 423.145066 338.987622 423.593811 307.994119 569.102218 326.750066 146.072159 146.072159 0.000000 3.057945 3.269785 0 
677 594.920640 333.968326 575.299501 374.168743 449.144777 286.295729 153.253367 153.253367 -0.000000 0.316064 0.608406 0 
683 60.338292 45.965657 62.066914 62.993207 -46.822577 65.949871 108.793263 108.793263 0.000000 6.098815 6.256039 0 
