19 512.380121 366.963458 491.667786 356.449660 511.594056 341.706007 24.353193 24.353193 -0.000000 1.539684 2.504580 0 
29 137.857113 264.589571 170.348323 285.566546 101.601840 348.180997 92.158082 92.158082 0.000000 5.121622 5.544434 0 
33 415.989163 323.236661 433.341627 300.257981 518.951709 381.730310 117.708461 117.708461 -0.000000 3.658231 3.902231 0 
36 383.862330 55.680800 399.604719 62.292884 389.227724 63.285334 9.317770 9.317770 -0.000000 4.097947 6.187836 0 
41 511.435019 366.389164 509.701392 381.991489 506.264163 373.795347 9.153404 9.153404 0.000000 5.321893 1.173703 0 
43 251.008812 324.834087 283.105456 379.472080 258.328401 356.794409 32.088267 32.088267 -0.000000 4.487250 0.741187 0 
47 433.970987 91.107165 484.083317 128.969556 422.968924 136.859585 60.824323 43.982646 -0.182582 4.948378 6.154793 0 
48 417.960597 66.139454 426.079746 77.994008 417.286952 74.875726 8.795466 8.795466 0.000000 4.789346 0.340803 0 
54 182.129354 333.983275 184.069800 348.990975 104.948090 352.777644 79.136707 79.136707 0.000000 6.044325 6.235363 0 
55 83.877733 259.520775 128.139079 260.200674 105.615623 359.824565 102.164845 102.164845 0.000000 4.498969 4.934736 0 
58 433.248598 93.981874 481.645721 127.197280 423.587836 136.024657 57.890756 40.627315 -0.149504 4.938252 6.132297 0 
60 401.962779 200.188248 389.071323 197.639284 403.103251 165.487096 34.547270 34.547270 -0.000000 1.603650 1.982302 0 
74 241.848435 318.070597 228.906816 269.018239 360.857112 264.610619 130.945281 130.945281 0.000000 2.719395 3.108201 0 
76 342.869892 316.113501 330.044967 338.192805 333.251504 326.192722 16.076550 11.366711 -0.094303 5.474396 1.831906 0 
81 218.058076 245.461111 208.054993 237.965611 216.329008 239.104554 8.970637 6.406944 -0.501849 1.305209 3.278386 0 
83 515.935367 307.218641 564.171921 339.955380 505.551040 373.359495 66.442716 66.442716 -0.000000 4.868121 5.765243 0 
88 99.646504 349.822958 88.674546 358.290905 92.592055 352.874905 7.932084 6.393684 1.185921 5.874872 2.197003 0 
106 387.216481 185.004602 387.052029 157.005568 520.807696 170.945902 133.823364 133.823364 -0.000000 3.036742 3.245440 0 
111 487.786425 143.987800 488.360512 180.994407 243.640466 166.365925 244.596318 244.596318 0.000000 6.191782 0.059705 0 
120 58.992745 307.315704 78.696437 283.379580 85.131623 299.381731 26.157979 10.372982 -0.303283 2.846899 5.989792 0 
124 389.024276 196.986477 383.493793 168.973593 422.673431 178.240566 39.126918 39.126918 -0.000000 2.633315 3.373850 0 
135 36.981715 388.348106 155.501767 297.345489 105.129921 354.882392 82.790936 75.656097 1.065968 2.685112 5.431485 0 
137 178.062451 384.036320 109.979939 431.415837 109.657883 359.375322 71.749623 71.749623 -0.000000 0.346013 1.566326 0 
152 610.999269 382.999820 593.217030 426.205867 523.771621 374.067509 87.173204 87.173204 -0.000000 0.102047 0.644001 0 
154 386.102635 104.244609 374.007369 105.913787 379.651786 100.069849 6.578820 6.578820 0.000000 0.574379 2.338829 0 
157 538.929814 455.773225 475.081258 451.872389 512.968115 351.576043 107.764977 107.764977 0.000000 1.326609 1.931975 0 
170 287.238580 387.309998 225.691741 379.303377 260.195128 356.448437 41.263770 41.263770 0.000000 0.851240 2.556552 0 
180 433.458900 406.237388 452.929123 307.926628 499.469538 374.748421 80.990286 73.329543 1.071063 2.696490 4.104026 0 
183 470.154890 457.718303 440.162879 438.796159 508.007437 364.187672 100.544993 100.544993 -0.000000 1.955354 2.308748 0 
185 194.042048 381.072967 205.683575 388.010998 199.244427 385.587728 6.836141 6.836141 -0.000000 3.856345 0.359940 0 
188 421.276075 411.644376 405.007150 362.991792 507.118345 361.116306 102.745820 102.745820 -0.000000 2.609586 3.123228 0 
192 491.582074 162.971244 489.376505 195.025906 304.041978 167.162059 187.052454 187.052454 -0.000000 6.260843 0.149226 0 
197 420.876772 242.160669 370.132853 281.175603 29.084877 -204.110966 593.039443 593.039443 -0.000000 0.850314 0.958209 0 
199 525.849813 464.720557 470.232635 455.842743 515.270363 344.335497 121.792176 121.792176 0.000000 1.483141 1.954660 0 
205 439.499418 438.520188 420.197921 415.854849 493.630861 370.528694 86.487154 86.487154 -0.000000 2.243185 2.588589 0 
213 526.065585 451.374265 434.939683 409.045660 500.073418 399.954404 69.940838 50.300359 0.302896 1.102767 3.002910 0 
214 287.004985 390.004499 236.613654 393.932351 259.964013 353.667228 46.222829 46.222829 0.000000 0.931039 2.096317 0 
222 434.912694 86.649355 484.083317 128.969556 451.455384 108.992584 34.581462 17.891209 0.422085 4.075067 0.281440 0 
225 178.153913 403.111808 133.328038 435.789384 113.563739 359.891418 77.780732 77.780732 -0.000000 0.589719 1.316048 0 
237 433.909580 89.649642 478.188377 109.786928 457.147572 101.059502 23.588342 4.911536 0.425224 3.598015 0.393187 0 
244 583.893089 335.050636 592.306557 386.121824 506.391491 374.978404 87.236685 87.236685 0.000000 5.807463 0.128983 0 
254 58.628322 417.418548 54.644950 282.707276 103.502809 349.597002 82.588797 78.667244 1.394928 2.155322 4.081535 0 
259 577.149327 420.671692 534.681605 449.135263 515.814813 374.773688 76.676730 76.676730 -0.000000 0.642427 1.322322 0 
265 163.708741 302.638901 176.500206 327.745148 104.656915 351.081318 75.054691 75.054691 0.000000 5.596166 5.969116 0 
266 573.471272 364.012083 556.367819 418.276682 514.296901 375.320624 59.799893 59.799893 -0.000000 6.094357 0.795808 0 
268 570.691902 316.483651 583.969976 334.276132 513.507693 373.076428 79.928602 79.928602 -0.000000 5.502985 5.779841 0 
273 456.955471 359.117972 476.032133 366.957619 365.256807 603.836440 261.485117 261.485117 0.000000 5.070906 5.149820 0 
283 262.738291 269.875669 264.358515 310.052733 174.982870 294.823356 90.912439 90.912439 -0.000000 6.006206 0.168776 0 
287 92.000000 272.000000 157.471202 295.366931 100.254880 352.303550 80.273627 80.273627 -0.000000 4.609953 5.500237 0 
296 522.995018 292.976796 544.013721 297.969561 513.126113 356.394684 65.874440 65.874440 0.000000 4.866768 5.198709 0 
299 490.285135 159.011899 489.116917 187.004879 199.874848 157.329541 290.325273 290.325273 0.000000 0.005793 0.102239 0 
303 69.142580 420.154611 40.740566 393.206034 103.086954 355.335230 72.592271 72.592271 -0.000000 2.053205 2.595731 0 
306 402.169576 196.035400 388.098149 184.973615 400.492860 182.820481 13.050334 13.050334 -0.000000 1.444590 2.969595 0 
307 232.725318 334.693164 284.112581 381.057145 257.564715 358.511499 36.199571 34.263738 -1.153361 3.906009 0.704056 0 
311 492.167575 299.007153 481.862619 300.090340 486.860939 298.600280 5.812863 5.168214 0.919283 0.076523 2.851869 0 
315 262.214398 314.933985 286.258898 326.772881 259.608732 351.705543 36.723384 36.723384 0.000000 4.783132 5.531071 0 
326 510.957658 297.200277 579.825181 349.091462 537.285134 331.255379 46.526857 23.572319 0.611365 4.054277 0.397014 0 
327 69.465841 431.255586 32.950022 401.048035 111.131297 344.448992 95.924278 95.924278 -0.000000 2.018300 2.514975 0 
331 108.911320 432.628365 71.497748 424.155314 106.829987 348.875051 83.084803 83.084803 0.000000 1.545951 2.009619 0 
359 558.021222 323.965322 570.008595 339.994421 512.038015 369.494348 64.878808 64.878808 -0.000000 5.502750 5.812461 0 
363 59.544958 403.422045 36.145361 334.018863 106.690992 348.998066 72.211930 72.211930 0.000000 2.284662 3.350819 0 
369 258.649360 262.843586 263.532586 309.999055 177.080793 296.162511 87.179638 87.179638 0.000000 5.895392 0.158703 0 
394 52.677091 402.214932 34.230478 367.914689 104.919991 349.716249 72.891056 72.891056 0.000000 2.353752 2.889622 0 
398 286.098722 330.936888 296.204235 362.989398 255.974260 358.108715 40.248848 40.248848 0.000000 5.549274 0.120730 0 
409 196.004210 380.887232 205.683575 388.010998 196.770521 387.223961 8.044520 6.127683 -0.491799 4.592042 1.693913 0 
416 437.183718 344.088540 455.526607 316.594902 491.474943 360.399402 56.189555 56.189555 0.000000 3.433446 4.025180 0 
426 437.688465 391.066480 435.629718 347.959884 503.160049 365.937723 69.466843 69.466843 -0.000000 2.775119 3.401777 0 
432 461.612315 433.445363 441.081275 411.931698 511.067742 366.378730 83.126778 83.126778 0.000000 2.206189 2.564597 0 
433 580.763610 351.927479 583.237590 377.977436 504.450514 370.051985 78.132486 78.132486 -0.000000 6.050004 0.100256 0 
445 158.125176 308.937010 168.176444 328.911211 63.610878 370.363845 112.210443 112.210443 0.000000 5.706866 5.905763 0 
449 461.770699 424.265347 437.720628 391.150746 505.723235 365.948474 72.277003 72.277003 0.000000 2.216651 2.786679 0 
467 46.722369 306.684617 78.696437 283.379580 103.442984 346.917963 68.220482 68.220482 -0.000000 3.758550 4.340990 0 
