26 518.255433 102.182881 494.841161 128.152409 475.869865 86.896534 44.105413 44.105413 0.000000 0.346131 1.139786 0 
35 60.984580 370.063963 46.064882 352.430285 129.957259 292.070643 104.274813 104.274813 0.000000 2.294892 2.517906 0 
58 87.998965 391.001742 31.254562 332.850697 130.354669 294.599674 104.559669 104.559669 0.000000 1.984771 2.773227 0 
60 492.023582 79.708069 502.072606 121.053234 488.695318 103.930250 27.739663 20.999192 -0.699686 4.848940 0.907595 0 
63 471.760209 89.100917 476.000000 106.000000 452.713486 102.986060 23.301464 23.301464 -0.000000 5.653257 0.128713 0 
103 376.147213 340.858500 366.048859 305.127427 519.876995 283.981834 155.652313 155.652313 -0.000000 2.764782 3.004986 0 
183 44.327126 199.750064 65.663178 182.324375 48.895928 187.577614 12.637615 5.688833 -1.279031 1.929865 5.122008 0 
194 476.830512 173.824653 465.018713 182.045396 457.930167 157.492144 25.537683 25.537683 -0.000000 0.712645 1.289738 0 
216 570.307148 413.431036 511.968354 426.333068 514.834043 296.550022 129.724002 129.724002 -0.000000 1.127665 1.592873 0 
243 397.560489 230.551258 410.665092 218.602455 428.012391 247.997807 33.944404 33.944404 -0.000000 3.661863 4.179253 0 
249 411.027512 148.347096 396.999989 148.850134 399.256357 -169.295326 318.270567 318.270567 -0.000000 1.533755 1.577888 0 
265 48.205018 192.965508 65.663178 182.324375 103.297135 228.558375 70.489218 20.005038 0.692083 3.715194 4.029176 0 
291 175.717932 228.319843 188.983514 240.018694 130.189239 296.365051 81.305209 81.305209 -0.000000 5.302071 5.519044 0 
340 224.149943 326.540299 221.385282 346.665005 152.374601 320.132824 73.736709 73.736709 0.000000 0.089035 0.367043 0 
377 622.044084 361.025701 576.816060 410.759143 533.371374 324.146753 95.611978 95.611978 0.000000 0.394137 1.105870 0 
386 32.461056 229.426711 52.029090 211.030944 96.486885 278.252508 79.834223 79.834223 -0.000000 3.793106 4.128068 0 
413 583.110242 239.904245 488.991489 418.835795 499.818094 310.064866 122.221016 106.766360 0.430744 5.583153 1.670005 0 
416 225.736065 363.806728 210.005775 383.006542 163.732991 330.399606 70.185431 70.185431 -0.000000 0.494202 0.849370 0 
419 462.040773 127.590460 465.500788 136.856767 455.142346 135.800150 10.663045 10.663045 -0.000000 5.411212 0.101654 0 
423 295.126936 305.858760 306.187207 353.094234 278.965731 334.864138 32.942370 32.942370 -0.000000 5.220728 0.590096 0 
448 415.465473 390.566946 399.355391 373.691674 476.414593 318.744972 94.222519 94.222519 -0.000000 2.274485 2.522165 0 
453 20.030332 248.016313 44.118430 212.936897 103.843087 280.393320 89.368876 89.368876 -0.000000 3.510235 3.987709 0 
456 287.007984 375.036074 235.615713 346.218236 278.563007 328.240302 46.890261 46.890261 -0.000000 1.392253 2.745151 0 
467 127.960200 404.220168 45.805060 360.171038 133.968083 293.424117 110.267984 110.267984 -0.000000 1.624968 2.493572 0 
492 17.838738 320.025730 13.382821 292.098474 162.661992 282.264457 149.225198 149.225198 0.000000 2.886531 3.075811 0 
494 458.972491 189.524177 511.999687 190.002284 488.102630 393.232515 205.240310 205.240310 0.000000 4.570353 4.829438 0 
517 48.579289 370.463782 22.688321 330.657552 112.769744 300.487875 94.871267 94.871267 -0.000000 2.313100 2.818419 0 
526 386.468197 332.193794 382.887091 303.887771 624.614698 283.807765 242.228416 242.228416 0.000000 2.941144 3.058714 0 
529 502.915787 204.584737 564.327934 225.414117 495.221866 331.647517 126.873142 126.873142 0.000000 4.772867 5.289124 0 
535 113.945642 407.220072 58.308412 379.580714 131.571534 305.790739 102.977795 102.977795 -0.000000 1.742853 2.352612 0 
554 470.853863 414.341195 387.076111 332.370063 497.810489 301.036767 114.935719 114.935719 -0.000000 1.804367 2.865842 0 
563 321.945731 341.984827 308.035651 367.028370 286.489193 336.586670 36.097047 36.097047 -0.000000 0.151087 0.954858 0 
603 94.994647 199.624364 129.999684 200.009908 109.102282 346.555343 147.352730 147.352730 -0.000000 4.616667 4.854034 0 
612 565.701332 226.450069 579.223572 238.504183 394.433288 449.240139 280.934127 280.934127 -0.000000 5.367777 5.432283 0 
692 251.416786 345.194644 248.941041 321.988131 279.289032 330.591933 31.451741 31.451741 0.000000 2.658996 3.417848 0 
