1 439.976893 264.382203 538.758066 307.899288 455.149777 369.115882 104.904901 104.904901 0.000000 4.568519 5.651185 0 
13 456.107825 122.167333 429.019602 110.994362 452.433539 79.426413 43.486931 43.486931 -0.000000 1.485041 2.208964 0 
44 187.003824 152.057455 161.160915 123.641360 185.922957 129.024547 27.272726 23.001608 -0.288165 1.523904 3.355659 0 
63 468.011065 95.325651 411.874730 89.601303 491.640035 -349.138888 445.975080 445.975080 0.000000 1.623909 1.750637 0 
66 304.589127 282.025712 320.887530 276.234491 315.890306 282.865208 12.227008 8.101221 0.498188 3.215740 5.358220 0 
74 540.331219 314.857485 547.233687 330.899450 475.635414 353.133620 74.743365 74.743365 0.000000 5.748941 5.982087 0 
83 384.026003 89.088117 394.687771 85.941923 392.165445 98.265174 12.056052 12.056052 -0.000000 3.986840 4.914281 0 
91 173.978896 75.833253 179.024143 90.128898 167.051790 96.218748 23.210644 8.474805 -1.095485 5.039953 5.812634 0 
121 234.902170 267.999072 221.716498 319.860497 146.981851 272.794274 88.070807 88.070807 0.000000 6.228699 0.562028 0 
133 194.043954 148.852785 174.228700 139.716399 182.482703 135.742363 15.422277 5.342651 0.814671 0.848107 3.883127 0 
136 447.932903 290.133800 461.148947 293.340135 431.186738 409.318375 119.750379 119.750379 0.000000 4.851981 4.965205 0 
167 416.001945 364.912768 381.964504 362.214899 418.072402 167.052434 198.483318 198.483318 0.000000 1.581260 1.753742 0 
191 276.871394 298.089784 268.512413 284.611147 345.104118 242.358498 87.878126 87.878126 0.000000 2.456702 2.637475 0 
200 329.188980 351.838381 322.984545 293.395874 355.362245 318.722541 41.361414 41.361414 0.000000 2.239628 3.805401 0 
211 214.774007 268.044722 191.114180 330.101665 145.992263 276.660645 69.555290 69.555290 -0.000000 6.158570 0.869603 0 
213 132.272161 279.890016 138.978825 271.339966 135.916221 276.827280 6.611695 4.711402 0.964675 2.442655 5.221448 0 
233 191.002789 155.018907 155.034080 133.395866 198.128743 120.671875 45.874652 29.803055 -0.536917 1.775363 2.854493 0 
243 186.503838 149.615268 174.228700 139.716399 196.311920 125.477503 25.362743 25.362743 0.000000 1.956754 2.568893 0 
244 539.309610 300.802857 552.004235 392.001330 461.695398 358.298354 96.739380 96.739380 0.000000 5.645607 0.357189 0 
260 570.920729 286.201644 600.062303 305.951010 568.237257 321.958233 34.920645 34.920645 0.000000 4.787297 5.817160 0 
276 115.011656 348.950221 68.983715 228.787310 109.929209 283.570022 67.001251 59.972805 0.891240 1.493216 4.070543 0 
282 323.648466 350.207477 317.578885 297.815761 362.458915 318.367191 50.115618 50.115618 -0.000000 2.454533 3.571013 0 
308 115.952105 209.504506 146.992675 209.099706 133.647803 293.472972 85.381359 85.381359 0.000000 4.504686 4.869254 0 
366 492.051496 409.949015 471.156749 388.844807 593.298105 287.674427 158.205891 158.205891 0.000000 2.262395 2.449829 0 
384 403.041296 427.234501 378.427634 403.509803 481.307867 323.625172 129.757757 129.757757 -0.000000 2.217745 2.481357 0 
393 496.955998 434.839829 451.997853 441.508888 459.893164 351.326475 90.487569 90.487569 0.000000 1.153114 1.658122 0 
402 595.821785 388.399372 638.637962 332.770864 681.220775 410.802781 87.604708 87.604708 0.000000 3.398150 4.212845 0 
408 13.357554 19.131689 -0.198470 46.887499 -103.254143 -22.806910 124.190541 124.190541 0.000000 0.345240 0.594628 0 
412 506.571332 396.405976 471.156749 388.844807 492.440978 383.892071 47.679605 1.185236 0.711299 0.724805 4.647377 0 
414 48.677601 353.152161 34.105723 382.085354 18.179916 354.892530 30.036843 30.036843 -0.000000 6.226182 1.040986 0 
436 25.203876 111.205731 0.591140 135.596519 -60.703103 48.298306 105.607469 105.607469 -0.000000 0.632059 0.958646 0 
454 184.995109 215.005796 221.234285 282.996915 148.733450 279.074579 72.756757 72.756757 0.000000 5.227418 0.054048 0 
481 208.862826 230.089500 226.667309 289.988320 148.770462 280.438271 78.167671 78.167671 0.000000 5.585784 0.121990 0 
517 542.942414 314.026608 553.899007 346.025594 452.723639 364.200641 102.831049 102.831049 0.000000 5.775642 6.105442 0 
520 463.043203 104.494917 453.851366 105.297301 455.873359 24.014728 80.594090 80.594090 0.000000 1.481943 1.595667 0 
532 69.730598 333.247536 51.885987 244.949146 111.740873 278.286683 68.429956 68.429956 0.000000 2.223429 3.649773 0 
549 585.582585 357.121870 592.303895 330.001753 606.796316 346.333154 22.522879 22.522879 0.000000 2.671111 3.986581 0 
551 197.294492 221.677756 222.564208 257.732861 159.928676 276.105782 65.015706 65.015706 0.000000 5.314009 5.997858 0 
557 552.499269 392.309977 537.570958 416.354486 472.953927 357.936698 86.094254 86.094254 -0.000000 0.407887 0.735055 0 
563 183.859362 217.208001 167.089754 348.160536 149.479413 279.322520 70.485478 68.903748 -0.839799 5.217910 1.320345 0 
573 359.406150 345.091187 372.286333 306.640304 470.118365 361.390087 111.935305 111.935305 -0.000000 3.287761 3.651800 0 
592 23.137553 117.010184 5.656686 136.695126 -75.943655 47.960098 120.197304 120.197304 -0.000000 0.608645 0.827260 0 
594 80.023167 348.963686 39.503647 252.880573 111.302690 278.642221 76.220905 76.220905 -0.000000 1.989324 3.486087 0 
607 372.023404 306.256419 396.294153 280.323913 455.211569 359.955166 98.764187 98.764187 0.000000 3.714805 4.075397 0 
620 50.274588 353.021006 36.992847 383.995072 10.703466 352.809500 39.795857 39.795857 0.000000 0.005345 0.870381 0 
648 50.674828 312.234920 56.244454 235.165911 112.542663 278.619164 71.216292 71.216292 0.000000 2.643871 3.798926 0 
651 48.550834 339.270186 15.261236 377.371899 -8.451471 322.142536 59.070311 59.070311 -0.000000 0.291891 1.165247 0 
667 37.155552 267.704329 45.202856 244.720892 115.462280 283.354654 79.386155 79.386155 0.000000 3.338853 3.644338 0 
