1 407.858506 196.449166 425.970023 210.015519 417.119795 202.571894 9.999109 5.264443 0.527746 3.725738 0.699284 0 
15 363.569552 152.827617 350.498834 134.682909 386.265310 120.849511 38.024231 38.024231 0.000000 2.188021 2.772543 0 
127 306.442344 153.975660 305.852219 155.002541 314.053971 162.882169 11.077988 6.648403 0.987793 4.005222 1.037057 0 
157 325.954801 368.334608 301.033563 362.910173 330.853201 292.260983 76.371713 76.371713 -0.000000 1.635098 1.970191 0 
178 545.036235 199.147330 530.066077 180.945899 915.961195 -126.179409 493.105952 493.105952 -0.000000 2.421592 2.469370 0 
190 326.238355 245.080833 309.539592 275.740114 -167.636091 -21.927069 562.201118 562.201118 -0.000000 0.495628 0.557743 0 
212 32.710927 251.913163 45.735046 223.438085 97.050575 266.155062 66.053787 66.053787 -0.000000 3.359435 3.835802 0 
257 318.110321 173.847516 305.852219 155.002541 323.068332 156.545333 17.214347 17.214347 -0.000000 1.849872 3.230967 0 
282 597.997474 367.052315 575.998517 362.004777 609.306295 271.594185 96.350103 96.350103 -0.000000 1.688716 1.923773 0 
317 28.928553 221.052843 24.069328 207.013474 30.702056 213.587314 9.150514 6.321608 0.902403 1.804032 3.922532 0 
321 638.257530 361.718500 598.974326 367.769739 603.417728 280.859539 87.736028 87.736028 -0.000000 1.163963 1.621878 0 
351 285.165304 264.720888 280.168296 253.047700 285.627497 256.664579 7.362740 7.362740 0.000000 1.628104 3.726725 0 
354 112.575672 409.393590 85.001518 370.999207 155.475987 348.222715 73.482615 73.482615 0.000000 2.182407 2.829001 0 
364 37.701385 263.789898 45.953044 232.513783 90.478109 260.666836 52.325977 52.325977 0.000000 3.082487 3.705422 0 
365 326.236071 245.208961 333.999764 227.896800 460.694719 305.355486 147.661071 147.661071 0.000000 3.562219 3.690337 0 
376 446.967041 192.037987 465.156407 207.819731 406.804802 257.031164 75.775093 75.775093 -0.000000 5.265899 5.582559 0 
393 28.863708 268.954497 63.145046 264.093097 102.691609 637.768372 375.881067 375.881067 -0.000000 4.514824 4.606950 0 
402 108.462307 277.353738 127.682935 263.453449 171.579307 342.212912 90.333853 90.333853 0.000000 3.940603 4.203922 0 
418 491.186312 416.075693 472.810307 416.065813 481.717524 317.706227 98.529849 98.529849 -0.000000 1.474835 1.661108 0 
457 137.113750 418.791726 109.922944 401.094564 159.993609 353.698514 68.460686 68.460686 -0.000000 1.908801 2.383629 0 
478 176.918271 321.006625 186.455288 303.302980 224.499119 336.808205 50.688124 50.688124 0.000000 3.462232 3.863642 0 
481 429.911027 401.095158 413.441033 382.661853 466.127996 348.960901 62.786116 62.786116 0.000000 2.177947 2.572531 0 
502 278.878431 214.784444 299.774781 202.499349 314.802896 247.779989 47.821439 47.821439 -0.000000 3.884519 4.391940 0 
543 449.647475 252.094863 511.943547 249.245342 485.250939 340.548714 95.258872 95.258872 -0.000000 4.329722 4.996813 0 
556 385.638904 275.010347 385.152941 305.018671 266.321003 287.871543 119.471950 119.471950 0.000000 6.175811 0.143308 0 
563 458.874776 253.476981 498.014760 249.436309 486.571417 335.207390 86.184441 86.184441 -0.000000 4.385657 4.845023 0 
575 453.535481 386.994863 442.236278 382.713312 445.327051 390.045637 8.582133 8.582133 -0.000000 5.927343 4.313464 0 
582 537.223296 421.388348 553.821760 417.834032 551.769295 443.272615 26.731250 26.731250 0.000000 4.125764 4.792898 0 
733 533.893049 265.108196 547.973574 279.026734 476.470371 336.713236 91.433479 91.433479 0.000000 5.388309 5.604331 0 
756 231.719059 276.211400 255.138933 356.021921 162.459423 342.314790 95.075542 95.075542 -0.000000 5.521100 0.146834 0 
812 554.069206 377.047748 534.076621 399.083509 488.930628 336.671421 76.599721 76.599721 -0.000000 0.554889 0.944568 0 
825 117.120185 409.875547 87.094575 370.946495 166.783895 341.758019 83.996123 83.996123 0.000000 2.200779 2.790490 0 
832 618.013613 102.269386 599.832663 101.309007 614.481020 -61.700980 163.855520 163.855520 0.000000 1.549256 1.660417 0 
980 140.795105 421.506253 117.976628 410.038602 159.570282 357.317812 66.760385 66.760385 -0.000000 1.855359 2.238758 0 
1063 251.923191 377.958283 224.221175 411.256090 188.897540 351.694020 68.089019 68.089019 -0.000000 0.394839 1.035498 0 
1079 443.805716 150.790640 450.542180 161.645335 447.136109 156.018132 6.319645 5.621562 0.201438 4.145142 1.026499 0 
