15 383.188520 337.009682 384.525509 310.975632 576.718354 331.633672 193.125391 193.125391 0.000000 3.113821 3.248668 0 
29 73.677574 375.168349 65.683909 313.506859 186.059197 328.224117 122.719345 122.719345 0.000000 2.745903 3.263250 0 
32 259.188725 301.958851 263.001919 337.000153 103.273652 338.245538 160.096351 160.096351 0.000000 6.054522 6.275389 0 
38 212.891026 242.154184 259.816744 301.583731 161.469247 330.429479 101.469324 101.469324 0.000000 5.239853 5.997883 0 
47 567.468951 284.880316 573.346895 307.911466 383.425049 342.403548 192.707545 192.707545 -0.000000 5.980253 6.103531 0 
58 566.199890 274.631339 576.694000 308.786772 307.057198 376.350768 277.841533 277.841533 0.000000 5.909141 6.037666 0 
71 550.034707 256.254513 561.249513 271.820230 513.547154 293.714349 51.887486 51.887486 0.000000 5.484640 5.852894 0 
77 344.974501 377.827623 318.459167 326.425207 347.552907 339.445818 39.744881 32.130390 -1.157600 1.637873 3.562399 0 
79 237.065070 275.951384 249.152704 298.942255 172.208609 329.156710 83.246721 83.246721 0.000000 5.596155 5.909005 0 
113 27.860683 284.021212 23.156990 253.128355 533.845817 196.485728 513.507622 513.507622 0.000000 2.970288 3.031130 0 
114 542.943997 246.118799 564.285632 272.833320 503.191547 299.568668 66.598004 66.598004 -0.000000 5.351867 5.870683 0 
120 85.953622 262.938272 172.046059 235.234860 159.426259 341.429470 107.287487 107.287487 -0.000000 3.960004 4.830671 0 
142 437.233484 140.408002 442.038494 154.995296 425.796108 153.066174 16.210986 16.210986 -0.000000 5.447166 0.118217 0 
153 211.378652 250.514338 234.157276 271.877523 181.367877 308.422836 64.190760 64.190760 0.000000 5.190526 5.677656 0 
164 418.822369 226.417854 438.074224 217.363628 444.825827 259.112620 42.514936 42.514936 0.000000 4.040496 4.552058 0 
174 149.005243 235.830621 184.061612 239.742489 155.400105 354.172648 118.249105 118.249105 0.000000 4.658404 4.957811 0 
197 148.000406 233.014237 178.938462 235.230845 158.420047 329.639442 96.838488 96.838488 0.000000 4.604968 4.926397 0 
208 245.762019 301.732106 250.472966 333.151770 64.332363 351.528227 188.885952 188.885952 0.000000 6.015316 6.184781 0 
240 378.542947 329.959097 380.423242 308.948385 519.271894 334.155364 140.745720 140.745720 0.000000 3.171402 3.321180 0 
274 213.931231 257.088858 232.991427 276.008550 175.403384 313.671640 68.519384 68.519384 0.000000 5.310188 5.703997 0 
288 72.442971 381.778895 58.000000 351.000000 389.243229 236.524306 348.267524 348.267524 0.000000 2.711688 2.808848 0 
309 193.484974 301.014484 184.736632 313.820076 134.967088 272.955127 64.465681 64.465681 -0.000000 0.447114 0.687465 0 
343 463.966161 341.938122 429.891689 353.602856 418.343115 255.101843 98.474755 98.474755 0.000000 1.087042 1.454086 0 
358 342.148178 372.539307 324.237927 362.708504 346.838702 343.546492 29.238990 29.238990 0.000000 1.731189 2.438350 0 
386 555.744129 298.083519 557.352906 355.777283 447.786976 332.403061 113.395417 113.395417 0.000000 5.975389 0.210184 0 
421 360.218569 285.453426 334.885106 287.710320 339.729000 190.484150 97.042582 97.042582 -0.000000 1.358304 1.620576 0 
460 328.563042 263.959501 330.417989 243.946056 481.717217 269.735234 153.136183 153.136183 -0.000000 3.179287 3.310422 0 
507 46.498944 342.066536 38.621787 364.878415 5.030382 342.286497 41.223781 41.223781 0.000000 6.277881 0.592065 0 
555 217.361828 248.552368 261.467850 328.920690 165.010516 329.168239 95.525143 95.525143 0.000000 5.288337 6.280619 0 
575 241.092409 275.947394 254.996342 306.001255 161.176530 335.220782 98.679414 98.679414 0.000000 5.645019 5.981264 0 
588 257.768771 348.946132 246.180005 382.073237 142.022167 324.586341 118.349321 118.349321 -0.000000 0.207431 0.504317 0 
