7 207.827701 178.094271 189.933838 176.027639 204.456070 186.702119 17.289578 8.225096 0.840546 5.085713 3.775453 0 
17 266.275293 85.018521 270.373275 59.285610 459.621264 83.848860 192.963389 192.963389 0.000000 3.135543 3.270665 0 
55 154.234498 202.668648 132.969939 224.612032 126.739773 200.040250 26.640798 26.640798 0.000000 0.095307 1.322480 0 
71 181.262126 104.033689 186.037744 66.876327 489.360329 121.511448 308.011347 308.011347 0.000000 3.198260 3.319804 0 
77 105.130102 212.987161 142.381860 177.469668 135.758200 206.824447 34.345951 28.211017 0.866135 2.943033 4.934314 0 
94 148.049470 209.036456 137.050065 179.142157 129.532391 199.684946 21.315110 20.724799 -1.173760 0.467656 5.063204 0 
100 133.103143 225.176120 108.083293 212.922977 129.185446 200.940492 24.184479 24.184479 0.000000 1.410532 2.625162 0 
127 237.069225 113.939670 212.976059 112.366712 222.439573 58.881117 54.325351 54.325351 -0.000000 1.311087 1.745920 0 
131 137.898784 179.171746 150.769185 196.109896 132.305681 197.453596 17.833856 17.833856 0.000000 5.009284 6.210537 0 
158 136.820594 184.875812 125.160341 194.859958 120.695530 180.735237 16.278086 16.278086 -0.000000 0.251348 1.264636 0 
184 171.823425 99.979898 173.634412 84.072224 298.656710 100.563391 126.429895 126.429895 -0.000000 3.146193 3.272741 0 
189 298.146850 47.147653 318.076458 44.597529 314.676209 111.473831 66.308091 66.308091 0.000000 4.460869 4.763189 0 
203 257.533126 234.715393 240.209041 221.720629 352.633517 106.551551 160.471571 160.471571 -0.000000 2.209172 2.344136 0 
230 74.484950 89.004080 82.151357 85.885937 78.110991 87.120519 4.004780 4.004780 -0.000000 2.662503 5.986634 0 
254 249.056714 118.703913 230.980143 116.698489 248.809118 57.640773 60.585084 60.585084 0.000000 1.566742 1.863987 0 
256 56.972958 109.518133 71.925867 108.678993 67.112711 177.027592 68.459443 68.459443 -0.000000 4.563306 4.782694 0 
