2 330.676113 303.102069 321.262981 273.232263 420.260157 256.982562 99.676292 99.676292 -0.000000 2.666161 2.978900 0 
26 197.990959 216.989638 212.437059 231.942256 198.300238 237.155411 23.321229 12.143358 -1.242405 4.697053 5.929893 0 
51 61.714614 91.035003 62.604343 70.803255 93.742150 80.980171 32.596097 32.596097 -0.000000 2.837393 3.457483 0 
53 159.297957 341.300309 149.764054 299.073344 222.157574 305.851237 72.236306 72.236306 -0.000000 2.628110 3.234946 0 
60 143.992971 327.733515 142.117537 291.884056 209.822309 307.396048 69.168518 69.168518 -0.000000 2.841952 3.366818 0 
93 629.544305 135.072242 625.015937 92.944079 1048.227667 62.206762 424.949277 424.949277 0.000000 2.969284 3.069091 0 
167 367.077006 304.988989 378.011737 255.007321 442.565214 292.858692 75.630488 75.630488 0.000000 2.982263 3.671920 0 
168 470.075586 246.944688 491.688550 332.955812 398.035331 310.936175 96.339137 96.339137 0.000000 5.556887 0.230925 0 
191 247.382567 222.967074 234.142769 291.047929 127.724129 231.777948 119.902569 119.902569 -0.000000 6.209684 0.508164 0 
200 222.991996 361.078548 189.909789 354.223359 219.033239 290.769658 69.877738 69.877738 -0.000000 1.514551 2.001086 0 
245 65.852620 73.066107 86.763621 129.077895 -263.396628 230.663482 364.775173 364.775173 -0.000000 5.836758 6.000825 0 
359 235.015219 243.996789 224.113012 293.234826 162.044378 248.065262 75.070716 75.070716 0.000000 6.227488 0.629099 0 
398 438.005625 163.908407 439.836878 204.007449 78.878074 197.398721 360.638537 360.638537 -0.000000 6.190200 0.018307 0 
462 481.515187 326.962071 465.146634 356.258853 432.551436 316.979029 50.562243 50.562243 -0.000000 0.201130 0.878135 0 
512 281.369555 271.883656 287.920876 301.005857 198.081928 309.147387 90.712083 90.712083 -0.000000 5.862487 6.192809 0 
536 454.578233 146.893468 456.265394 189.988494 -67.256309 196.525006 523.443465 523.443465 -0.000000 6.188361 6.270700 0 
551 255.789631 248.357662 280.027528 269.977213 237.724770 292.708955 47.426243 47.426243 0.000000 5.099184 5.790100 0 
607 194.825623 38.949017 288.006400 36.183979 261.489944 641.386782 605.382259 605.382259 0.000000 4.602180 4.756175 0 
613 441.183868 227.636070 463.392721 241.221548 429.257848 272.766913 46.322315 46.322315 -0.000000 4.970738 5.537193 0 
723 615.188668 70.861323 619.514493 107.939976 325.069398 123.870584 294.463460 294.463460 0.000000 6.102463 6.229134 0 
758 25.221419 164.031031 29.113211 141.816842 309.601746 207.517243 288.072361 288.072361 0.000000 3.293333 3.371680 0 
897 254.705799 119.332857 263.219587 109.393682 264.247596 116.897465 13.216043 7.182993 0.341534 2.891694 4.576238 0 
