55 174.321388 88.818300 176.154689 103.130486 167.303492 96.692244 11.485904 9.647818 0.334771 5.440366 0.628871 0 
58 454.275028 138.945014 442.815254 176.772497 448.487551 154.327725 15.744384 5.111566 -1.241441 5.072240 1.819931 0 
70 434.810193 194.522931 481.011301 187.470915 475.356839 306.450243 119.565553 119.565553 0.000000 4.364835 4.759878 0 
82 21.564983 139.008492 51.015211 130.087798 52.124859 185.014372 54.603690 54.603690 -0.000000 4.126054 4.692189 0 
83 532.779363 326.514154 514.772947 345.770795 486.732259 294.357345 57.425253 57.425253 -0.000000 0.609615 1.071495 0 
87 457.025019 159.013866 442.815254 176.772497 430.286814 151.969644 27.353146 27.353146 -0.000000 0.257598 1.103060 0 
91 30.597980 148.368941 75.197626 145.647725 58.073535 214.908123 71.653150 71.653150 -0.000000 4.320792 4.954770 0 
107 142.995163 204.903004 172.998989 204.770720 156.801692 407.584786 202.948337 202.948337 -0.000000 4.644375 4.792083 0 
123 103.596030 225.595843 122.818320 213.169102 147.138488 266.106982 59.316063 59.316063 0.000000 3.890942 4.281738 0 
136 384.540593 241.737259 415.000000 214.000000 452.765649 266.829298 72.042506 72.042506 0.000000 3.494021 4.091758 0 
143 154.033237 368.782261 160.437613 345.738548 153.148654 359.517556 9.416470 7.945492 -1.010812 1.475606 3.917363 0 
163 156.665401 367.042701 160.437613 345.738548 175.393914 359.892827 19.869557 19.869557 0.000000 2.776905 3.899447 0 
167 548.663871 309.910957 509.285675 373.296533 464.142723 300.424005 84.300871 84.300871 -0.000000 0.111776 1.016178 0 
175 114.680852 251.573304 102.311875 266.262611 67.715419 223.239210 54.539164 54.539164 0.000000 0.542840 0.893541 0 
181 261.851471 103.558943 272.779816 113.067359 257.046212 114.594738 15.677607 10.616464 -0.245968 5.123056 6.186411 0 
197 541.097217 258.649708 549.153419 304.999437 447.129236 299.873100 102.312344 102.312344 0.000000 5.869771 0.050204 0 
222 390.902576 300.132069 388.368600 279.075985 468.775681 278.745880 80.140960 80.140960 -0.000000 2.873572 3.137487 0 
231 152.124262 163.014249 154.200466 144.908318 256.307729 167.575766 104.189317 104.189317 -0.000000 3.185348 3.360046 0 
234 457.356897 161.134808 445.303256 177.299576 433.697925 155.055950 24.350025 24.350025 0.000000 0.251497 1.089910 0 
249 535.903785 318.052158 534.070630 303.736809 532.260167 310.674520 7.598091 7.598091 -0.000000 1.112062 4.967656 0 
253 283.205522 216.233657 269.782308 199.114081 300.160395 191.133487 30.928539 30.928539 -0.000000 2.164881 2.884689 0 
259 546.509169 307.884280 507.596044 370.706784 457.253971 297.171322 89.176505 89.176505 -0.000000 0.119455 0.970484 0 
260 435.079066 349.847013 409.658526 331.387971 453.423599 301.438894 51.743421 51.743421 0.000000 1.933030 2.541472 0 
267 493.994682 380.984532 415.286714 376.447458 458.432604 298.166862 90.093603 90.093603 -0.000000 1.165203 2.074537 0 
269 379.847728 238.913648 396.534350 214.420431 432.791850 259.403229 56.755566 56.755566 0.000000 3.510846 4.033982 0 
281 507.792025 233.231784 523.557935 247.378191 480.206073 279.993719 53.579805 53.579805 -0.000000 5.245366 5.638186 0 
286 89.243938 213.252010 108.174440 198.308628 128.451324 242.583394 48.559886 48.559886 -0.000000 3.783882 4.282920 0 
298 284.000778 120.994871 294.044481 135.263233 260.362140 142.148569 39.856885 14.306553 -0.425344 5.553207 6.081544 0 
310 512.963908 230.040731 546.837363 306.001150 467.872288 294.501493 78.868612 78.868612 0.000000 5.322793 0.144613 0 
316 443.050989 384.808140 386.301894 340.438384 450.023445 317.539994 66.640364 66.640364 0.000000 1.674079 2.796612 0 
330 502.085097 374.186568 443.990046 385.426299 454.333453 287.548133 98.735986 98.735986 0.000000 1.067063 1.676082 0 
338 154.023290 160.004406 157.997207 138.999472 227.801619 164.183618 73.539111 73.539111 -0.000000 3.198178 3.487840 0 
350 385.460176 338.157279 379.229307 307.980171 570.164495 278.934050 193.969882 193.969882 0.000000 2.831311 2.990625 0 
356 308.712505 321.988082 300.681949 345.532924 284.651618 327.956517 24.446804 24.446804 -0.000000 6.040038 0.831371 0 
379 206.910323 248.095846 239.255660 318.981542 161.889632 311.372447 76.837568 76.837568 0.000000 5.330785 0.098037 0 
391 -0.715369 181.566693 24.349820 152.265652 57.028030 205.371913 62.044187 62.044187 -0.000000 3.532622 4.160769 0 
393 545.049397 233.650592 579.999768 230.996945 568.866363 398.525855 166.692618 166.692618 -0.000000 4.568927 4.778748 0 
416 169.960909 123.021872 192.920243 127.163669 177.142157 150.912069 28.462216 28.462216 -0.000000 4.460380 5.298810 0 
424 70.723218 345.148589 78.882161 271.845859 165.268803 317.968533 99.309224 99.309224 0.000000 2.861660 3.631999 0 
437 518.006426 230.993408 540.651375 258.571775 478.348340 287.813523 68.392792 68.392792 -0.000000 5.321744 5.844359 0 
452 457.998266 383.065539 416.126838 238.123745 462.407683 305.498289 79.668458 79.668458 0.000000 1.627582 4.110496 0 
533 353.207159 263.582316 320.896903 296.807528 299.504030 243.429594 57.252855 57.252855 0.000000 0.359000 1.189617 0 
543 239.768515 329.231213 227.871898 358.929157 145.653068 309.634552 95.867148 95.867148 -0.000000 0.205286 0.540091 0 
547 39.721847 286.527209 -0.730794 255.692974 55.640391 223.242882 63.926616 63.926616 0.000000 1.817224 2.619270 0 
568 234.935007 334.374400 226.237501 356.095101 127.084017 304.219840 111.637956 111.637956 0.000000 0.272633 0.482020 0 
600 363.625817 176.650009 386.522979 173.004154 387.510708 265.063314 91.992719 91.992719 -0.000000 4.448537 4.701660 0 
620 129.921224 232.473675 181.157481 234.331874 151.910300 335.097135 105.042995 105.042995 0.000000 4.501311 4.994878 0 
630 194.137966 387.346203 103.663384 385.699275 150.962882 297.406051 100.429928 100.429928 0.000000 1.123242 2.062602 0 
640 222.106671 363.108116 200.459603 384.465830 162.907297 325.998179 68.626416 68.626416 0.000000 0.559938 0.999871 0 
654 97.566164 221.350592 122.012747 205.019081 166.191974 296.682409 101.118389 101.118389 0.000000 3.973540 4.263267 0 
660 110.028979 328.442189 92.971170 329.560095 90.713475 195.888455 133.695965 133.695965 0.000000 1.426096 1.553908 0 
671 500.047525 199.907371 522.336849 211.343470 467.893850 287.636362 93.026478 93.026478 -0.000000 5.063697 5.332188 0 
672 481.886353 221.435136 544.400456 303.958898 495.185208 280.622887 60.635708 44.389283 1.075682 4.491370 0.442765 0 
689 369.931488 149.036671 391.103370 150.435883 372.854863 196.167994 48.305252 48.305252 0.000000 4.650442 5.092059 0 
694 155.397824 166.918711 158.633333 142.950503 287.347251 173.222601 131.826899 131.826899 0.000000 3.189331 3.372584 0 
707 457.886742 77.024073 455.820907 98.551976 430.398032 86.720893 29.098791 29.098791 -0.000000 5.944057 0.435563 0 
714 239.233862 249.920442 246.483904 280.070857 139.037923 288.019858 107.436130 107.436130 -0.000000 5.919821 6.209338 0 
725 498.156213 206.667122 523.089409 221.880415 484.994326 257.934396 52.388612 52.388612 0.000000 4.963692 5.525307 0 
734 470.010177 362.919669 448.967831 360.253926 480.055855 218.472824 144.648320 144.648320 0.000000 1.640230 1.786648 0 
759 70.675580 357.145777 70.922659 275.963799 157.128721 317.237878 95.999894 95.999894 0.000000 2.709123 3.588124 0 
767 99.615539 223.818943 134.491957 203.761613 173.916521 312.503241 115.732480 115.732480 -0.000000 4.015012 4.364575 0 
872 41.977786 137.428393 74.167934 139.027214 57.028343 196.304949 59.763100 59.763100 0.000000 4.462119 5.003145 0 
879 -0.916145 167.178208 14.719003 149.747943 53.504698 199.430521 62.528484 62.528484 0.000000 3.676588 4.049546 0 
886 468.985572 198.959160 502.258449 204.214316 468.381186 281.364613 83.784235 83.784235 0.000000 4.719723 5.126148 0 
