25 303.190015 402.982631 276.998162 406.918724 279.236027 336.145009 70.461922 70.461922 0.000000 1.226666 1.602406 0 
43 567.996008 444.833548 526.974544 442.145481 578.170510 32.494997 412.810614 412.810614 0.000000 1.595466 1.695126 0 
56 422.016925 240.310561 399.030694 241.563233 399.191821 89.973290 151.270023 151.270023 -0.000000 1.420121 1.571859 0 
67 478.378124 15.171990 489.573552 6.763668 500.756573 30.670932 25.907238 25.907238 -0.000000 3.747324 4.274859 0 
126 313.299390 399.437868 261.235944 404.295583 284.496279 347.267520 61.248630 61.248630 -0.000000 1.066344 1.958073 0 
139 286.920880 375.225647 317.048016 387.908544 260.055667 489.061340 116.575400 116.575400 -0.000000 4.944148 5.225483 0 
146 230.772173 298.615628 245.498396 345.967040 146.350358 353.107442 99.890886 99.890886 -0.000000 5.710001 6.211292 0 
185 459.321358 162.750305 433.242048 161.529682 442.304555 100.954621 64.149256 64.149256 -0.000000 1.302084 1.719303 0 
213 239.501925 377.972933 251.160131 352.198654 249.071093 368.399109 15.936679 8.895131 -1.302306 2.355951 4.840631 0 
220 115.994786 199.285681 148.989131 196.905651 184.359808 541.523137 346.650786 346.650786 -0.000000 4.515225 4.610110 0 
271 622.721468 432.232893 567.989743 444.923418 561.839229 295.194018 149.627865 149.627865 0.000000 1.152718 1.529742 0 
287 472.539364 35.779949 457.231846 53.368194 433.812418 22.620162 40.029604 40.029604 0.000000 0.327568 0.919877 0 
361 177.338058 259.577565 208.934381 288.061512 127.201294 347.665249 100.541545 100.541545 0.000000 5.229830 5.653098 0 
448 523.121925 171.394071 532.896942 178.008784 527.873741 174.613099 6.390718 4.753939 1.085856 3.737010 0.594437 0 
449 314.651857 182.561031 350.842175 173.869900 341.848300 237.668706 64.553815 64.553815 -0.000000 4.253943 4.852439 0 
478 472.916904 201.441292 456.559550 193.278182 470.403235 179.688409 21.257309 21.257309 -0.000000 1.455751 2.365450 0 
502 308.892580 365.052765 313.371577 382.988442 288.293476 380.418147 25.236996 25.236996 -0.000000 5.642297 0.102135 0 
518 9.044019 298.006272 21.773563 260.872031 72.307297 299.051380 63.032990 63.032990 0.000000 3.158111 3.788618 0 
523 458.997025 115.038918 467.804608 124.954759 460.349095 122.853909 7.825929 7.825929 -0.000000 4.541075 0.274663 0 
533 630.851586 78.052369 631.473134 93.236466 626.007698 85.493987 9.213470 9.213470 -0.000000 5.289410 0.956120 0 
562 308.367839 396.708382 284.038634 403.921882 286.668948 371.636947 32.540303 32.540303 -0.000000 0.857382 1.652089 0 
572 187.116740 417.474064 110.902067 419.688577 145.324454 237.432060 185.653762 185.653762 -0.000000 1.342710 1.757465 0 
585 606.890797 82.976319 623.122170 77.180198 616.529267 88.781832 11.464884 11.464884 -0.000000 3.683722 5.229154 0 
592 145.091446 427.202697 100.149017 418.521237 155.114943 266.642245 161.163292 161.163292 -0.000000 1.633144 1.918038 0 
618 174.092552 255.270583 227.731914 313.538693 93.694718 382.447304 150.474499 150.474499 0.000000 5.276131 5.808321 0 
624 638.423591 433.907730 497.670288 440.637229 562.991961 258.225356 192.272282 192.272282 0.000000 1.165235 1.914669 0 
677 491.942609 247.285183 627.941024 283.388728 515.067073 431.873609 185.676605 185.676605 -0.000000 4.587762 5.362368 0 
701 34.275389 242.493637 74.936528 229.645985 84.034579 329.981142 100.629832 100.629832 0.000000 4.195259 4.621960 0 
726 29.883019 372.086654 8.002211 338.998826 138.041571 272.754775 146.208995 146.208995 -0.000000 2.398709 2.670441 0 
731 447.061357 262.149510 465.276680 254.674195 527.738099 429.030694 185.128768 185.128768 -0.000000 4.262078 4.368393 0 
749 521.014107 238.900148 559.101579 244.280988 483.756765 666.703681 428.965592 428.965592 -0.000000 4.799260 4.888896 0 
764 502.970368 283.985463 512.768657 287.029680 507.586281 286.507368 7.476759 5.114906 -1.445503 3.641629 0.100447 0 
791 418.783506 287.385881 446.113680 263.179875 484.785361 339.724973 85.460404 85.460404 -0.000000 3.812047 4.244579 0 
