3 86.788029 313.248218 116.739859 345.193094 6.819147 417.513574 131.508744 131.508744 -0.000000 5.366666 5.701253 0 
6 211.038111 319.003740 202.080367 313.982998 202.431777 319.618023 8.580802 8.580802 -0.000000 6.211930 4.650108 0 
14 190.010856 336.982216 224.009296 199.797001 211.796446 269.568830 70.613046 67.990167 1.185787 1.883367 4.885673 0 
17 23.042202 435.875075 21.446824 442.762795 26.812254 441.329441 7.140602 4.741590 0.478236 4.107594 2.880543 0 
20 210.955902 233.008217 216.883094 222.231619 218.347724 229.138372 8.223175 8.223175 0.000000 2.659298 4.503427 0 
21 202.762941 313.468913 214.220144 325.123303 199.770184 327.329707 14.034152 14.034152 0.000000 4.925040 6.131663 0 
22 191.057073 339.891200 239.128373 201.502965 213.826074 269.095039 72.880881 72.880881 -0.000000 1.881962 5.070579 0 
29 516.255678 341.795578 411.908186 309.414831 479.832561 272.945904 77.254248 77.254248 -0.000000 1.084200 2.648859 0 
30 250.718898 216.294573 218.232187 268.205282 134.797115 183.182022 119.708863 119.708863 0.000000 0.278236 0.794826 0 
39 20.637721 442.121485 27.725102 432.911632 25.320775 437.944209 6.024238 6.024238 0.000000 2.413216 5.158081 0 
40 470.275628 212.336341 449.652571 213.968484 459.850779 211.809659 11.672223 7.070680 -0.564758 0.050479 2.932986 0 
52 398.398552 268.074765 430.233293 210.261199 473.967394 272.690072 75.838893 75.838893 0.000000 3.202591 4.101299 0 
55 262.387407 202.626486 292.349575 244.337677 218.450088 267.734817 77.266196 77.266196 -0.000000 5.306025 5.976563 0 
57 -0.653645 394.611319 41.321992 453.528944 -72.697156 492.841435 120.743395 120.743395 -0.000000 5.345191 5.951161 0 
83 527.110253 208.797012 556.284571 302.601089 478.723359 275.902898 83.059913 83.059913 0.000000 5.337105 0.331517 0 
103 430.519145 341.511734 407.353249 313.771774 475.914807 277.669225 77.332533 77.332533 -0.000000 2.188905 2.656915 0 
114 21.324887 403.813925 52.491162 454.266535 -117.935015 529.408396 186.200315 186.200315 -0.000000 5.549337 5.867920 0 
120 219.907697 186.379400 244.888829 192.456955 209.709896 273.795644 87.692652 87.692652 -0.000000 4.828522 5.120594 0 
127 273.998738 168.029304 300.999924 168.062397 286.053839 442.375417 274.444340 274.444340 0.000000 4.668476 4.766821 0 
128 291.955877 244.745086 294.294749 275.210338 207.310882 269.759098 88.305497 88.305497 0.000000 5.995847 0.062588 0 
137 352.425570 302.472954 347.182781 275.023059 378.840565 286.770159 32.682462 32.682462 0.000000 2.605253 3.496909 0 
139 194.921058 204.161215 216.914478 202.091307 212.635660 285.721809 83.168958 83.168958 0.000000 4.498515 4.763508 0 
175 266.697516 203.290086 291.293382 305.337364 210.107885 270.745110 87.886498 87.886498 0.000000 5.410418 0.402793 0 
181 561.196816 303.602631 524.303453 342.615428 455.326948 242.960786 121.698504 121.698504 0.000000 0.520176 0.965355 0 
218 540.438429 231.460773 556.281838 274.943878 481.396159 276.555712 74.242620 74.242620 0.000000 5.630927 6.261665 0 
226 135.991049 248.997196 173.089518 199.134377 207.876843 262.746780 72.407626 72.407626 0.000000 3.330580 4.211957 0 
237 215.136030 181.241923 246.081314 188.796117 210.776467 272.543688 90.889523 90.889523 0.000000 4.760102 5.111345 0 
245 488.880509 201.011896 513.806147 207.457089 478.957262 298.918971 98.294515 98.294515 -0.000000 4.813398 5.076428 0 
246 249.560020 126.111869 257.919134 113.902119 263.733415 125.542440 17.880284 9.298522 0.537217 3.101438 4.249146 0 
249 396.254279 219.049131 385.126405 254.064590 317.040537 214.652236 78.768140 78.768140 0.000000 0.055450 0.524732 0 
259 524.511394 343.068761 495.676175 354.955360 475.546536 266.214482 90.844995 90.844995 0.000000 1.003534 1.347735 0 
272 556.666412 281.152488 549.677154 311.697307 181.846696 198.116528 384.020660 384.020660 -0.000000 0.218015 0.299497 0 
277 20.771126 30.026712 17.730616 0.029919 583.782489 -28.748078 566.273855 566.273855 -0.000000 3.037576 3.090797 0 
279 255.741005 210.295835 288.540350 265.871711 220.765019 268.617729 66.970254 66.970254 0.000000 5.252592 6.242691 0 
287 459.819622 201.184916 488.070611 200.462823 469.673171 335.507520 135.747166 135.747166 0.000000 4.639163 4.847788 0 
307 401.095873 280.015672 405.816233 278.663788 608.998254 291.865424 207.158915 207.158915 0.000000 3.198528 3.354488 0 
318 366.548134 312.227207 354.650316 306.366894 367.698295 292.391167 19.436431 19.436431 0.000000 1.628715 2.321877 0 
343 552.724968 243.802641 558.497272 281.007076 461.890349 277.876277 96.758564 96.758564 -0.000000 5.924312 0.032396 0 
349 430.774451 200.444846 451.937679 191.846607 479.752579 289.571422 101.320020 101.320020 0.000000 4.209903 4.435097 0 
363 109.925555 387.496049 127.969383 390.204007 91.681470 596.803270 209.901187 209.901187 -0.000000 4.799333 4.886259 0 
381 407.821785 259.299252 405.816233 278.663788 403.022215 269.028502 14.915676 9.281270 -0.141809 5.170673 1.288559 0 
420 434.144512 339.771451 411.045621 315.963769 470.420795 282.707758 67.481860 67.481860 0.000000 2.137064 2.631029 0 
427 232.072618 344.890417 198.980869 344.132675 217.419721 257.469488 88.540331 88.540331 -0.000000 1.404727 1.780435 0 
441 71.328727 68.283829 58.051841 69.879399 65.084078 64.919465 7.976720 7.976720 0.000000 0.494172 2.527309 0 
448 520.173907 351.452692 495.756246 359.197771 489.892835 297.062482 61.907049 61.907049 -0.000000 1.062795 1.476710 0 
454 127.122485 417.061738 108.323127 446.268474 70.965920 401.921356 57.438145 57.438145 0.000000 0.263348 0.870742 0 
507 263.859119 207.155349 282.176945 228.867318 216.605588 264.052474 73.915415 73.915415 -0.000000 5.405458 5.790693 0 
512 317.820508 185.407940 320.820860 172.738936 323.295953 179.156041 9.632581 6.665675 -0.287564 2.290082 4.344269 0 
610 244.304252 339.196873 210.999806 343.719701 216.135430 255.762799 87.999399 87.999399 0.000000 1.245195 1.629118 0 
619 287.994890 264.000039 284.337637 297.080899 196.029984 271.253909 92.117200 92.117200 0.000000 6.204472 0.284531 0 
621 284.948037 404.779228 305.897986 405.354935 294.814492 425.614029 22.907405 22.907405 -0.000000 4.270119 5.212993 0 
629 35.000000 293.000000 78.735683 303.558238 36.381180 378.765438 86.109150 86.109150 -0.000000 4.696286 5.225288 0 
638 1.817343 42.021955 0.011560 26.998611 47.383274 28.719414 47.068239 47.068239 0.000000 2.857546 3.177902 0 
