12 567.494250 20.393422 611.040432 2.423446 619.381196 63.317921 66.552094 66.552094 0.000000 3.832742 4.576265 0 
16 571.123070 66.543915 628.121463 23.742431 620.557752 72.020886 50.238282 50.238282 -0.000000 3.251935 4.867794 0 
41 572.831462 74.509020 606.571608 34.097389 621.780905 77.945413 46.618277 46.618277 -0.000000 3.211681 4.378511 0 
46 566.391803 15.534599 589.157213 -1.149950 596.416963 34.473966 33.146256 33.146256 0.000000 3.704340 4.511353 0 
59 569.395463 70.026015 631.904198 22.175025 599.697135 46.497569 34.216048 21.320480 -0.708194 2.481363 5.636369 0 
63 593.798099 109.915160 638.232965 65.862194 646.063622 117.353143 51.140530 51.140530 0.000000 3.282955 4.561467 0 
65 586.023543 66.956661 611.423133 44.567152 622.659874 82.452203 37.232137 37.232137 -0.000000 3.541730 4.424054 0 
73 562.467065 65.005094 597.822176 7.741868 610.339726 56.127851 47.325426 47.325426 -0.000000 2.958241 4.459237 0 
75 600.531088 139.648050 627.383424 85.329953 657.392367 136.527485 58.241208 58.241208 -0.000000 3.086767 4.182223 0 
78 599.030178 71.039905 631.904198 22.175025 630.663346 95.259822 38.323368 38.323368 -0.000000 3.795034 4.540574 0 
82 621.074236 111.851557 639.078665 97.338122 650.671409 131.124470 33.419399 33.419399 -0.000000 3.718793 4.381857 0 
86 625.223044 407.395588 457.773759 301.354290 553.189326 341.931318 105.076577 83.945366 0.179643 0.737656 3.543689 0 
87 338.884372 54.184028 338.863495 64.850649 334.947195 59.801007 6.404746 6.404746 0.000000 5.323747 0.911136 0 
88 345.309288 340.281954 337.774092 364.308961 326.730067 348.759932 20.232896 20.232896 0.000000 5.855092 0.953210 0 
90 214.781137 62.958713 274.810921 72.813681 190.597892 393.758254 331.560775 331.560775 0.000000 4.785365 4.968996 0 
91 560.715467 256.111915 583.742950 262.004517 532.260002 407.681203 153.247094 153.247094 -0.000000 4.897968 5.052094 0 
103 494.100954 -0.715993 502.456879 114.752781 395.289633 64.123795 119.178259 119.178259 0.000000 5.702465 0.441349 0 
116 295.934037 218.098785 288.077502 233.090968 281.974730 221.080421 13.751377 13.751377 -0.000000 6.072753 1.100676 0 
121 169.510868 67.204193 162.386211 11.812331 253.530755 26.463618 93.496480 93.496480 -0.000000 2.690104 3.300977 0 
122 342.367260 49.387806 334.622626 76.433741 320.924709 58.062174 23.283705 23.283705 0.000000 5.898771 0.930115 0 
136 244.066555 235.976692 252.992982 226.171638 253.261241 222.758684 15.798644 7.875475 -1.206002 2.178575 5.257472 0 
139 500.551410 71.644460 501.010081 59.010134 504.164147 65.209054 6.840470 6.840470 0.000000 2.082338 4.241719 0 
147 292.099564 56.030258 285.749884 76.923989 234.786340 48.984605 57.243029 57.243029 -0.000000 0.122319 0.501478 0 
148 432.405718 28.087847 442.326035 0.700217 518.553316 46.135395 88.246691 88.246691 0.000000 3.348102 3.679102 0 
157 143.115322 375.643418 133.334654 370.378331 150.682493 351.526303 25.700730 25.700730 -0.000000 1.874836 2.314666 0 
159 353.876303 353.971597 339.067283 373.387916 330.547041 352.673372 22.796157 22.796157 -0.000000 0.055591 1.180572 0 
162 597.345641 115.092995 608.546934 90.486536 641.623491 119.099374 44.146467 44.146467 -0.000000 3.231830 3.854759 0 
166 465.726771 42.302206 459.716598 19.038593 501.535470 19.574193 41.667438 41.667438 0.000000 2.576044 3.154400 0 
188 499.688990 172.805511 486.084593 171.983491 492.965004 171.852418 7.481345 6.372754 -1.024550 0.140807 3.122545 0 
194 518.990872 325.006682 508.465981 305.586431 561.175173 295.038466 53.372713 53.372713 0.000000 2.523913 2.944085 0 
210 224.037727 107.894314 200.787710 99.594694 241.143103 29.525563 79.953130 79.953130 0.000000 1.785694 2.093334 0 
213 225.299702 102.409188 181.960720 81.046728 223.997486 47.247597 53.766441 53.766441 -0.000000 1.547193 2.464395 0 
217 484.019799 130.799583 439.315174 96.849779 468.876065 99.439195 34.841968 25.568278 0.965172 1.120927 3.228966 0 
222 267.011332 99.029305 245.181873 107.470343 229.592196 38.890465 69.961935 69.961935 -0.000000 1.014204 1.347273 0 
240 177.117159 75.435536 169.911361 -0.362327 237.463621 30.455503 74.269460 74.269460 0.000000 2.501066 3.569597 0 
252 478.340882 53.610270 464.406784 30.812113 528.560218 10.088897 67.329758 67.329758 -0.000000 2.427525 2.829147 0 
260 609.143630 420.477910 519.873850 423.418170 558.827460 304.952154 125.295028 125.295028 -0.000000 1.160032 1.888476 0 
276 445.444926 311.191040 482.432177 268.690472 523.079453 340.238392 82.446391 82.446391 -0.000000 3.499622 4.195746 0 
283 482.446397 134.033291 453.691825 124.455545 479.471539 102.225052 33.122787 33.122787 0.000000 1.477543 2.429987 0 
312 266.808528 223.671492 252.992982 226.171638 258.539159 212.690432 13.970751 13.970751 -0.000000 0.925341 1.961092 0 
328 258.019808 340.876886 238.871910 337.796114 262.276110 241.485686 98.831843 98.831843 -0.000000 1.613594 1.809183 0 
330 322.306733 6.228311 330.786898 5.473364 326.605421 8.086768 4.733618 4.733618 -0.000000 3.549656 5.724589 0 
361 477.979396 129.084607 443.686187 102.196490 480.603103 91.732280 37.329152 37.329152 -0.000000 1.640923 2.865385 0 
372 514.666199 185.772643 497.628757 204.302106 482.914244 176.192796 32.133066 32.133066 0.000000 0.293024 1.088546 0 
378 585.014065 259.972577 638.768248 296.120170 543.359325 380.510578 126.724905 126.724905 0.000000 5.045115 5.558993 0 
414 263.206400 53.456159 248.833021 49.372458 263.421305 31.311857 23.131210 23.131210 0.000000 1.580501 2.250239 0 
421 557.881856 34.451564 567.348177 15.151752 777.100714 125.586188 236.411805 236.411805 -0.000000 3.535581 3.626214 0 
457 117.868159 213.661392 159.941822 203.625140 165.116565 318.890673 115.124848 115.124848 -0.000000 4.290363 4.667525 0 
480 623.588864 422.131494 484.239273 263.350983 550.015585 345.121778 114.089542 91.286307 0.254059 0.808215 4.034972 0 
490 550.992340 130.974856 537.066224 135.217381 535.935688 109.792286 25.099801 25.099801 0.000000 0.952856 1.526360 0 
501 613.541882 143.903138 621.883017 120.433027 649.225644 141.865079 34.649038 34.649038 -0.000000 3.084540 3.806398 0 
505 58.535503 250.894373 222.184930 228.475473 197.379471 248.875038 139.626246 25.276674 0.013298 3.127050 3.243405 0 
510 286.013391 47.182862 242.924679 44.349378 284.405842 -319.473235 366.653630 366.653630 -0.000000 1.566412 1.684321 0 
512 526.009248 211.067722 516.894826 196.914679 524.493928 195.055583 17.686075 6.570476 -1.350793 1.476442 2.901659 0 
533 186.977899 216.062686 222.184930 228.475473 118.964476 462.307534 255.008451 255.008451 -0.000000 4.981873 5.128093 0 
536 447.624584 320.083803 492.951210 266.918054 521.479553 339.107778 76.861380 76.861380 -0.000000 3.393698 4.336040 0 
557 618.250118 417.306542 571.951906 432.747797 567.051134 334.787664 97.596745 97.596745 -0.000000 1.015474 1.520810 0 
573 238.948624 369.809587 221.953605 368.731101 239.825807 220.076498 149.603549 149.603549 0.000000 1.576655 1.690448 0 
577 85.103405 324.924616 81.046282 272.836968 165.705031 292.953948 87.368949 87.368949 -0.000000 2.763977 3.374890 0 
585 81.050089 427.198063 111.292790 438.397683 83.826529 460.976756 35.262829 35.262829 -0.000000 4.630378 5.595134 0 
610 521.997438 252.071738 561.019092 253.465479 533.635203 460.693653 208.395713 208.395713 -0.000000 4.656663 4.843771 0 
649 608.153579 277.821098 635.065477 300.923726 552.859661 370.558116 106.950147 106.950147 -0.000000 5.250042 5.580393 0 
662 261.707939 374.681267 84.144282 325.386350 176.117103 325.310880 98.192266 70.115765 0.425097 0.523200 3.140772 0 
675 1.279853 164.770812 21.937632 162.517249 13.988710 182.872420 21.551996 21.551996 0.000000 4.100265 5.084689 0 
737 519.864876 107.967171 531.256887 103.163469 526.588439 105.346386 6.314956 6.314956 -0.000000 2.769918 5.845801 0 
754 106.900730 241.831984 166.981542 225.440620 158.660035 314.373730 88.919949 88.919949 0.000000 4.092653 4.805688 0 
