16 385.859839 175.434440 408.123489 182.617237 380.333754 227.459359 51.411680 51.411680 -0.000000 4.818212 5.267185 0 
24 516.571845 249.380849 505.524774 274.208196 509.801917 272.697406 24.583076 12.425473 -1.357367 4.994968 1.608880 0 
45 403.752671 346.875470 374.930459 335.114226 413.323098 280.119102 67.013120 67.013120 -0.000000 1.713190 2.180253 0 
48 492.163600 284.164080 491.709942 254.956656 530.673436 269.256346 41.275140 41.275140 0.000000 2.772243 3.493333 0 
49 204.822951 83.931987 217.578931 83.668700 211.697622 83.527989 6.435856 5.880765 0.144546 3.082894 6.111002 0 
53 477.645117 225.007700 520.552701 272.173542 447.605127 294.942506 75.298021 75.298021 0.000000 5.118101 5.980640 0 
71 403.032056 349.843746 375.859577 340.332757 417.562999 269.399680 81.880125 81.880125 0.000000 1.749503 2.102291 0 
101 514.331809 330.842468 492.745333 361.751851 448.020868 301.621698 74.181088 74.181088 -0.000000 0.415062 0.931279 0 
136 65.933416 261.224443 55.346744 262.693305 63.061017 267.632162 10.883972 7.639681 0.967663 5.133805 3.711064 0 
140 340.357094 208.629185 328.438156 194.358112 387.010210 154.853498 70.771607 70.771607 -0.000000 2.285391 2.548213 0 
163 337.249943 187.262130 354.375788 179.870695 372.955250 245.429339 67.619212 67.619212 -0.000000 4.161856 4.436228 0 
173 324.450987 311.366835 320.813643 303.601063 319.324631 310.158991 6.695405 5.302573 -0.859692 0.231394 4.935659 0 
177 212.840329 171.697659 257.953745 201.470251 -33.668346 600.278732 494.142566 494.142566 0.000000 5.234354 5.343771 0 
187 94.450402 388.910192 111.355055 393.421480 93.059799 409.566483 23.539411 23.539411 -0.000000 4.779609 5.560141 0 
206 307.941629 268.043857 294.820224 245.102393 619.677993 -74.354791 456.257232 456.257232 0.000000 2.309354 2.364576 0 
214 223.602616 277.815275 197.854468 309.151053 158.810696 252.886992 69.252034 69.252034 0.000000 0.367286 0.964150 0 
215 50.637769 261.800643 77.226815 254.032547 96.829118 313.082899 72.293120 30.037422 0.969446 3.979172 4.391876 0 
240 479.206277 223.694829 497.128838 235.809394 441.429258 295.281315 80.708098 80.708098 0.000000 5.197959 5.465045 0 
291 191.611471 12.989113 190.601129 49.044866 -313.048449 12.115609 504.560238 504.560238 0.000000 0.001731 0.073192 0 
292 436.997148 208.089579 470.232649 214.163303 425.163498 343.020726 136.380965 136.380965 0.000000 4.799867 5.048850 0 
301 197.503605 334.634019 193.916564 319.997064 210.808527 296.226831 40.359489 10.320293 -1.215317 1.904276 2.188624 0 
325 638.003380 427.907802 622.698632 422.343742 634.747821 411.582536 16.475385 16.475385 0.000000 1.373960 2.412599 0 
332 162.624823 44.953879 154.677163 43.976411 158.550474 47.757264 5.996031 3.762329 1.547275 5.680520 3.914912 0 
354 492.962229 274.769920 493.216937 258.063572 512.792585 266.307654 21.248271 21.248271 -0.000000 2.738255 3.540189 0 
368 174.197292 161.065220 170.176299 136.101580 184.919445 146.215148 18.077713 18.077713 -0.000000 2.196153 3.742850 0 
369 578.214305 311.555072 556.665766 308.324434 569.257041 294.697692 19.221174 19.221174 -0.000000 1.082380 2.316720 0 
406 497.094904 235.905478 517.870043 262.086962 442.405237 301.322618 84.849686 84.849686 0.000000 5.408707 5.803729 0 
428 85.093388 336.930018 95.879569 356.032184 71.053306 360.455303 25.430085 25.430085 0.000000 5.250458 6.106872 0 
465 457.028250 29.991632 457.209796 73.995009 229.144148 47.955348 228.205556 228.205556 -0.000000 6.204520 0.113684 0 
467 301.987874 146.850537 279.135671 144.205196 315.432961 -64.793441 212.370073 212.370073 0.000000 1.634238 1.742754 0 
483 304.226281 131.972836 325.298593 134.325018 306.156314 213.480762 81.266294 81.266294 0.000000 4.688714 4.949664 0 
484 390.244348 242.622087 412.466746 269.615754 42.676174 557.694626 468.694935 468.694935 0.000000 5.546787 5.621361 0 
551 202.042958 16.810765 236.050062 16.591756 221.176440 164.061322 148.132388 148.132388 0.000000 4.583175 4.812908 0 
581 86.024409 290.963790 97.171587 299.787161 78.724910 312.243198 22.100073 22.100073 -0.000000 5.042842 5.689267 0 
594 478.921645 305.952522 466.834818 325.899911 416.876382 282.338616 65.689023 65.689023 0.000000 0.363664 0.717100 0 
604 471.767409 234.395118 509.194757 276.427299 445.915887 295.072702 65.383361 65.383361 0.000000 5.115146 5.996640 0 
608 452.996767 29.497579 413.991915 29.244118 436.478870 -212.381254 242.072615 242.072615 0.000000 1.502612 1.663594 0 
612 235.174678 123.242967 255.989437 128.045777 197.026194 349.330515 229.093217 229.093217 -0.000000 4.879548 4.972797 0 
677 381.169456 350.868001 371.090767 337.929296 424.028027 305.830752 61.592173 61.592173 -0.000000 2.331413 2.596517 0 
689 344.090557 134.084521 368.037035 135.216628 352.983748 183.337763 49.417669 49.417669 0.000000 4.533753 5.015566 0 
699 620.218952 462.073374 602.390038 446.664417 662.283646 398.298633 77.110802 77.110802 0.000000 2.153878 2.462278 0 
723 349.435809 273.221662 377.375773 234.428049 427.650008 302.263920 83.289364 83.289364 0.000000 3.497130 4.074598 0 
753 275.677722 259.318571 306.508877 290.508478 92.324783 470.654856 279.289841 279.289841 -0.000000 5.427006 5.583891 0 
763 440.118665 225.481326 467.297544 231.699467 434.067563 310.587764 84.695037 84.695037 -0.000000 4.783370 5.111061 0 
774 83.077175 160.307097 73.405363 156.674020 82.484579 145.808775 14.773607 14.773607 0.000000 1.529946 2.266883 0 
795 83.743037 341.253599 93.552662 357.127577 74.578349 358.578376 19.127087 19.127087 -0.000000 5.198961 6.206873 0 
801 83.141032 341.698832 45.446257 324.047035 302.166303 -189.784238 574.373606 574.373606 0.000000 1.961692 2.034139 0 
810 556.487479 112.023854 562.546504 83.693018 599.182373 104.223177 42.622251 42.622251 0.000000 2.960878 3.652373 0 
836 369.125934 90.987557 387.013408 82.061601 385.008323 100.291823 17.664066 17.664066 0.000000 3.671523 4.821936 0 
845 221.564318 145.297623 230.459896 158.319595 192.556881 173.818297 40.970740 40.970740 -0.000000 5.506248 5.895027 0 
846 81.588404 301.067207 178.223951 223.375417 151.305221 285.358673 71.152878 66.802252 -0.058408 2.919974 5.122102 0 
862 404.922905 231.689849 427.989119 225.956225 437.016185 305.641247 79.781469 79.781469 0.000000 4.302939 4.599586 0 
884 211.071705 241.945938 224.916618 260.308909 160.295151 295.473356 73.099447 73.099447 -0.000000 5.471420 5.784836 0 
932 484.312217 355.113542 447.258083 370.224332 442.400475 303.048090 67.173470 67.173470 0.000000 0.893025 1.498611 0 
968 60.970828 283.051371 48.444356 263.005334 66.924698 264.577777 19.136415 19.136415 0.000000 1.882576 3.226476 0 
1028 259.890382 190.405906 280.001666 190.954019 267.957540 395.770816 205.104314 205.104314 0.000000 4.673127 4.771126 0 
1032 124.987883 65.781190 187.967722 64.916788 157.488879 253.260310 189.822151 189.822151 -0.000000 4.540737 4.872824 0 
1042 194.520984 22.987911 195.148253 50.019765 -349.470894 49.499466 544.587653 544.587653 -0.000000 6.234489 0.000955 0 
1046 225.858929 327.904569 203.173081 353.196911 172.578921 302.190635 58.909987 58.909987 0.000000 0.449646 1.030515 0 
1062 86.502623 198.471068 168.063294 169.748317 147.528373 239.771435 73.119492 73.119492 0.000000 3.736557 4.997650 0 
1073 489.488142 249.600433 505.524774 274.208196 433.260801 305.243130 78.865266 78.865266 -0.000000 5.503013 5.877538 0 
1135 431.045683 215.099416 473.308409 223.227377 439.597644 293.139894 77.797832 77.797832 0.000000 4.603241 5.161683 0 
1235 71.978325 29.106373 98.034606 28.115397 88.115388 83.070736 55.481145 55.481145 0.000000 4.421821 4.890962 0 
1252 442.044028 210.782101 467.994826 216.025606 418.593115 383.049411 173.647574 173.647574 0.000000 4.847688 4.999966 0 
1299 207.889384 89.027478 217.578931 83.668700 217.150236 100.315991 21.537055 8.275612 1.218151 4.025345 4.738135 0 
