36 275.654228 104.825011 265.014369 123.897444 109.482565 23.087201 185.148207 185.148207 0.000000 0.457137 0.575084 0 
39 201.004621 57.936776 177.908736 56.248546 215.863811 -244.079608 302.157457 302.157457 -0.000000 1.619957 1.696509 0 
84 69.146167 159.570548 77.713560 142.359625 222.068308 221.653786 164.550719 164.550719 -0.000000 3.527243 3.643899 0 
93 249.890019 21.271067 261.972611 22.316535 241.935834 172.137729 151.488965 151.488965 0.000000 4.765063 4.845338 0 
111 51.430423 80.492411 52.727168 64.330715 61.449325 73.390413 12.572465 12.572465 -0.000000 2.524945 3.945971 0 
114 31.993875 66.557915 49.073067 65.846503 46.384457 283.827680 217.959699 217.959699 -0.000000 4.646252 4.724722 0 
125 260.085466 13.352442 253.237024 4.305993 258.174105 6.749232 7.819259 5.047763 -0.672846 1.289038 3.601132 0 
144 89.590340 189.809625 27.798489 196.860064 60.345292 192.392160 29.453637 10.762367 -0.018046 6.195107 3.005169 0 
150 109.965195 4.121773 120.662909 7.179385 108.411881 25.648590 21.526889 21.526889 0.000000 4.784421 5.298072 0 
156 306.984329 26.822674 318.022305 26.675751 317.413128 110.687791 84.166171 84.166171 0.000000 4.588672 4.719640 0 
160 24.981611 22.842750 52.001513 21.029267 64.550893 255.958914 235.555292 235.555292 -0.000000 4.544251 4.659022 0 
182 230.231057 48.088538 236.205570 39.543724 235.218835 44.142278 6.190581 6.190581 -0.000000 2.472249 4.923759 0 
198 127.121601 123.541917 116.101765 120.616642 128.917140 92.574360 30.807892 30.807892 -0.000000 1.628713 1.999458 0 
234 84.344468 39.935372 70.710222 49.569135 73.592378 40.374021 10.663861 10.663861 0.000000 6.242411 1.874541 0 
235 92.887154 99.792382 112.768748 102.623802 98.361230 132.918802 33.145605 33.145605 0.000000 4.548621 5.156306 0 
244 100.042711 135.837100 36.024067 135.735740 65.460975 -100.558115 238.131156 238.131156 -0.000000 1.425539 1.694735 0 
322 84.001916 166.968566 107.038242 168.372510 88.027957 273.632533 106.547968 106.547968 -0.000000 4.674662 4.891066 0 
