18 403.021873 324.818422 368.623661 318.481078 408.660993 178.588349 145.716824 145.716824 -0.000000 1.609341 1.849545 0 
25 510.017035 92.955280 430.460421 30.435336 536.654634 -16.462606 112.883914 112.883914 -0.000000 1.809599 2.725726 0 
29 393.642720 35.868554 401.472454 54.838159 392.504352 47.090481 10.700404 10.700404 -0.000000 4.813485 0.712517 0 
41 501.226551 378.506019 477.980489 381.562677 482.347373 313.315526 67.932948 67.932948 -0.000000 1.288908 1.634696 0 
92 40.222101 387.795314 40.987109 388.226875 44.943449 383.298637 7.547813 5.730548 0.091065 2.380563 5.795093 0 
93 493.020927 383.008555 454.801618 379.573247 481.022147 285.410766 98.110541 98.110541 -0.000000 1.448469 1.842377 0 
96 330.977100 93.974405 403.195595 74.408879 383.698084 139.917974 69.440677 69.440677 0.000000 3.858407 5.001671 0 
117 394.351944 281.737581 404.317008 257.128367 490.156235 308.718003 99.285852 99.285852 -0.000000 3.416103 3.682749 0 
118 51.529538 382.911366 40.987109 388.226875 44.042785 379.993184 8.424055 8.424055 0.000000 0.371665 1.926160 0 
135 469.004641 215.090961 554.648854 252.439415 482.600934 301.758754 87.112789 87.112789 -0.000000 4.556779 5.682914 0 
176 198.018535 365.038309 170.000925 369.975449 173.034056 305.928017 64.392914 64.392914 -0.000000 1.170896 1.618119 0 
204 100.324420 242.361096 187.964596 208.706240 170.506125 298.659639 89.899995 89.899995 -0.000000 3.817663 4.904089 0 
205 442.147380 374.719219 413.381989 350.658984 472.189700 308.131340 72.667462 72.667462 -0.000000 1.994621 2.515489 0 
227 618.526881 155.587672 591.628584 179.845239 547.742147 104.248137 87.143176 87.143176 0.000000 0.627499 1.044816 0 
275 232.019191 162.266533 255.967039 160.542229 259.281099 325.000438 164.360520 164.360520 0.000000 4.546406 4.692240 0 
283 421.795391 164.243620 425.506987 182.867688 415.780471 174.459499 12.003924 12.003924 -0.000000 5.244519 0.712829 0 
309 487.861398 35.252112 505.069240 55.071658 445.258511 90.541224 68.866318 68.866318 -0.000000 5.368911 5.747906 0 
319 179.055441 375.017542 118.063129 359.177248 168.510961 294.995679 81.270402 81.270402 -0.000000 1.439781 2.236953 0 
342 220.275639 360.482885 179.544529 375.717300 165.173647 274.814781 101.597097 101.597097 -0.000000 0.999214 1.429324 0 
357 558.661839 258.729072 527.932181 373.909345 482.016013 300.185201 86.916446 86.916446 0.000000 5.787372 1.013773 0 
386 317.140500 163.569583 291.902122 159.421222 328.195846 49.999493 114.972639 114.972639 0.000000 1.667834 1.891064 0 
387 570.005083 185.617020 601.000989 185.730947 582.138774 286.992970 101.712562 101.712562 -0.000000 4.593266 4.896550 0 
402 624.314743 73.893252 604.935216 162.865994 549.109745 104.247317 81.624279 81.624279 -0.000000 5.899564 0.809800 0 
404 371.929516 211.295342 340.105488 200.788849 375.575730 145.463836 65.364940 65.364940 -0.000000 1.626127 2.140907 0 
414 236.890959 441.883818 253.022809 437.932933 248.246455 454.200327 17.118386 17.118386 0.000000 3.967566 4.997978 0 
426 256.153387 145.158544 271.029612 137.498316 269.651389 152.656998 15.238137 15.238137 0.000000 3.648666 4.803059 0 
446 527.294703 101.123995 532.849332 86.948234 564.315762 108.468619 37.521064 37.521064 0.000000 3.337440 3.741442 0 
462 405.473570 321.071670 422.170023 323.999373 413.722385 321.761824 8.586482 8.388755 0.896224 3.225065 0.258927 0 
464 501.133539 386.148990 460.811091 386.629583 479.858489 246.750227 141.196236 141.196236 -0.000000 1.419345 1.706134 0 
478 421.677388 161.743879 429.047950 182.018674 418.441910 174.284357 13.107070 13.107070 -0.000000 4.964885 0.630080 0 
492 17.952556 284.271775 29.547505 288.753805 19.071253 300.704603 16.155704 16.155704 0.000000 4.644417 5.432133 0 
505 102.610533 243.570674 148.846790 214.598705 171.483143 300.524062 88.653669 88.653669 -0.000000 3.832545 4.454800 0 
507 226.414596 229.578903 235.409117 346.596790 172.141608 292.334744 83.162047 83.162047 -0.000000 5.425429 0.708925 0 
539 175.306949 111.010024 187.896438 91.860890 195.473587 111.332076 20.423966 20.423966 0.000000 3.157561 4.341274 0 
542 521.243246 227.633811 565.562008 296.914087 487.683549 297.891514 77.280394 77.280394 -0.000000 5.158010 6.270635 0 
544 295.461008 277.949638 277.257492 282.533299 285.154423 272.025139 12.783694 12.783694 0.000000 0.521704 2.215260 0 
554 357.002000 286.009608 341.992877 283.015357 353.763316 271.497987 16.193615 16.193615 0.000000 1.351216 2.367061 0 
569 193.101044 120.023782 204.913178 105.725847 208.144313 119.573429 14.754868 14.754868 0.000000 3.111664 4.483155 0 
587 605.070754 163.067880 585.211736 176.522691 535.825276 80.551878 108.107525 108.107525 -0.000000 0.872620 1.095538 0 
607 419.335097 80.668248 444.047355 115.978567 388.037062 128.912763 56.742685 56.742685 0.000000 5.287876 6.056238 0 
647 571.052366 148.561385 543.001362 150.044877 552.781077 59.295928 90.693858 90.693858 -0.000000 1.368900 1.678149 0 
654 115.769177 361.220472 87.721898 324.136388 154.015965 301.116254 69.970892 69.970892 -0.000000 2.137510 2.807376 0 
680 418.465362 82.522522 441.732639 114.621510 390.381655 127.220574 52.012258 52.012258 0.000000 5.273357 6.042586 0 
761 564.985013 180.139268 547.008689 175.984289 565.721295 132.215974 47.838118 47.838118 -0.000000 1.586159 1.974814 0 
770 628.844365 93.023635 624.530487 130.148251 533.969229 101.739260 94.894218 94.894218 0.000000 6.191578 0.303977 0 
850 463.949221 21.114280 462.767135 -0.098474 666.738992 2.882491 203.608617 203.608617 0.000000 3.051929 3.156206 0 
871 74.986099 243.561641 100.959977 242.737947 94.799526 325.970849 83.159078 83.159078 0.000000 4.476440 4.786269 0 
895 444.229799 137.017780 438.990317 160.540064 385.854417 137.309532 58.353338 58.353338 0.000000 6.278187 0.412151 0 
908 84.383921 291.879842 98.902369 248.950547 174.873720 299.019631 90.539981 90.539981 0.000000 3.220331 3.724305 0 
916 253.890164 471.575860 237.715647 468.490846 254.165649 424.355088 46.835620 46.835620 -0.000000 1.576630 1.927561 0 
1025 565.040753 183.759180 548.077608 179.757892 571.575387 118.327574 65.716121 65.716121 0.000000 1.670336 1.936136 0 
1031 563.113754 193.174793 576.832189 192.285821 570.608941 201.368203 11.332959 11.332959 0.000000 3.971467 5.313113 0 
