4 136.974653 47.230545 116.635316 27.074108 126.855794 35.409824 13.209352 10.325786 0.692669 0.862814 3.471595 0 
15 138.911283 37.894945 116.635316 27.074108 130.089520 29.165300 13.821923 13.821923 -0.000000 0.780150 3.295789 0 
31 284.951181 251.096081 256.611281 230.325055 329.608208 168.325075 94.633637 94.633637 0.000000 2.065562 2.437476 0 
34 182.324037 368.296042 35.529907 402.366839 82.886776 271.462815 139.470840 139.470840 0.000000 0.772131 1.917916 0 
66 444.686591 261.861646 369.964645 315.252791 378.753940 270.317583 68.152688 44.210853 0.093738 6.155630 1.763957 0 
68 87.243153 388.380686 66.100966 384.573641 76.753294 381.878630 11.115266 11.115266 -0.000000 0.554882 2.893795 0 
72 155.116916 11.529051 166.962624 36.840793 161.362552 24.265011 14.573067 14.573067 -0.000000 4.256456 1.151853 0 
74 413.162080 141.338133 431.348159 160.907068 409.595312 161.299322 21.020116 21.020116 0.000000 4.889208 6.265155 0 
85 593.982858 132.100754 595.825144 148.341588 593.557680 141.162659 8.686219 8.686219 -0.000000 4.759274 1.264863 0 
87 473.858287 184.672434 588.339247 177.480923 539.842102 323.924486 153.982231 153.982231 -0.000000 4.269884 5.032188 0 
96 628.230235 257.970521 629.132018 305.013125 479.366223 282.967498 151.361518 151.361518 0.000000 6.116819 0.146151 0 
98 185.291647 53.390099 175.527221 65.359506 185.581379 62.698114 8.856134 8.856134 -0.000000 4.681272 2.882822 0 
101 412.300534 306.076832 458.845803 226.800820 539.122680 329.177865 129.111295 129.111295 0.000000 3.321770 4.047400 0 
102 372.904431 328.914889 389.275870 324.574797 383.555571 358.449096 34.463866 34.463866 -0.000000 4.366269 4.879679 0 
108 369.020226 333.020862 353.730481 326.088534 361.893041 331.146541 6.611315 6.611315 -0.000000 0.257159 3.696342 0 
137 409.234934 308.710431 369.966490 310.664134 384.728540 212.830673 98.705442 98.705442 -0.000000 1.320559 1.720556 0 
145 588.243320 128.132116 577.819380 116.858386 584.056332 121.621039 10.061065 7.078432 -1.372528 0.999318 3.793753 0 
156 355.885373 364.979218 345.435082 370.713271 350.356332 367.862733 5.797729 5.797729 -0.000000 5.802469 2.616585 0 
190 433.007738 263.554783 435.495483 293.319433 421.801625 275.396966 21.387157 21.387157 0.000000 5.470197 0.918357 0 
196 435.591204 293.527497 409.457109 308.228951 401.360947 260.314785 47.979368 47.979368 -0.000000 0.770312 1.403405 0 
234 290.145718 126.070573 273.097590 121.413758 285.484577 95.595854 31.517226 31.517226 -0.000000 1.419021 2.018140 0 
274 488.909764 99.947775 479.868176 100.044157 484.159513 96.800158 4.602483 4.602483 0.000000 0.585197 2.494300 0 
276 227.904700 47.910079 207.914470 45.816782 225.549930 -25.938650 73.420571 73.420571 -0.000000 1.538921 1.811792 0 
283 284.201166 200.890490 281.857306 180.746895 301.274244 188.749859 21.150009 21.150009 -0.000000 2.523457 3.532541 0 
289 456.898893 74.309092 484.073507 98.056751 459.509290 93.509173 34.126354 16.788436 -0.353584 4.577260 0.183058 0 
315 111.486397 77.844906 122.504899 58.576063 159.893100 92.125430 50.758277 50.758277 0.000000 3.428466 3.872928 0 
318 294.961340 294.672343 267.113052 297.958154 265.889426 184.469416 113.138163 113.138163 -0.000000 1.312869 1.560015 0 
334 168.025283 222.972444 203.725983 283.299310 119.154479 294.471204 85.455135 85.455135 -0.000000 5.311968 6.151846 0 
355 19.542807 132.477582 18.372791 134.972940 27.927826 136.985938 9.806017 9.428307 0.685722 3.634919 3.349230 0 
371 177.077446 185.875316 208.162162 208.945955 119.237643 306.102206 132.850491 132.850491 -0.000000 5.160793 5.453579 0 
398 32.898116 321.469924 61.977077 315.880740 72.171383 414.799947 100.010463 100.010463 -0.000000 4.314081 4.609695 0 
516 531.988510 180.195964 572.964905 182.598544 537.054714 462.638034 281.821378 281.821378 0.000000 4.694454 4.839926 0 
517 487.630608 209.951539 533.047668 201.752612 527.970482 294.532267 93.151132 93.151132 -0.000000 4.267360 4.767058 0 
586 419.472386 168.110024 424.827117 153.922072 703.146591 275.581026 304.005936 304.005936 0.000000 3.503738 3.553684 0 
611 475.801403 231.567750 469.285626 217.812062 538.216820 192.835447 73.437103 73.437103 0.000000 2.586195 2.793966 0 
667 321.908199 329.551414 319.508514 298.189541 350.037650 311.989252 33.614583 33.614583 0.000000 2.583473 3.566123 0 
712 538.031180 200.792775 565.077803 206.741655 514.512893 356.127549 157.379262 157.379262 -0.000000 4.862652 5.038769 0 
724 582.002071 69.945474 560.000192 69.902265 571.528550 -180.124763 250.298719 250.298719 -0.000000 1.528938 1.616872 0 
733 636.001007 70.749491 581.989822 70.532405 610.631108 -436.551548 507.419817 507.419817 0.000000 1.520828 1.627219 0 
735 407.000000 329.000000 388.981891 329.727799 370.654601 -28.451363 358.846809 358.846809 -0.000000 1.469465 1.519673 0 
738 491.575236 401.970948 454.050044 390.887909 496.152168 316.244515 85.353242 85.353242 0.000000 1.624136 2.084358 0 
741 574.886435 212.135944 600.685845 236.200177 547.896474 266.438654 60.143382 60.143382 -0.000000 5.173656 5.762996 0 
751 96.944881 172.799388 126.859861 176.343235 103.909815 324.377262 151.345041 151.345041 0.000000 4.666472 4.866197 0 
753 440.726033 383.228223 425.729234 365.225557 477.290750 337.981669 57.502501 57.502501 0.000000 2.250470 2.655502 0 
