3 260.436425 319.999838 260.450569 357.999832 -54.125891 337.645484 314.786056 314.786056 0.000000 6.227148 0.064614 0 
14 103.928773 348.952222 123.561684 261.795805 262.049945 339.199761 158.543453 158.543453 0.000000 3.079994 3.651259 0 
15 258.956729 325.000430 237.980022 418.989100 75.928702 334.889053 183.517636 183.517636 0.000000 6.229210 0.478710 0 
18 109.048622 378.960022 103.786828 348.995835 282.388862 331.975331 179.702649 179.702649 -0.000000 2.876898 3.046581 0 
20 180.168360 283.996043 182.227451 257.847815 274.704952 275.775284 94.811511 94.811511 0.000000 3.054852 3.333075 0 
59 261.091248 262.958223 268.256618 318.006767 33.539984 321.638884 235.076040 235.076040 0.000000 6.030805 6.267712 0 
61 255.423229 311.065511 258.139955 334.984104 2.066703 345.442144 255.943238 255.943238 -0.000000 6.148324 6.242368 0 
76 288.906798 151.857731 352.037575 159.721582 269.024934 591.008188 439.311186 439.311186 0.000000 4.757632 4.902540 0 
86 535.011826 309.887119 510.961498 307.367508 550.536917 69.408429 240.900496 240.900496 -0.000000 1.635266 1.735600 0 
91 119.392197 400.867902 111.556976 299.347112 301.763564 335.355307 194.297952 194.297952 -0.000000 2.796722 3.328689 0 
92 153.839077 443.239892 119.736318 401.523651 192.987987 381.801483 73.432872 73.432872 0.000000 2.138125 2.878591 0 
96 409.938405 359.663060 376.951157 364.414246 368.648512 199.038409 165.609703 165.609703 -0.000000 1.319186 1.520634 0 
99 372.067911 199.491904 385.326914 219.102520 373.690657 212.244920 13.314408 13.314408 0.000000 4.585825 0.532537 0 
123 374.462532 197.986841 385.326914 219.102520 379.214974 210.364916 13.067357 9.004606 1.418193 4.345803 1.823445 0 
169 532.591157 108.707333 516.648315 114.486538 523.101565 109.375785 8.968834 8.968834 -0.000000 6.212861 2.471770 0 
194 597.162621 438.360399 569.875457 439.221812 579.877158 304.438437 135.650784 135.650784 -0.000000 1.442435 1.644866 0 
196 569.230746 438.888360 527.028356 425.943004 584.321994 328.156701 113.099395 113.099395 0.000000 1.706248 2.100789 0 
199 186.920162 358.488886 194.125345 378.991032 165.391446 378.628350 28.939988 28.939988 -0.000000 5.531116 0.012621 0 
272 446.961986 82.955024 476.345199 69.276345 480.556005 121.197505 51.296709 51.296709 0.000000 3.991610 4.631466 0 
276 607.196949 424.059517 527.862880 411.151592 581.621153 319.525373 107.476510 107.476510 -0.000000 1.330846 2.101389 0 
285 153.979020 226.950443 184.045232 219.350980 189.105619 301.366681 82.220133 82.220133 -0.000000 4.271368 4.650767 0 
291 526.016660 415.932793 502.384983 393.498543 567.567001 352.542876 76.370432 76.370432 -0.000000 2.151009 2.580604 0 
303 359.654529 377.373587 366.000369 363.984907 361.135354 371.449210 6.767854 4.682396 1.407429 1.815732 4.498154 0 
307 429.825238 377.717040 448.027812 374.378187 443.749552 406.772361 32.946200 32.946200 -0.000000 4.265491 4.843698 0 
313 171.041322 119.051005 200.031349 103.136810 200.092929 137.352899 33.496722 33.496722 0.000000 3.703764 4.710589 0 
323 394.714913 307.251370 406.954463 321.082852 328.902811 373.824354 93.636695 93.636695 -0.000000 5.492040 5.688937 0 
334 239.763937 219.265218 257.796819 257.077721 134.059976 288.810529 127.314919 127.314919 0.000000 5.701259 6.032142 0 
346 410.401649 153.817102 433.046719 164.992851 419.155046 162.575218 14.112812 10.569125 0.344028 3.927260 0.172309 0 
412 638.864295 406.522037 598.902346 421.459879 580.872932 318.891578 105.101484 105.101484 -0.000000 0.986190 1.396794 0 
466 362.132411 220.954104 361.646372 201.849088 377.392749 210.970319 18.343936 18.343936 0.000000 2.562249 3.666622 0 
477 236.647546 182.869430 242.257933 167.725093 390.578750 231.305782 161.315789 161.315789 0.000000 3.446446 3.546568 0 
548 568.214558 216.833289 638.273132 215.708448 604.563600 327.508545 116.740740 116.740740 -0.000000 4.395058 5.005236 0 
559 29.808645 85.928500 40.200746 81.613951 61.945106 167.697011 92.922886 17.657727 1.263237 4.337916 4.464967 0 
587 620.876364 170.159036 596.917834 135.721206 641.196861 130.542340 44.014489 44.014489 0.000000 2.044732 3.025162 0 
650 394.998492 66.991902 397.935195 86.966950 395.891767 76.992458 10.251681 5.966809 -1.546049 4.623303 1.368727 0 
652 575.693720 154.122864 559.931603 175.121858 564.912691 160.940793 17.231394 12.737944 1.267556 5.719282 1.908584 0 
704 134.987894 1.821248 169.962918 -0.547518 185.118596 466.153384 466.762040 466.762040 0.000000 4.604843 4.679926 0 
733 50.969916 142.971155 40.200746 81.613951 39.859564 105.323729 43.725923 16.772050 1.487097 1.283826 1.829634 0 
736 360.405397 374.742947 366.000369 363.984907 363.998389 369.948250 6.266289 4.572839 -1.208758 2.213893 5.036281 0 
757 415.011524 191.975989 400.269154 169.903497 418.651782 175.114961 17.030942 17.030942 0.000000 1.783430 3.417843 0 
782 616.924710 177.124803 597.308157 160.580661 630.077874 141.941796 37.255654 37.255654 -0.000000 1.928558 2.624443 0 
802 225.869328 318.665450 248.000253 317.005744 238.507159 356.620020 40.004801 40.004801 -0.000000 4.390963 4.947592 0 
