12 225.509824 248.147961 228.258512 281.968042 137.628600 274.629129 91.641163 91.641163 0.000000 5.990510 0.080800 0 
18 214.475947 288.652404 195.532073 337.703950 102.636464 271.890270 113.268241 113.268241 0.000000 0.148769 0.616387 0 
33 195.247219 338.187059 7.773190 362.510391 104.639056 325.802697 103.554694 69.804218 -0.400017 0.135839 2.779360 0 
34 215.329124 302.115865 195.143138 343.112742 107.094381 271.872847 112.769197 112.769197 -0.000000 0.272471 0.680263 0 
37 448.365103 398.545284 381.351167 327.877757 465.187030 315.488444 83.460528 83.460528 -0.000000 1.770628 2.994874 0 
45 172.511553 223.180513 202.852947 246.128292 155.010454 277.655614 56.946708 56.946708 0.000000 5.023242 5.700522 0 
52 321.923620 258.147200 324.000000 258.000000 323.876546 250.421283 7.891122 7.818263 0.372594 1.818386 1.554508 0 
57 394.902681 367.655808 378.985859 328.002267 467.340195 313.131747 89.950869 89.950869 0.000000 2.496363 2.974850 0 
61 38.177925 256.240042 156.926560 214.764388 143.192622 362.352343 148.937071 148.937071 0.000000 3.932190 4.805178 0 
62 5.349551 357.129969 5.105415 312.851616 91.226069 335.367825 88.937345 88.937345 -0.000000 2.893405 3.397318 0 
78 383.317029 188.480918 351.885561 193.504782 363.021455 158.926216 36.398181 36.398181 0.000000 0.969044 1.882354 0 
81 336.719548 335.492967 328.850167 331.096184 332.354738 334.825670 4.238702 4.238702 -0.000000 0.151706 3.958072 0 
98 140.635077 163.508200 140.325965 96.842375 216.803142 136.160389 83.399731 83.399731 0.000000 2.796882 3.616468 0 
107 12.120868 316.226138 21.596449 286.769682 86.350777 334.587806 79.748411 79.748411 -0.000000 3.384087 3.777664 0 
121 179.186487 363.236595 38.657256 399.182439 74.226412 259.969343 145.919813 145.919813 -0.000000 0.777269 1.820946 0 
131 129.219457 148.724785 132.648756 98.842350 186.572925 128.767271 61.952449 61.952449 -0.000000 2.806724 3.648224 0 
142 436.240874 398.515596 395.035691 367.931040 468.498428 311.516902 92.343520 92.343520 0.000000 1.925864 2.486716 0 
143 22.095996 375.146404 7.569754 345.859064 50.911455 341.554061 43.277340 43.277340 0.000000 2.279800 3.042590 0 
146 496.046442 208.000538 521.990424 209.206080 497.166690 417.511357 209.123126 209.123126 -0.000000 4.707042 4.831000 0 
149 591.712634 334.062774 454.890920 400.294060 481.119667 277.659706 124.303052 124.303052 -0.000000 0.471620 1.781499 0 
155 555.324097 381.518536 453.852959 404.364361 474.894251 259.244648 146.771121 146.771121 -0.000000 0.988968 1.714786 0 
163 595.627580 254.254387 555.255981 381.360703 498.621121 291.423453 105.583084 105.583084 0.000000 5.917279 1.008813 0 
177 279.927326 255.078286 292.162081 266.842443 72.046188 483.687286 309.067992 309.067992 -0.000000 5.450335 5.505273 0 
186 262.021250 179.961891 279.999767 186.833041 198.183789 321.841147 155.391367 155.391367 -0.000000 5.135195 5.257214 0 
202 31.052636 394.919010 1.720811 360.182907 59.455665 341.729744 60.083266 60.083266 -0.000000 2.061272 2.832235 0 
209 375.463585 86.322816 393.007678 74.428421 390.977062 88.364497 14.287376 14.287376 0.000000 3.272448 4.857080 0 
225 35.965570 269.814470 58.098552 248.083229 127.830055 345.643005 119.756884 119.756884 0.000000 3.831654 4.091828 0 
251 600.087820 290.002427 594.862758 325.190109 502.400658 290.709560 97.958973 97.958973 0.000000 6.275947 0.356942 0 
291 72.015636 408.131591 40.979571 404.103778 77.784835 263.336891 145.243601 145.243601 -0.000000 1.610619 1.826534 0 
294 596.293986 241.530207 607.197187 270.947339 561.378669 271.243150 44.791253 44.791253 0.000000 5.578111 6.276729 0 
296 496.352187 213.714708 519.990913 214.078223 505.913432 351.561455 138.242426 138.242426 0.000000 4.643138 4.814428 0 
299 471.762595 70.258326 483.012532 75.993065 474.949454 79.166404 9.036018 9.036018 0.000000 4.368827 5.908239 0 
308 183.214179 73.095953 201.154867 77.346308 184.879640 109.694097 35.700409 35.700409 -0.000000 4.666914 5.178540 0 
318 58.348644 247.819492 77.718193 236.792742 105.988158 315.288955 82.409538 82.409538 0.000000 4.097587 4.366706 0 
372 553.079084 386.139392 528.833642 398.476983 401.666140 111.604500 313.684902 313.684902 -0.000000 1.066783 1.153537 0 
383 127.471541 399.700656 74.001271 409.605975 10.870895 -24.612363 439.976727 439.976727 -0.000000 1.302617 1.426419 0 
402 181.987642 76.646326 200.325829 79.924922 186.450698 103.706655 27.395751 27.395751 0.000000 4.548931 5.240540 0 
404 539.845601 191.902393 552.609818 194.852327 547.347711 191.831655 9.822549 6.521475 -1.077578 3.132164 0.521114 0 
406 551.153152 376.255279 462.972903 397.401197 479.053589 271.806859 126.973864 126.973864 -0.000000 0.966618 1.698140 0 
412 382.317168 83.057109 429.843703 88.480894 391.396733 149.078729 69.454345 69.454345 0.000000 4.575722 5.277763 0 
446 142.301059 65.287728 138.172861 89.586363 124.623030 73.481722 20.642744 20.642744 0.000000 5.849151 0.871339 0 
449 248.074950 104.857109 249.950286 126.048181 151.761184 135.449936 107.886386 26.790793 -0.210422 5.975627 6.187725 0 
451 37.259063 402.391217 15.971361 391.053773 75.964422 307.004175 102.509577 102.509577 -0.000000 1.956268 2.190712 0 
470 143.100225 45.050715 152.308893 40.486105 149.792678 47.309408 8.002096 6.938670 1.477130 3.467087 5.065685 0 
487 594.469564 264.896381 598.924343 286.687422 507.367070 295.513962 92.306659 92.306659 -0.000000 5.945164 6.187078 0 
495 378.904014 324.720901 364.982410 325.765603 366.576145 272.207253 53.155320 53.155320 -0.000000 1.340216 1.600545 0 
532 84.116729 173.700813 83.191094 162.081591 81.600069 167.510438 8.943982 6.548343 -0.027228 1.184661 4.997475 0 
544 568.177121 231.776347 588.471566 254.347075 534.552960 283.481228 61.364372 61.364372 0.000000 5.288982 5.787792 0 
552 433.380339 81.447441 458.120485 87.508177 425.305684 159.826320 78.554408 78.554408 0.000000 4.815048 5.138362 0 
591 580.207168 181.956445 589.651275 181.229324 585.016538 180.084512 5.236863 5.236863 -0.000000 2.770408 0.242160 0 
643 320.999833 116.017535 292.010522 114.777387 331.881911 -370.015941 486.320651 486.320651 0.000000 1.593182 1.652856 0 
771 533.990605 9.355247 550.001777 9.121932 544.316632 117.604809 108.586187 108.586187 0.000000 4.617286 4.764747 0 
