21 594.190557 270.184132 592.769637 240.993054 761.884935 247.221135 169.474218 169.474218 0.000000 3.005505 3.178403 0 
30 413.482608 297.964943 417.796348 269.763878 713.783973 339.471191 304.018838 304.018838 -0.000000 3.278938 3.372886 0 
52 170.486494 187.425528 153.228550 177.966356 162.939541 173.942032 19.800727 10.759552 -1.495659 1.060523 2.748727 0 
59 351.752866 273.921543 381.000791 261.964629 382.364595 308.873184 46.578155 46.578155 0.000000 3.993089 4.683324 0 
81 298.518589 130.649659 315.552710 141.476296 293.235165 155.568789 25.402558 25.402558 -0.000000 4.921318 5.719959 0 
83 381.035857 318.045609 395.009611 321.992205 386.558202 324.145363 9.928309 7.587516 -1.320655 3.976632 6.033723 0 
84 538.129633 235.139839 534.613583 213.892264 892.478244 164.362865 361.117938 361.117938 0.000000 2.944449 3.004064 0 
121 522.198611 108.085709 510.355680 120.014165 497.368928 95.814966 26.476690 26.476690 0.000000 0.458994 1.078252 0 
137 522.648043 83.020169 449.003493 89.563272 464.835683 -117.398064 207.437413 207.437413 -0.000000 1.289961 1.647146 0 
180 510.004001 311.126982 462.987664 312.608532 463.456537 -209.384669 521.998967 521.998967 -0.000000 1.481607 1.571695 0 
181 463.037588 284.709781 448.166188 268.032037 462.015014 270.189500 14.434270 14.434270 0.000000 1.500489 3.296137 0 
225 390.236870 363.070454 395.643236 344.893886 437.387226 367.166295 46.785078 46.785078 0.000000 3.228243 3.631717 0 
230 603.075840 275.705687 619.987979 273.888144 629.245862 432.208190 158.691133 158.691133 0.000000 4.546704 4.653980 0 
240 438.480662 227.968527 425.493725 235.439861 431.667595 230.885516 7.696567 5.802359 -0.584228 5.878653 2.506023 0 
253 347.061910 315.183236 339.665329 294.045764 366.213571 298.927396 26.295905 26.295905 0.000000 2.437798 3.323439 0 
286 203.210940 203.037884 201.535504 228.121965 146.341729 211.562989 57.548223 57.548223 0.000000 6.134386 0.291471 0 
329 527.935185 96.971882 523.650576 106.848414 346.570932 33.339989 192.063519 192.063519 -0.000000 0.337433 0.393468 0 
335 574.112557 368.238582 520.969330 382.770070 506.500066 237.841505 146.498437 146.498437 0.000000 1.092449 1.471289 0 
356 536.824361 203.374137 589.076475 202.233936 567.618858 322.104296 121.795538 121.795538 -0.000000 4.458615 4.889520 0 
373 434.365750 268.821645 458.156048 254.619031 450.619990 267.495889 15.147263 15.147263 0.000000 3.060209 5.241885 0 
411 32.788336 393.419801 20.811261 358.918957 64.901096 365.395884 43.616252 43.616252 0.000000 2.424082 3.287452 0 
431 438.312941 288.127555 446.093791 269.038230 554.202091 326.743268 122.056201 122.056201 -0.000000 3.463234 3.631890 0 
442 396.014973 325.014597 384.851128 325.200207 388.705696 325.843929 5.164571 5.164571 -0.000000 6.170205 3.307068 0 
459 107.955280 399.786152 69.050050 398.782001 90.290611 323.410248 78.535685 78.535685 0.000000 1.343507 1.845483 0 
478 477.450768 371.151219 434.980812 321.007524 498.810631 309.476563 64.357024 64.357024 0.000000 1.904199 2.962869 0 
482 525.007251 377.310648 479.928507 372.394328 515.506876 262.242028 115.202857 115.202857 -0.000000 1.488420 1.883211 0 
488 357.079679 272.132699 387.000000 264.000000 379.796756 299.083669 35.213286 35.213286 0.000000 4.012029 4.914891 0 
531 518.778691 108.244581 483.946504 102.227160 533.086236 -70.106069 179.160780 179.160780 0.000000 1.650846 1.848568 0 
540 72.998153 401.986361 47.767349 383.895272 78.327618 366.452029 36.199117 36.199117 -0.000000 1.719667 2.622934 0 
545 578.425483 360.925128 561.986390 367.971053 547.224589 314.199687 55.763878 55.763878 -0.000000 0.982044 1.302868 0 
548 547.977396 365.896706 512.021673 370.375956 513.925333 247.940306 122.403805 122.403805 0.000000 1.289754 1.586343 0 
556 233.718989 247.864719 237.308447 266.941964 173.989566 268.138483 62.756275 62.756275 0.000000 5.955961 6.264291 0 
565 289.789598 278.774760 275.832322 281.346350 281.347804 270.926258 12.007737 12.007737 0.000000 0.748994 2.057618 0 
571 618.432128 223.522275 637.430499 256.092756 596.364856 259.278726 41.459478 41.459478 -0.000000 5.265327 6.205758 0 
