12 95.191211 48.082514 94.823955 49.015437 114.047392 55.089036 20.991023 18.387164 1.021321 3.497359 3.447615 0 
26 65.385439 140.946941 67.933778 170.001920 -9.365126 160.525354 76.910714 76.910714 0.000000 6.027023 0.121988 0 
37 169.512148 154.378987 184.999133 147.975592 180.977959 159.504542 11.704300 11.704300 -0.000000 3.561974 5.047985 0 
81 70.071954 200.557846 57.030948 202.239939 44.640534 59.957401 142.835134 142.835134 -0.000000 1.391854 1.483932 0 
97 12.953299 212.461590 29.998535 210.983111 35.014949 346.323312 135.327242 135.327242 -0.000000 4.549048 4.675341 0 
98 242.535517 214.830938 237.797120 233.884901 207.625124 218.022633 34.489792 34.489792 0.000000 6.192013 0.484018 0 
125 187.616996 11.879118 189.484081 33.017152 -27.588643 27.324103 217.221887 217.221887 -0.000000 6.211540 0.026220 0 
131 231.104079 180.699566 202.982650 184.883382 193.129675 7.661738 176.741241 176.741241 -0.000000 1.354764 1.515257 0 
171 133.724626 154.685009 146.878179 144.797511 152.871209 167.997482 23.287118 23.287118 0.000000 3.749152 4.459595 0 
179 31.000000 89.000000 60.057205 90.389752 38.386531 176.319742 87.746326 87.746326 0.000000 4.627998 4.959428 0 
202 183.112603 197.892285 171.361904 183.731752 204.421614 170.031581 34.973657 34.973657 0.000000 2.223728 2.748729 0 
206 52.780563 127.065612 61.861193 117.270974 76.950640 154.885543 44.042225 14.174173 1.060997 3.997079 4.330883 0 
215 152.598417 30.044815 160.224626 21.639608 159.857507 29.593679 7.607492 7.607492 -0.000000 3.079525 4.758511 0 
295 99.702400 127.103032 100.551239 106.301610 110.438240 117.193909 14.271502 14.271502 0.000000 2.396218 3.975333 0 
312 220.331557 198.931873 222.023377 231.998804 24.703502 228.888586 197.199099 197.199099 -0.000000 6.131235 0.015761 0 
334 220.573490 57.526384 208.553515 59.295480 213.856436 52.335624 9.099621 9.099621 0.000000 0.657918 2.221889 0 
346 86.385319 80.313379 96.994729 74.950674 94.377872 84.326215 9.454393 9.454393 0.000000 3.606896 4.984577 0 
370 177.400168 71.920460 168.276372 75.604690 172.511236 72.389827 5.648420 4.761175 -0.380557 6.187473 2.492266 0 
