4 180.856848 136.736564 165.863450 143.587214 160.888975 115.538274 28.462798 28.462798 -0.000000 0.815278 1.395272 0 
15 202.269739 67.901718 186.466246 148.491934 146.340389 99.537415 63.612907 63.612907 0.000000 5.768416 0.884185 0 
18 247.145073 76.822142 248.322225 111.899726 187.772534 93.482364 62.676653 62.676653 -0.000000 6.009616 0.295278 0 
21 146.007367 52.122139 184.561570 64.548358 152.155095 97.219140 45.767917 45.767917 -0.000000 4.576902 5.493726 0 
32 148.928724 104.059530 153.530870 106.263916 151.023397 99.592100 6.525218 4.844509 1.372534 2.009237 1.211298 0 
33 201.750295 91.975545 200.177003 115.028579 100.454506 95.361494 101.698081 101.698081 0.000000 6.249771 0.194719 0 
43 104.965804 105.923464 106.223139 81.905150 161.239408 97.359501 56.733568 56.733568 -0.000000 2.990567 3.415440 0 
50 150.092496 86.526945 159.389741 108.282363 151.795416 98.729200 11.887262 11.887262 -0.000000 4.573727 0.899140 0 
56 78.994330 116.997157 72.478268 108.303344 74.507123 114.655274 6.020016 4.553223 1.386201 0.481015 4.403224 0 
57 157.885038 91.075622 161.659629 101.060865 148.151491 99.586885 13.285726 13.285726 -0.000000 5.564681 0.108688 0 
59 123.028171 128.033466 143.109359 111.129916 255.686648 262.597728 188.422465 188.422465 0.000000 3.934123 4.073227 0 
62 168.976649 51.457389 189.381684 64.727346 158.679467 87.112513 38.310981 38.310981 0.000000 4.993539 5.653191 0 
63 183.875072 44.353924 203.313870 42.568771 200.387633 90.622752 48.806691 48.806691 0.000000 4.369595 4.773209 0 
96 162.188742 87.422280 163.651249 107.864796 149.274396 98.853912 17.140605 17.140605 -0.000000 5.558614 0.559866 0 
155 226.188130 124.164055 217.298282 123.902969 221.486520 123.795375 4.452099 4.452099 0.000000 0.078256 3.115909 0 
