1 199.105270 140.659948 244.007268 164.302316 253.629665 148.280694 58.872604 16.046698 0.062646 3.280461 2.111648 0 
5 216.751555 153.474776 195.595219 141.004308 210.541363 140.064828 15.355779 15.355779 0.000000 1.137099 3.078818 0 
9 -0.075093 165.343433 7.631796 178.735357 0.023969 174.669096 9.389719 9.389719 -0.000000 4.701767 0.490853 0 
11 47.945948 156.886785 12.050147 166.356847 11.958101 83.964291 81.896728 81.896728 0.000000 1.112356 1.569679 0 
22 234.784585 145.706926 240.117512 143.255657 244.699432 158.034803 14.708721 14.708721 0.000000 4.035054 4.411760 0 
32 307.051005 214.541090 232.129352 206.684578 282.560296 82.202226 134.565039 134.565039 -0.000000 1.387806 1.955713 0 
44 207.990546 167.211815 103.706442 146.708474 194.372223 -46.349183 213.056126 213.056126 -0.000000 1.507115 2.009855 0 
48 263.112456 99.244633 229.948101 94.142935 274.913810 -146.144182 245.447024 245.447024 -0.000000 1.618852 1.755790 0 
49 192.849210 152.726972 171.902671 160.518451 175.028698 141.023547 20.153514 20.153514 -0.000000 0.581098 1.729794 0 
109 166.789358 72.957972 161.697056 84.764370 152.004236 71.688528 15.997986 15.997986 -0.000000 0.085649 0.932901 0 
113 279.890020 174.657377 317.970728 183.092774 269.576176 284.281165 111.275485 111.275485 0.000000 4.806197 5.158495 0 
136 182.723338 128.546547 163.986473 134.757475 163.529025 101.218312 34.338955 34.338955 0.000000 0.958487 1.557158 0 
