4 430.125855 214.374109 528.294720 220.763990 474.102113 321.940874 116.621572 116.621572 0.000000 4.324296 5.204127 0 
32 175.791170 164.720594 174.889356 175.077440 -120.303694 172.810700 295.314151 295.314151 0.000000 6.255869 0.007679 0 
46 479.875005 221.384429 495.022388 222.752028 484.661227 259.004728 37.163677 37.163677 0.000000 4.585844 4.990771 0 
88 496.657291 405.152828 487.624664 373.866344 611.208656 358.118029 124.174412 124.174412 -0.000000 2.751982 3.014846 0 
96 457.391324 380.996143 456.966706 448.006126 -50.226714 405.788138 507.812679 507.812679 0.000000 6.234384 0.083047 0 
104 327.670677 276.091043 331.208621 250.028320 509.455157 290.353621 182.101089 182.101089 0.000000 3.219891 3.364081 0 
110 551.191959 420.116211 518.020081 452.741018 491.653255 394.918198 64.150833 64.150833 -0.000000 0.400363 1.142969 0 
114 406.030005 523.057333 435.005288 518.763763 472.602964 884.277605 367.514711 367.514711 -0.000000 4.530134 4.609887 0 
130 416.726428 452.322302 454.037331 380.023860 767.933393 587.574383 376.089534 376.089534 0.000000 3.509194 3.725807 0 
131 402.516245 232.349999 415.357505 222.793050 475.389262 318.269298 112.672202 112.672202 0.000000 4.008966 4.151090 0 
141 205.264377 346.771672 213.000354 339.643121 211.797461 345.652364 6.362129 6.362129 -0.000000 2.971911 4.909952 0 
148 572.702443 355.969338 570.346760 378.829639 520.823300 359.719975 51.492784 51.492784 -0.000000 6.211015 0.368267 0 
161 492.250268 468.407592 467.951615 472.727866 462.631300 378.134160 94.178781 94.178781 -0.000000 1.253761 1.514612 0 
206 256.944843 281.996356 242.200451 265.710905 478.922086 72.788397 305.489960 305.489960 0.000000 2.385800 2.457786 0 
214 508.018747 509.732990 541.066469 512.053303 506.158695 752.940342 242.990401 242.990401 0.000000 4.720037 4.856301 0 
215 103.463380 166.984158 104.911307 117.938338 676.409496 150.702326 572.482566 572.482566 -0.000000 3.113183 3.198860 0 
229 655.371968 230.221813 657.110312 245.853205 644.679953 239.189929 13.480914 13.480914 -0.000000 5.585248 0.492069 0 
232 246.756302 395.891609 222.043776 406.133739 155.844474 199.026047 220.130023 220.130023 -0.000000 1.138176 1.261423 0 
237 239.947193 491.493366 256.966284 493.314999 235.047972 605.048753 113.451480 113.451480 -0.000000 4.755506 4.906095 0 
280 445.019810 136.502488 407.955731 135.463695 431.832341 -7.102727 144.348901 144.348901 -0.000000 1.479222 1.736733 0 
292 554.022024 449.025862 509.313401 480.592680 477.911806 388.454380 96.626094 96.626094 -0.000000 0.672199 1.242333 0 
293 498.861779 334.140019 547.153706 300.514978 776.292645 660.906474 427.769244 427.769244 0.000000 4.008465 4.146057 0 
308 131.131231 224.036775 132.695303 175.925076 750.919188 211.091767 619.117818 619.117818 0.000000 3.120710 3.198415 0 
335 567.851763 295.050193 570.231033 344.250535 496.296885 331.935245 77.614649 77.614649 0.000000 5.807231 0.165056 0 
364 221.877439 216.032816 222.890000 188.958487 843.708082 224.767529 621.601349 621.601349 0.000000 3.155639 3.199209 0 
365 525.133002 211.463705 515.942167 210.668027 536.814381 -324.121759 535.432849 535.432849 0.000000 1.592603 1.609805 0 
381 54.977797 246.408196 84.057499 248.302597 18.611734 896.515560 651.401025 651.401025 0.000000 4.768269 4.813011 0 
385 514.004674 176.394920 528.011563 176.503120 521.022788 267.819442 91.766263 91.766263 -0.000000 4.635775 4.788774 0 
395 439.043495 487.629966 411.048779 482.728431 443.229053 368.563601 118.150082 118.150082 -0.000000 1.605935 1.845543 0 
408 119.910418 119.562341 131.769271 121.224180 94.614901 310.409018 192.226456 192.226456 -0.000000 4.844165 4.906313 0 
424 45.992931 455.587529 35.111080 436.935195 165.633751 378.874993 142.279455 142.279455 0.000000 2.571435 2.723048 0 
435 218.340068 460.812054 210.245280 449.814227 308.042338 383.135990 118.357568 118.357568 0.000000 2.427922 2.543185 0 
438 119.945013 120.138455 109.606399 117.608346 121.029766 85.524885 33.493430 33.493430 0.000000 1.602125 1.912852 0 
443 83.840980 114.127750 106.669104 117.346670 42.339456 461.173766 349.440799 349.440799 -0.000000 4.831409 4.897349 0 
507 245.379285 233.142587 246.126998 225.909751 664.100167 225.474549 418.065054 418.065054 -0.000000 3.123282 3.140551 0 
522 116.006435 326.817333 80.994572 326.648189 106.704498 -344.195909 671.042336 671.042336 -0.000000 1.556935 1.609102 0 
552 240.786032 86.279003 262.027999 89.832634 179.124985 569.180647 486.628219 486.628219 -0.000000 4.839390 4.883644 0 
565 264.355376 215.009910 263.797327 235.022234 -90.575363 202.949756 355.141534 355.141534 0.000000 0.033966 0.090259 0 
567 493.954672 134.354403 509.876186 133.236542 517.630778 317.483509 184.755831 184.755831 0.000000 4.583816 4.670326 0 
593 22.253543 435.911862 22.261917 427.170312 26.005578 431.259093 5.594672 5.594672 -0.000000 2.249433 3.971025 0 
607 477.998979 277.988427 495.130310 276.477048 509.805652 513.901392 238.078255 238.078255 0.000000 4.578373 4.650657 0 
628 532.338374 222.427668 547.670964 231.425347 527.743642 248.487605 26.062269 26.062269 0.000000 4.886909 5.575089 0 
654 424.960105 144.359016 468.914313 141.623292 477.309167 590.056057 448.302238 448.302238 0.000000 4.595470 4.693671 0 
655 547.624312 335.033650 550.305382 302.768128 670.825330 327.714208 122.964642 122.964642 0.000000 3.082252 3.345698 0 
686 602.017735 217.762147 578.983668 218.298146 574.751487 -211.668941 430.025077 430.025077 -0.000000 1.507388 1.560954 0 
693 522.981139 301.969263 497.990602 301.482971 515.819134 -4.731146 306.604062 306.604062 0.000000 1.547449 1.628953 0 
736 251.554768 476.493102 224.039803 450.960768 295.278468 399.633546 87.207092 87.207092 -0.000000 2.088017 2.517243 0 
895 628.032731 347.347858 618.925179 348.204816 621.155575 329.059102 20.018979 20.018979 -0.000000 1.211121 1.686769 0 
937 615.969584 212.445710 641.003950 211.071979 635.666667 352.153123 140.784052 140.784052 0.000000 4.572324 4.750202 0 
1008 428.725927 282.801852 439.973315 324.007284 204.834891 368.797023 238.948162 238.948162 0.000000 5.916466 6.094958 0 
1091 455.586165 292.640379 461.103732 316.976482 289.026738 341.999149 173.556747 173.556747 -0.000000 5.995087 6.138782 0 
1103 460.408481 255.656575 485.997205 252.799806 478.287222 394.379570 140.928837 140.928837 -0.000000 4.584215 4.766792 0 
1113 434.243142 470.429759 422.215512 463.886541 432.405758 456.161825 13.265839 13.265839 0.000000 1.442724 2.492959 0 
1186 226.463293 79.028980 226.435554 64.923989 447.989630 76.577359 221.575287 221.575287 0.000000 3.130526 3.194143 0 
