7 163.998524 290.997321 143.001034 294.988501 150.344704 268.346625 27.616362 27.616362 -0.000000 1.028321 1.839761 0 
30 179.039097 268.011174 164.589370 290.211376 147.797905 264.509893 31.244647 31.244647 0.000000 0.111607 0.992086 0 
32 80.994215 199.859235 105.017153 202.832295 48.791236 462.174232 264.479782 264.479782 0.000000 4.834542 4.925887 0 
47 195.460293 193.451957 173.352071 195.370376 183.370640 183.493575 15.669726 15.669726 -0.000000 0.689033 2.271529 0 
76 24.831021 115.173223 42.891578 115.126053 34.270827 117.620019 11.327687 7.669378 0.861101 3.395211 6.001576 0 
83 170.961088 262.000119 166.857098 283.872051 136.213809 267.077384 34.934015 34.934015 0.000000 6.138092 0.501360 0 
86 99.457324 194.434839 80.151532 178.812737 204.468219 45.846353 181.707889 181.707889 -0.000000 2.186020 2.322588 0 
106 75.040552 146.034895 82.665987 138.370953 85.605458 148.054709 10.127823 10.127823 0.000000 3.330495 4.417682 0 
162 273.499225 123.070974 271.225247 106.191010 277.483964 114.768394 10.703672 10.703672 0.000000 2.018267 4.082022 0 
176 281.981711 138.053936 287.566397 148.748617 218.184520 178.326845 75.186505 75.186505 0.000000 5.720094 5.880205 0 
