1 219.352132 259.037078 231.968782 269.994074 221.949492 271.182939 10.870524 10.870524 -0.000000 4.501715 6.165080 0 
20 232.368707 271.265756 215.987875 283.944277 214.449782 264.407885 18.997769 18.997769 0.000000 0.365519 1.492229 0 
22 177.451889 282.730756 190.208898 276.544314 185.175742 275.014426 11.443385 8.163922 -0.803747 2.356682 4.713179 0 
32 373.945114 30.273407 407.000099 29.012128 402.747841 504.179549 475.120244 475.120244 -0.000000 4.651686 4.721338 0 
41 525.970624 185.891456 497.946898 183.188905 517.227469 143.605568 44.045473 44.045473 0.000000 1.366906 2.024061 0 
79 213.759535 273.615643 193.847272 275.262700 203.968376 265.731569 13.211261 13.211261 -0.000000 0.677918 2.386206 0 
92 206.000693 266.520809 221.999214 266.543934 214.244437 302.301080 36.014914 36.014914 -0.000000 4.485942 4.925955 0 
96 240.154845 274.074504 221.999214 266.543934 206.770548 280.409035 32.970435 14.618932 -0.190947 6.095669 2.953679 0 
106 282.169063 303.067592 331.090746 228.074822 418.783317 338.500121 140.410611 140.410611 -0.000000 3.395363 4.041235 0 
123 129.785464 29.798759 118.649110 41.670855 57.484422 -30.484986 94.068701 94.068701 0.000000 0.695007 0.867654 0 
179 258.528126 193.074072 267.092136 160.686901 338.931837 200.971474 81.306704 81.306704 -0.000000 3.239500 3.652657 0 
221 336.856287 232.866833 382.704154 204.411831 459.131966 378.367281 190.236129 190.236129 -0.000000 4.013506 4.298424 0 
223 339.987518 109.060652 354.534119 125.222685 327.889034 129.938785 26.526689 26.526689 -0.000000 5.237584 6.108003 0 
233 445.997964 68.283176 387.993773 67.866125 423.243775 -340.125420 408.516481 408.516481 0.000000 1.515140 1.656981 0 
237 179.000951 282.000434 190.208898 276.544314 186.501906 282.764515 7.555787 7.555787 0.000000 3.243107 5.249833 0 
255 437.817681 320.648894 461.432636 326.759563 447.019437 334.624783 16.046918 16.046918 0.000000 4.130130 5.783653 0 
257 354.154205 441.437652 322.305254 422.659847 388.567543 347.055948 100.755815 100.755815 0.000000 1.920435 2.290441 0 
289 435.690374 324.156694 459.569044 326.589163 442.789830 344.218374 23.272655 23.272655 0.000000 4.372260 5.473089 0 
315 382.655560 203.998187 473.033657 187.849663 463.771378 385.239321 198.011460 198.011460 -0.000000 4.291568 4.759278 0 
321 441.011075 452.205313 353.888817 442.346959 416.131389 277.042911 176.624370 176.624370 0.000000 1.429702 1.930911 0 
329 60.020740 245.141451 5.935465 242.545141 53.680849 -280.650911 525.791375 525.791375 -0.000000 1.558739 1.661801 0 
330 583.200925 298.721129 574.008334 278.751227 670.023542 267.907257 95.988120 95.988120 -0.000000 2.800554 3.029129 0 
331 375.315419 436.988781 370.161742 427.051701 377.148275 429.072545 7.969377 7.969377 -0.000000 1.798318 3.423157 0 
372 377.989082 84.643125 422.097281 85.941006 393.230604 349.426003 265.171500 265.171500 0.000000 4.654890 4.821511 0 
377 450.002046 190.730488 521.031388 201.898644 462.191563 340.985519 150.461499 150.461499 -0.000000 4.631441 5.112601 0 
378 540.316703 211.601990 560.483536 227.649056 469.898740 316.102273 125.934907 125.934907 -0.000000 5.305351 5.509692 0 
391 560.785300 228.192135 591.117532 291.147052 494.756999 300.406302 97.068545 97.068545 0.000000 5.453070 6.187390 0 
395 437.954848 302.033002 422.596389 274.800473 576.105085 202.061293 170.604841 170.604841 0.000000 2.515173 2.699088 0 
406 384.098404 394.000744 396.840163 371.796370 398.592433 388.153350 14.955234 14.955234 -0.000000 2.758129 4.605669 0 
410 368.462601 177.340859 391.171009 180.926415 378.171289 184.491705 14.117594 12.277447 -1.074457 3.776424 6.015508 0 
423 412.976053 32.520145 424.043618 32.243099 421.539871 321.048234 288.939628 288.939628 0.000000 4.682717 4.721058 0 
452 478.177904 364.618335 467.830450 351.101998 499.582015 338.626762 33.740718 33.740718 0.000000 2.259704 2.767221 0 
457 564.789352 255.145161 575.303821 277.606286 533.073412 282.576868 41.735679 41.735679 -0.000000 5.570094 6.166023 0 
496 58.061363 151.024845 65.147988 145.847849 64.668078 152.490867 6.737052 6.737052 0.000000 3.359953 4.784506 0 
