5 167.989775 63.008538 178.123143 134.086387 128.395466 106.706721 58.659689 58.659689 0.000000 5.448556 0.503298 0 
9 160.188152 55.656450 219.696507 99.919918 167.124679 108.320401 58.985590 48.362763 -0.937596 4.581430 6.124734 0 
10 105.204423 118.142089 101.650118 98.241088 149.703855 100.795906 47.240506 47.240506 -0.000000 2.769904 3.194709 0 
17 220.934729 100.326292 212.706554 123.897565 173.858212 97.634094 45.847185 45.847185 -0.000000 0.057125 0.594472 0 
19 103.238268 118.945302 99.598935 103.092070 149.103025 98.798423 49.052677 49.052677 -0.000000 2.727700 3.055076 0 
33 142.750213 143.964536 125.847900 139.587323 140.151367 112.316082 30.520500 30.520500 -0.000000 1.488864 2.053843 0 
47 -0.026208 131.577890 27.999280 132.043378 5.422759 363.575582 232.185791 232.185791 -0.000000 4.688906 4.809591 0 
54 198.096619 66.922369 209.247730 80.800955 180.582979 92.490878 30.162114 30.162114 -0.000000 5.312956 5.895960 0 
57 210.599742 85.019112 211.554850 105.021256 160.197057 97.059096 51.254493 51.254493 -0.000000 6.048704 0.153809 0 
64 127.024383 54.088796 152.082307 54.319994 136.237535 109.357886 56.694966 56.694966 0.000000 4.547211 4.992698 0 
76 72.949682 149.490463 51.077300 147.246532 78.110909 26.665243 123.049701 123.049701 -0.000000 1.612793 1.791344 0 
88 -0.145588 152.918783 13.151921 151.128247 28.152525 311.099226 160.557787 160.557787 -0.000000 4.535364 4.618892 0 
121 2.976229 33.012074 10.103326 16.314608 11.937382 27.058419 11.099907 11.099907 0.000000 2.555171 4.543311 0 
148 80.031202 44.907880 67.547925 34.131255 75.541251 38.689130 9.466591 9.466591 -0.000000 0.945456 3.659820 0 
150 67.329537 137.460079 54.054686 137.528026 62.697301 103.222782 35.254628 35.254628 -0.000000 1.436315 1.817593 0 
158 21.061316 65.939391 18.954566 81.984364 3.462612 71.457227 18.425808 18.425808 -0.000000 5.979356 0.596850 0 
189 39.247716 5.081101 52.088627 2.899333 45.282167 6.039217 6.684178 6.684178 -0.000000 3.299053 5.850966 0 
265 169.498817 140.806786 154.967390 147.908375 147.763086 116.371006 32.481653 32.481653 0.000000 0.843810 1.346213 0 
