5 87.088984 209.068798 68.228786 209.043391 76.647455 209.935079 10.385209 7.148531 -0.421446 6.200410 3.247117 0 
69 140.005476 173.117020 144.090575 194.688238 144.354842 183.943931 11.752947 9.789592 1.367947 4.330402 1.595387 0 
82 136.427688 177.970805 144.090575 194.688238 85.523429 209.456914 62.830605 19.778656 -0.454077 5.729248 5.961589 0 
90 34.999532 113.999746 51.938243 95.888305 58.744130 118.336083 23.370687 23.370687 -0.000000 3.322226 4.418010 0 
91 139.043594 176.914733 143.462003 192.063855 139.224404 184.660880 8.048391 5.194081 1.375962 4.689051 1.050904 0 
104 35.530582 216.002562 33.465485 192.878167 183.109421 187.604952 149.711335 149.711335 0.000000 2.951493 3.106369 0 
111 134.772064 190.536422 133.119528 180.022941 140.985121 184.445932 8.792939 8.792939 -0.000000 2.366156 3.653846 0 
115 192.098314 219.069102 179.662044 236.762458 135.801133 192.974499 61.380262 61.380262 0.000000 0.434036 0.784566 0 
121 111.031840 228.981998 94.963291 180.001144 177.859702 179.041676 83.089655 83.089655 -0.000000 2.499823 3.130019 0 
123 232.689955 177.987507 225.835013 190.494205 223.036465 181.510265 10.066588 10.066588 -0.000000 5.933280 1.268818 0 
153 103.169598 114.548196 106.072262 105.216351 287.991225 251.224877 235.490157 24.490218 0.660130 3.778344 3.817918 0 
157 197.425581 217.998747 203.098057 206.066323 207.298441 216.005514 9.932602 9.932602 0.000000 2.942380 4.312546 0 
173 275.614983 215.481222 261.456736 233.574897 224.331350 188.977649 57.155996 57.155996 0.000000 0.477000 0.876574 0 
175 155.188600 178.868085 150.628506 197.685429 143.159803 184.698746 13.824246 13.824246 -0.000000 5.831832 1.048883 0 
184 136.586056 203.934472 127.819150 225.875676 98.733262 201.028418 38.329470 38.329470 0.000000 0.076622 0.706969 0 
196 238.663525 39.848979 239.310722 28.580694 237.023459 35.397093 5.512443 4.920834 -0.274255 1.217826 5.036136 0 
199 113.024710 208.052716 129.941270 200.818965 144.448132 254.972837 56.146599 56.146599 -0.000000 4.122274 4.450652 0 
217 107.544437 108.253934 113.111427 101.146672 116.265557 108.784310 8.370352 8.370352 0.000000 3.202333 4.320750 0 
239 108.226504 147.172755 152.003107 124.869335 144.871125 164.598327 40.033976 40.033976 0.000000 3.585472 4.890013 0 
247 53.732805 213.159055 45.292014 214.703191 48.000024 212.717827 8.424682 3.581800 0.604874 0.076814 2.508966 0 
264 12.000000 133.000000 2.293703 135.354956 6.760679 134.064640 5.668580 4.660680 0.515878 6.082713 2.860390 0 
