12 72.437823 137.755743 91.092718 111.096894 115.698054 147.468760 43.608039 43.608039 0.000000 3.362455 4.117614 0 
19 323.470908 132.342043 375.829896 111.192299 383.670435 199.371517 88.475067 88.475067 0.000000 3.980622 4.623706 0 
33 100.702992 241.125667 106.872225 273.006468 46.563543 266.668401 60.253479 60.253479 -0.000000 5.842355 0.104709 0 
58 198.125414 263.995982 195.435648 334.119428 -184.008181 280.648426 382.750283 382.750283 -0.000000 6.239635 0.139998 0 
62 341.027785 165.781874 332.828757 134.975545 360.679070 145.115171 29.000178 29.000178 -0.000000 2.331015 3.490752 0 
70 358.862562 222.093451 360.618061 259.812596 330.455501 241.973702 35.450153 35.450153 -0.000000 5.672570 0.534091 0 
79 107.209707 227.481859 106.872225 273.006468 113.622476 254.294236 27.611267 9.912659 1.384187 4.477627 1.193678 0 
90 463.519215 27.984355 462.674078 53.956855 279.132514 35.872017 184.534170 184.534170 0.000000 6.240434 0.098216 0 
96 281.601614 158.736651 291.164647 165.947097 284.448024 163.983885 6.479230 6.479230 -0.000000 4.215354 0.284370 0 
98 380.201830 112.367580 410.943092 122.178318 352.407590 255.488384 145.059847 145.059847 -0.000000 4.904203 5.126136 0 
99 194.926281 332.170457 171.631812 393.790527 71.578400 321.105244 123.320958 123.320958 0.000000 0.089468 0.628268 0 
145 366.335922 218.798503 371.729360 257.148091 338.186786 240.387592 36.262500 36.262500 0.000000 5.628922 0.463390 0 
172 103.530967 176.278065 112.099579 206.997423 31.546794 215.487673 81.949928 81.949928 0.000000 5.784422 6.178173 0 
176 370.211154 216.773669 369.310891 267.290730 344.037494 241.469123 36.418409 36.418409 -0.000000 5.526838 0.796127 0 
181 392.751062 169.208344 388.601585 184.166879 175.573517 112.822719 224.472614 224.472614 0.000000 0.254021 0.323164 0 
182 374.406935 401.046159 393.074353 383.732598 388.632036 397.570250 18.372483 13.475546 0.824148 2.901938 5.023027 0 
200 92.458498 179.177720 87.261370 160.958002 379.745724 61.840053 310.150020 310.150020 0.000000 2.753837 2.814856 0 
205 417.842594 378.289296 424.308078 387.879201 413.440881 387.418540 10.364539 10.364539 -0.000000 5.161659 0.042365 0 
212 454.064642 164.410464 448.418675 154.214421 504.505432 129.985125 60.437561 60.437561 0.000000 2.542715 2.733811 0 
224 372.059511 191.528229 378.440572 210.190734 358.942178 213.055134 28.381731 13.577260 -0.739794 5.259652 6.137324 0 
228 87.207442 315.204896 81.015658 291.254477 290.219123 248.313091 213.448438 213.448438 -0.000000 2.823298 2.939143 0 
233 283.478246 139.039345 279.927102 144.005349 289.466286 134.529242 10.913451 6.506900 1.300710 2.496056 4.983442 0 
238 168.340239 397.213399 109.155887 395.787105 133.315125 352.530215 59.583435 43.060309 1.273303 0.905978 2.080147 0 
243 369.087373 114.436439 420.663168 136.403858 370.435298 182.316999 67.475578 67.475578 0.000000 4.692534 5.542636 0 
255 278.754046 128.018047 279.927102 144.005349 161.046959 145.505348 118.696309 118.696309 -0.000000 6.135698 6.270568 0 
257 447.810421 265.952644 435.268079 304.681071 349.354345 255.257310 98.502820 98.502820 -0.000000 0.108206 0.522039 0 
260 359.611498 247.812736 342.070412 260.868338 349.476517 251.192845 12.508486 8.113412 -1.107581 5.961277 2.224112 0 
271 352.700745 222.267773 359.160411 248.014046 329.343604 240.236413 30.558694 30.558694 -0.000000 5.627446 0.255162 0 
279 452.096124 322.424574 387.937583 366.516292 378.367375 285.897415 81.376580 81.376580 0.000000 0.459982 1.452640 0 
286 238.185284 374.720591 202.765209 366.577655 235.498923 299.289096 74.788678 74.788678 0.000000 1.535198 2.023560 0 
306 94.013899 282.818888 80.511915 269.196976 87.841933 273.020821 10.515274 5.684199 1.126954 1.008669 3.622425 0 
307 122.963163 279.980072 109.999482 290.003937 108.198489 277.250988 14.695836 14.695836 -0.000000 0.182776 1.430502 0 
315 291.980164 314.729814 259.860189 314.115928 278.273802 212.194141 103.478537 103.478537 -0.000000 1.437910 1.749533 0 
325 259.241264 213.350694 245.747924 222.633590 229.649721 187.162850 38.658784 38.658784 0.000000 0.724453 1.144750 0 
341 104.999229 121.466657 129.885959 125.377940 112.105599 164.203708 42.607580 42.607580 -0.000000 4.547615 5.141837 0 
343 371.226543 257.176768 353.073702 267.397456 355.167416 249.883845 17.467502 17.467502 0.000000 0.426283 1.689779 0 
344 333.629347 352.440244 300.046761 305.979226 385.791291 281.362457 88.338796 88.338796 -0.000000 2.203895 2.862018 0 
354 380.042222 368.724359 352.018613 361.973035 393.282305 231.909365 137.210609 137.210609 0.000000 1.667270 1.878010 0 
355 83.009291 242.046789 96.201744 254.951955 85.098952 258.730057 18.516581 10.047382 -1.382033 4.587783 5.955192 0 
357 452.588454 301.761412 435.225798 331.710640 337.833245 254.899910 123.217511 123.217511 0.000000 0.387693 0.667795 0 
363 384.370606 145.149515 369.836993 129.041958 377.241847 138.176072 11.955849 7.934625 1.376097 0.774385 4.031169 0 
382 273.858041 474.546142 290.232927 472.149542 406.400428 909.761093 455.127245 455.127245 -0.000000 4.416768 4.452915 0 
391 233.610368 206.440478 230.095952 202.872646 240.484733 194.595181 14.392154 14.392154 0.000000 2.096639 3.708591 0 
414 434.337964 331.136031 408.811718 355.767715 364.490630 282.269662 85.382086 85.382086 -0.000000 0.610469 1.028156 0 
429 96.955437 260.020962 94.012555 282.006571 74.424735 268.003733 24.313347 24.313347 0.000000 5.942679 0.620639 0 
450 446.586510 265.444156 426.249481 259.621263 510.883625 1.338227 271.817054 271.817054 -0.000000 1.809603 1.887450 0 
493 90.888413 372.052325 74.872434 336.063374 243.329034 283.222065 176.026424 176.026424 0.000000 2.613976 2.837634 0 
548 122.018678 82.073047 154.011543 77.172077 156.409676 206.951111 129.704146 129.704146 -0.000000 4.443654 4.693912 0 
566 363.722224 133.911703 383.071848 121.434251 376.188676 132.383179 12.110440 12.110440 0.000000 3.019591 5.273617 0 
679 249.017574 199.997936 230.095952 202.872646 239.800725 202.090547 10.050697 4.021617 0.015789 6.059928 3.061177 0 
