10 225.396763 109.084682 229.327995 97.903036 232.783243 102.723432 7.114634 7.114634 0.000000 2.430631 4.090478 0 
11 245.773198 113.260922 248.098033 124.191834 225.515272 125.036308 22.525690 22.525690 0.000000 5.756649 6.245808 0 
26 197.019306 157.397574 177.009311 157.673996 190.381352 46.173149 111.563708 111.563708 -0.000000 1.511186 1.690154 0 
29 241.969092 184.662078 236.561101 169.153044 326.976890 144.120983 93.373326 93.373326 -0.000000 2.696587 2.871503 0 
31 82.074285 97.776808 131.091961 111.230047 105.005887 119.768569 36.429035 27.091852 1.449881 3.906073 5.966856 0 
37 201.129832 114.783833 210.443977 93.255566 287.854518 137.943568 90.302083 90.302083 -0.000000 3.402552 3.665143 0 
46 -0.173143 148.162084 17.006950 147.113917 14.868716 196.210630 49.387757 49.387757 0.000000 4.408998 4.755913 0 
67 39.951809 41.795737 30.014581 38.969622 36.751778 36.835525 5.917294 5.917294 -0.000000 0.997845 2.834828 0 
69 100.752415 131.255754 107.786622 146.927645 94.730033 142.627265 13.210192 13.210192 -0.000000 5.199437 0.318175 0 
70 47.424613 145.462214 56.224012 140.138099 54.245596 146.201501 6.086889 6.086889 0.000000 3.249555 5.027785 0 
73 95.268704 194.719245 82.873511 179.415201 109.335880 170.553664 27.398705 27.398705 0.000000 2.097962 2.818457 0 
74 53.242906 183.937894 52.692133 172.915447 218.224430 164.902204 165.389598 165.389598 0.000000 3.026720 3.093221 0 
90 78.881863 159.959847 84.808841 112.765959 165.085913 143.477102 87.277366 87.277366 0.000000 2.952667 3.506979 0 
91 164.826081 91.123251 155.902713 91.950182 158.344035 82.425383 9.262846 9.262846 0.000000 0.930345 1.821707 0 
110 97.633768 135.352915 99.223146 162.071242 77.313825 149.121450 25.172622 25.172622 -0.000000 5.687660 0.533822 0 
113 115.847137 160.029244 118.501534 173.904051 -57.355890 200.601899 177.764054 177.764054 -0.000000 6.053085 6.132520 0 
133 49.590022 260.080458 43.385609 264.348649 46.896206 262.351777 3.278162 3.278162 -0.000000 5.582675 2.624421 0 
148 72.909745 192.350350 71.674387 175.717412 79.436142 181.551981 10.198947 10.198947 -0.000000 2.114436 3.786186 0 
160 205.673518 124.934804 226.196840 94.834489 239.194703 122.724703 32.058779 32.058779 0.000000 3.075756 4.276279 0 
163 60.006451 230.007510 73.271204 225.430847 69.852954 235.730764 11.584669 11.584669 0.000000 3.668109 5.032823 0 
166 257.905573 142.988158 256.022528 158.002825 227.348670 146.615431 30.185171 30.185171 0.000000 6.165033 0.378034 0 
171 108.331336 286.338736 126.975736 285.123061 117.384077 301.274799 17.806408 17.806408 -0.000000 4.167497 5.248272 0 
