2 513.204106 98.734057 523.499044 97.503943 519.131503 92.506355 10.326306 7.464976 -0.016533 2.331493 0.852573 0 
13 353.927761 423.213047 366.927269 380.575229 372.040980 405.280476 25.531000 25.531000 -0.000000 2.361206 4.508282 0 
20 621.339062 441.980411 644.745837 449.764288 595.564313 559.352502 119.741356 119.741356 0.000000 4.928556 5.134232 0 
23 687.288759 119.191258 698.413959 128.777493 691.439806 129.250699 8.340789 8.340789 -0.000000 4.321024 6.215438 0 
24 505.970879 675.146295 526.274278 697.169237 506.825355 693.988267 18.593013 18.593013 -0.000000 4.667070 0.162120 0 
29 28.286827 314.172066 49.210905 306.303731 46.403861 330.631968 25.336848 25.336848 -0.000000 3.879102 4.827263 0 
36 667.904372 98.707526 692.900552 98.205495 680.842805 107.353003 14.204355 14.204355 0.000000 3.730657 5.634176 0 
39 525.030074 698.908561 504.950446 675.998121 522.221770 680.269597 17.557184 17.557184 0.000000 1.421253 3.384044 0 
43 586.530097 623.152434 609.593108 634.127734 597.125975 623.867640 15.360010 8.291842 0.735109 3.208989 0.688592 0 
48 385.270996 377.958093 360.033380 431.519422 379.035022 408.680114 31.116013 29.120634 -1.436845 4.912649 2.264730 0 
57 395.887752 409.962907 368.830457 423.814780 369.385971 379.297229 49.131191 24.940683 1.266816 0.858107 1.583274 0 
59 359.163365 397.422495 403.051779 402.977603 380.239067 404.281263 22.058402 20.409881 -0.118501 3.456218 6.226101 0 
68 410.209271 302.814614 451.066612 302.306202 437.207435 552.932521 251.750252 251.750252 0.000000 4.604864 4.767631 0 
75 531.013821 453.923506 567.942047 463.149055 507.476751 648.406337 195.751187 195.751187 0.000000 4.832827 5.027874 0 
76 440.626046 471.257040 482.806154 456.150950 509.562444 595.733366 142.284343 142.284343 0.000000 4.206624 4.522998 0 
77 667.316562 525.833823 690.192141 638.859823 520.754050 613.757621 171.058490 171.058490 -0.000000 5.742835 0.147080 0 
93 715.703879 508.108570 727.246859 574.081460 600.503283 564.424680 127.619134 127.619134 -0.000000 5.828495 0.076045 0 
103 357.764421 655.054587 356.973851 581.148694 544.530298 615.770150 190.987396 190.987396 -0.000000 2.934274 3.324130 0 
107 431.429434 476.878141 440.730551 471.265199 452.594650 503.272322 34.580642 34.580642 0.000000 4.036497 4.357419 0 
109 536.985508 452.069646 562.903725 457.462687 523.036705 586.595987 134.742168 134.742168 -0.000000 4.815708 5.011833 0 
114 16.962380 448.935449 11.235812 439.231914 14.242286 445.423840 6.560876 6.560876 -0.000000 0.911736 4.260370 0 
115 13.970323 350.179268 40.949353 310.924173 50.728503 343.930301 35.863829 35.863829 0.000000 2.973200 4.424346 0 
116 180.235424 345.774988 187.333126 334.892097 185.488162 341.399144 7.435614 7.435614 -0.000000 2.447016 4.988671 0 
133 146.956499 727.673456 206.974958 719.806334 315.582303 1743.983863 1029.839903 1029.839903 0.000000 4.547967 4.606740 0 
143 379.947606 392.252335 396.731205 409.131812 380.462055 407.353829 15.867465 15.867465 0.000000 4.678336 0.108854 0 
161 361.194519 424.810622 358.141456 397.762689 383.291885 410.368239 26.992801 26.992801 0.000000 2.562705 3.606205 0 
178 403.711507 406.929250 361.820830 425.140996 380.296967 409.112139 24.312904 22.962286 -1.211534 6.190226 2.427001 0 
190 605.977557 632.991478 582.091731 644.341827 589.188657 631.441660 15.388714 15.388714 0.000000 0.092051 2.073749 0 
194 433.378105 305.003394 460.156925 319.755493 411.154981 369.608547 68.694459 68.694459 0.000000 5.043694 5.489178 0 
209 1090.924120 196.390374 1080.656850 185.123489 1088.339966 189.161350 8.488657 8.488657 -0.000000 1.227483 3.625471 0 
226 369.499369 418.494327 368.185748 405.075071 369.821295 411.755415 6.412839 6.412839 -0.000000 1.618531 4.472282 0 
228 722.032943 563.962916 721.301011 583.049890 433.992360 558.778887 288.210756 288.210756 -0.000000 0.017996 0.084277 0 
277 1100.041121 319.900869 1102.058630 341.089633 1021.743824 338.323495 80.376402 80.376402 0.000000 6.052098 0.034428 0 
361 576.784653 307.098667 588.099041 305.715344 512.089060 309.844618 77.328406 3.736374 -0.066290 6.240767 6.228913 0 
375 804.930552 447.362885 818.751947 438.457767 813.883593 443.191143 7.934762 7.934762 -0.000000 2.705547 5.511844 0 
384 789.097801 417.919270 791.145799 437.962922 742.480487 426.911344 47.297197 47.297197 -0.000000 6.092634 0.223306 0 
452 549.056117 359.032785 535.290875 360.515365 541.092366 355.442910 9.531214 7.504113 0.951685 0.423500 2.423139 0 
510 108.054343 344.004843 98.016663 355.725867 100.196602 349.670010 8.172115 8.172115 -0.000000 5.658526 1.916327 0 
523 720.684656 430.555823 723.235922 413.377713 726.584753 421.619779 9.314811 9.314811 0.000000 2.154349 4.326455 0 
632 592.114145 52.600411 554.984850 54.238619 565.116025 -248.662066 302.812595 302.812595 -0.000000 1.481418 1.604231 0 
666 828.239517 444.781325 842.526284 440.572965 836.420856 444.077696 8.070852 8.070852 -0.000000 3.055800 5.762076 0 
669 1014.002435 49.089275 994.736974 46.579771 1005.570508 32.478660 18.224130 18.224130 0.000000 1.101069 2.225891 0 
692 524.992258 586.128447 545.283826 601.958092 522.415969 610.070152 25.187039 25.187039 0.000000 4.819583 5.942297 0 
797 1222.002192 46.092935 1203.062657 44.776263 1219.581767 -112.308766 158.680755 158.680755 0.000000 1.555517 1.675572 0 
856 508.423082 534.455806 527.837732 526.497968 522.136824 541.192760 15.978358 15.978358 0.000000 3.598220 5.082468 0 
