26 574.833853 75.990371 572.863297 109.992077 161.340921 63.298235 413.577327 413.577327 -0.000000 0.030685 0.112983 0 
48 229.530813 148.124917 237.660765 137.666460 233.766401 143.696444 10.466577 5.320652 1.415819 2.333935 5.285830 0 
57 523.409728 139.494481 541.892166 159.161574 464.123699 213.602453 94.269715 94.269715 0.000000 5.387127 5.672434 0 
89 560.107870 108.409362 574.009450 110.948256 559.606147 147.244302 38.683794 38.683794 -0.000000 4.725308 5.090158 0 
122 134.843163 134.315610 131.403844 113.385370 442.762418 50.761508 319.141407 319.141407 0.000000 2.876622 2.943110 0 
123 507.404281 132.385604 550.886268 269.653682 448.585179 224.136125 110.285455 110.285455 0.000000 5.282465 0.418636 0 
151 187.222833 120.624582 186.359260 107.006982 190.586321 112.494531 8.632767 8.632767 -0.000000 1.963066 4.056022 0 
160 151.859649 125.302497 164.200556 131.046293 156.127754 130.742988 8.950049 8.950049 -0.000000 4.047167 0.037553 0 
168 369.093208 75.004643 367.651436 123.010538 -207.876958 74.265914 576.537554 576.537554 -0.000000 0.001280 0.084494 0 
195 198.849260 91.585685 199.538927 74.508926 217.812481 82.202656 21.388052 21.388052 0.000000 2.682113 3.540097 0 
199 226.114597 68.009578 222.773888 107.981102 -97.837520 52.504709 324.481437 324.481437 0.000000 0.047825 0.171337 0 
216 91.041223 154.045998 100.292136 110.118615 158.303991 145.407981 66.989514 66.989514 0.000000 3.013870 3.688102 0 
225 202.008967 110.998299 199.375571 97.118472 224.235267 98.950904 24.561258 24.561258 0.000000 2.644886 3.215171 0 
263 540.311836 84.019249 538.770726 108.985848 235.927205 74.546400 304.516284 304.516284 0.000000 0.031111 0.113234 0 
275 472.972975 199.958129 475.157577 189.051692 514.678934 208.858237 44.531653 44.531653 0.000000 3.351840 3.606168 0 
296 137.576981 133.899310 142.665591 163.058358 -37.749232 181.958714 181.206660 181.206660 0.000000 6.015643 6.178805 0 
297 166.390575 106.270421 163.001949 89.000480 190.045498 90.682154 28.040717 28.040717 -0.000000 2.558926 3.203697 0 
321 138.864637 130.212880 143.425485 173.969523 -35.524131 168.220415 178.933558 178.933558 0.000000 6.068594 0.032116 0 
359 333.924703 144.799519 321.525506 142.067850 329.633288 134.990641 11.144131 11.144131 -0.000000 1.158383 2.423958 0 
367 570.650979 105.980361 572.227847 77.956552 1116.120455 115.825694 545.248743 545.248743 0.000000 3.159640 3.211107 0 
377 480.880135 317.300771 488.914194 321.091226 481.641835 324.127200 7.577136 7.577136 -0.000000 4.601268 5.887712 0 
383 94.182297 152.729468 99.095663 119.716574 426.847218 182.957883 333.766811 333.766811 0.000000 3.232211 3.332205 0 
385 214.787172 283.786957 209.975067 266.006748 248.207539 263.298115 37.955704 37.955704 -0.000000 2.591622 3.070864 0 
386 407.706885 316.561008 407.600039 306.493423 410.946785 310.875738 6.521255 6.521255 -0.000000 2.088771 4.060181 0 
408 593.469609 208.590745 609.634621 211.900131 564.660468 340.625562 135.034069 135.034069 0.000000 4.927216 5.048512 0 
428 596.672536 371.033593 599.005669 322.000548 1123.041201 361.248422 525.687682 525.687682 0.000000 3.123005 3.216349 0 
506 87.163003 129.785140 92.047940 110.755603 540.097173 238.100073 465.697741 465.697741 0.000000 3.376325 3.418510 0 
507 0.553843 216.983391 1.243852 239.992687 -48.677164 229.692867 49.874560 49.874560 0.000000 6.030542 0.203467 0 
518 426.143557 291.029731 412.539909 310.751935 285.809086 201.145811 166.492856 166.492856 -0.000000 0.569666 0.713066 0 
533 406.795128 307.509884 420.287379 287.545877 609.811083 438.024796 241.414408 241.414408 0.000000 3.712946 3.812655 0 
544 68.050302 303.710786 72.339128 318.248035 64.208182 313.120500 10.556271 10.556271 -0.000000 5.100042 0.562630 0 
554 242.787552 298.214705 241.831925 311.261586 237.652865 306.158664 8.291008 8.291008 -0.000000 5.286204 0.884604 0 
576 369.593264 232.055046 373.088017 213.151316 473.304546 237.050399 103.821948 103.821948 0.000000 3.189721 3.375695 0 
579 390.989024 321.689292 360.991133 322.748987 367.289112 130.718238 192.094013 192.094013 -0.000000 1.447325 1.603581 0 
598 116.577614 115.177239 119.437172 131.093882 100.787297 126.181708 19.663827 19.663827 -0.000000 5.674535 0.257540 0 
628 437.675700 336.168827 441.768151 319.017658 512.217747 105.220707 257.752440 3.257166 -1.265655 1.883006 1.889108 0 
633 264.229939 126.356412 233.281443 122.385570 308.133362 -310.516174 440.045831 440.045831 -0.000000 1.670955 1.742011 0 
656 510.940947 249.065115 517.139004 257.333082 505.299129 260.550322 12.473283 12.473283 0.000000 5.168992 6.017862 0 
668 450.378697 291.949612 445.172607 317.375663 137.588958 223.346431 321.693272 321.693272 -0.000000 0.215908 0.296681 0 
690 429.092514 280.752868 438.474341 262.626318 552.416244 333.694015 134.722697 134.722697 0.000000 3.547088 3.699270 0 
717 483.193518 247.693124 475.645430 236.482996 486.740976 235.130085 17.762941 8.905799 -0.825262 1.846004 3.020259 0 
812 74.524384 334.302168 47.118256 333.556253 62.787091 311.680236 25.829611 25.829611 0.000000 1.092186 2.192349 0 
829 512.026536 63.569325 480.959634 61.655131 509.933306 -97.408287 160.905723 160.905723 0.000000 1.557794 1.750973 0 
893 336.175973 24.246834 338.196324 14.621413 363.802276 21.503464 27.467220 27.467220 -0.000000 3.042614 3.404156 0 
903 181.236021 285.943751 179.611601 277.742035 184.937180 280.446997 5.899530 5.899530 0.000000 2.163402 3.611555 0 
1003 201.022770 179.299341 185.007186 178.778865 194.973130 125.862881 53.501596 53.501596 0.000000 1.458064 1.756951 0 
