7 28.479950 56.891466 32.846661 35.967998 78.921273 55.392214 49.504806 49.504806 0.000000 3.111879 3.540564 0 
8 102.185247 64.598292 116.890218 79.057164 106.966353 74.677653 11.202523 6.839392 0.820330 4.269474 0.415605 0 
11 37.191738 37.958689 40.207409 51.955312 -10.666896 56.041609 50.822347 50.822347 0.000000 5.921927 6.203036 0 
17 137.610362 79.169174 151.873310 64.688034 153.212373 80.029606 15.204134 15.204134 0.000000 3.196686 4.625326 0 
18 23.034006 103.998429 27.068006 82.406764 46.459640 88.095148 20.291763 20.291763 0.000000 2.545180 3.426930 0 
19 19.218731 81.013672 20.284966 63.955307 160.828238 79.036560 141.326250 141.326250 -0.000000 3.127632 3.248490 0 
21 82.613423 78.768202 96.939944 64.870910 98.681881 80.194036 15.099797 15.099797 0.000000 3.230096 4.599195 0 
24 156.198781 64.545209 171.194917 78.266251 162.320124 72.393046 9.661614 4.364464 0.740220 4.049960 0.584615 0 
63 100.069461 80.921797 83.986636 80.810800 92.211370 11.945262 68.851017 68.851017 -0.000000 1.457361 1.689665 0 
105 116.376285 83.917885 101.909064 98.793776 100.977401 82.872004 15.346692 15.346692 -0.000000 0.067815 1.512348 0 
127 102.213550 247.852671 116.094236 244.376267 135.761030 342.529208 100.132332 100.132332 -0.000000 4.371855 4.514639 0 
173 179.915844 207.597837 156.120778 212.577171 148.492738 141.032179 72.047896 72.047896 0.000000 1.129748 1.464579 0 
248 219.773047 47.954764 221.471066 76.972435 60.530064 72.200319 160.607126 160.607126 -0.000000 6.132091 0.029643 0 
345 12.874477 61.997935 13.302300 35.988524 176.042901 51.638163 163.144703 163.144703 -0.000000 3.078186 3.237461 0 
