2 188.733332 25.235167 198.057047 50.002977 144.565025 54.035756 53.310645 53.310645 -0.000000 5.705360 6.207937 0 
4 418.370610 335.588956 401.007353 339.984225 408.247471 329.837169 10.434564 10.434564 0.000000 0.516695 2.190538 0 
19 1196.045278 71.892909 1213.519216 97.038332 1193.705012 92.782627 20.638612 20.638612 0.000000 4.823953 0.211566 0 
41 407.212145 336.832952 415.967755 333.286039 413.630894 341.405714 8.009805 8.009805 -0.000000 3.760597 4.992618 0 
68 1269.144104 20.404564 1264.946807 33.899474 1263.432673 26.102172 8.069686 8.069686 0.000000 5.498999 1.378996 0 
79 846.414004 37.987290 846.209748 20.998920 878.763508 26.716453 34.004105 34.004105 -0.000000 2.806336 3.315453 0 
92 1271.459690 9.291820 1264.322314 18.603980 1266.515052 12.929058 6.329419 6.329419 -0.000000 5.648969 1.939516 0 
100 865.945581 566.171436 859.246031 572.981162 873.462020 575.829369 11.066621 5.376273 0.678110 4.051042 0.781957 0 
174 223.128387 614.459260 217.907697 603.565018 351.532817 540.883816 147.974852 147.974852 0.000000 2.621264 2.702984 0 
198 409.090612 459.690910 395.999901 437.999943 405.255852 446.113412 15.607416 9.610775 -1.416969 1.295531 3.861310 0 
203 743.194611 578.133200 719.570916 596.815387 651.618007 482.922973 132.356998 132.356998 0.000000 0.804849 1.032850 0 
212 1084.968520 778.447357 1104.448627 787.793125 1091.062470 794.181965 15.587734 15.587734 0.000000 4.342882 5.837885 0 
242 880.998854 583.996078 859.246031 572.981162 872.682139 575.383851 13.367460 10.879151 -0.137447 0.802852 3.318546 0 
259 609.318193 928.277294 616.375604 945.336181 565.062137 957.095255 51.983438 51.983438 0.000000 5.705992 6.057913 0 
262 875.294708 550.267733 854.406213 567.084603 845.160641 534.152862 34.474804 34.474804 -0.000000 0.491077 1.297093 0 
292 523.129910 790.560331 496.176670 787.239424 512.694218 767.731713 25.291990 25.291990 0.000000 1.142027 2.273382 0 
311 804.718808 414.331163 823.230578 406.548447 830.889397 450.372937 44.002787 44.002787 -0.000000 4.084348 4.539375 0 
325 813.386387 142.059160 846.993617 173.487801 804.694372 185.051498 43.417530 43.417530 -0.000000 4.911876 6.016327 0 
333 1047.878285 749.555871 1061.213497 756.964915 1041.675228 774.278536 25.661701 25.661701 -0.000000 4.958220 5.558081 0 
341 1255.874036 772.002352 1278.623612 779.414821 1265.072528 778.212657 11.744955 11.744955 -0.000000 3.735441 0.088482 0 
343 691.037661 163.002736 691.137873 125.000364 1162.633067 145.087706 471.746128 471.746128 -0.000000 3.103623 3.184170 0 
353 1246.254542 777.326839 1222.089699 769.945466 1237.817386 765.969281 15.125675 15.125675 -0.000000 0.931876 2.893967 0 
361 1089.981855 782.118756 1101.315172 791.325108 1092.907419 789.658179 7.820439 7.820439 -0.000000 4.342239 0.195723 0 
373 1128.106766 742.320824 1136.354525 734.650058 1124.205422 734.526746 11.785137 8.826656 -0.056201 1.106707 4.007017 0 
418 725.417730 37.755742 736.080162 46.082222 732.153628 39.973666 9.653520 7.547681 -1.173044 3.459681 0.999505 0 
429 1096.333628 485.290772 1108.397265 492.164261 1099.452078 499.394004 16.439074 9.825432 -1.430070 4.494774 5.603448 0 
438 719.015841 334.970788 762.313958 369.877437 672.352983 435.662844 111.122532 111.122532 0.000000 5.146348 5.651782 0 
451 411.129626 35.047915 392.022097 61.056515 389.461739 37.877230 22.600415 22.600415 -0.000000 6.153343 1.460783 0 
503 1118.000246 726.977736 1136.354525 734.650058 1122.184009 741.418285 14.873029 14.873029 0.000000 4.430387 5.837595 0 
531 316.102709 99.279648 335.801792 118.074842 311.569866 119.035081 22.968557 22.968557 0.000000 4.937933 6.243579 0 
543 256.364331 83.906817 230.167357 72.899305 264.895261 17.286215 66.427544 66.427544 -0.000000 1.698156 2.129004 0 
577 409.943430 56.931319 373.834851 72.039407 353.208787 -41.926585 114.922122 114.922122 -0.000000 1.049788 1.391750 0 
746 407.008398 11.993816 402.376290 -0.237467 409.146046 3.230354 7.981970 7.981970 0.000000 1.810051 3.614994 0 
865 1097.811804 768.781178 1107.388908 762.612097 1102.709698 766.128037 8.156036 5.681911 1.224268 2.645152 5.638791 0 
940 784.315915 12.371377 780.174995 22.138231 780.404325 15.875843 5.177043 5.177043 -0.000000 5.552630 1.607400 0 
