6 957.388296 500.274015 943.904835 508.580961 940.405945 483.303857 24.957047 24.957047 -0.000000 0.785039 1.433249 0 
21 1113.640624 369.993098 1143.052871 368.918293 1131.148977 394.180017 29.884664 29.884664 0.000000 4.085817 5.152751 0 
23 951.997070 812.021804 921.036531 806.761842 958.804999 676.561486 135.379384 135.379384 0.000000 1.621012 1.853127 0 
61 777.159227 293.758338 767.271746 290.851510 771.948077 293.010580 5.476846 4.789014 -0.040723 0.142519 3.574135 0 
62 1268.075510 465.659507 1258.407304 482.268064 1264.524950 474.230508 10.530617 9.966956 0.319793 5.105121 2.221384 0 
104 1161.997602 471.990203 1174.012128 469.049552 1173.645130 489.101447 19.779717 19.779717 0.000000 4.114738 4.730689 0 
107 613.570638 421.188367 634.631461 389.614489 662.260170 430.473827 49.031764 49.031764 -0.000000 3.330037 4.117822 0 
156 605.420634 448.790900 614.471862 437.116472 613.217733 445.198695 9.780092 9.780092 -0.000000 2.709868 4.866332 0 
200 630.410220 450.148854 615.831488 446.018216 624.740669 445.524700 10.303211 7.397895 -0.668195 0.684188 3.086255 0 
202 996.845011 577.991232 992.029405 592.675838 972.233899 579.133656 24.413376 24.413376 -0.000000 6.236800 0.599978 0 
211 1242.850239 469.346409 1246.225923 452.188609 1245.710509 460.830357 8.687123 5.722342 -1.110172 1.894826 4.771961 0 
238 1251.483346 449.029232 1265.924292 454.876143 1260.918460 446.677428 10.107080 10.107080 -0.000000 2.897310 1.022646 0 
253 1226.607892 639.246413 1225.659992 620.507890 1250.582612 629.155810 26.540448 26.540448 -0.000000 2.743213 3.475584 0 
279 85.956575 135.903023 103.499103 136.150481 92.673254 164.285406 30.109930 30.109930 -0.000000 4.480014 5.079709 0 
316 805.164984 282.471704 810.242268 260.471792 809.303745 270.179048 13.027228 7.004499 -1.093505 1.895561 4.808772 0 
336 566.844534 904.726840 584.131629 906.608703 574.572636 920.771265 17.627072 17.627072 -0.000000 4.263513 5.306103 0 
343 741.954256 922.494907 715.531583 917.154839 742.847224 835.188766 87.125408 87.125408 -0.000000 1.581024 1.892477 0 
357 560.560794 888.803546 568.526245 876.473504 574.849864 889.000218 13.697660 13.697660 -0.000000 3.155356 4.244900 0 
369 1034.644267 453.995615 1037.341249 432.058686 1092.598021 453.606360 58.742456 58.742456 -0.000000 3.134876 3.513410 0 
376 1010.984407 664.966437 1054.854655 660.550386 1040.905161 730.480693 72.187203 72.187203 0.000000 4.283972 4.909282 0 
439 1028.803952 711.565496 1076.944953 734.095040 979.888680 878.925399 174.175215 174.175215 -0.000000 4.996745 5.302791 0 
459 139.922921 116.571763 150.178662 115.769409 144.659489 117.290139 4.993621 4.993621 -0.000000 3.292112 6.014321 0 
500 475.139580 881.198960 452.019803 898.038541 439.811245 849.796945 49.239128 49.239128 0.000000 0.726627 1.322929 0 
515 579.183793 925.747559 590.332091 919.773419 587.837742 929.659000 10.167809 10.167809 -0.000000 3.566095 4.959552 0 
566 554.243405 419.028183 592.086110 401.897768 595.758177 453.237466 52.570864 52.570864 -0.000000 3.830813 4.640986 0 
722 611.643311 668.185499 583.737798 683.510428 422.342123 384.833869 339.917230 339.917230 0.000000 0.981817 1.075377 0 
856 1076.511296 411.675533 1074.648403 386.896984 1096.311109 395.839275 24.994516 24.994516 0.000000 2.466962 3.533082 0 
904 900.787774 582.899325 921.090620 579.676680 911.531525 592.991049 16.589847 16.589847 -0.000000 3.895707 5.335063 0 
1086 656.078790 813.423620 645.944120 831.077446 618.852853 802.300665 39.379704 39.379704 -0.000000 0.290352 0.815559 0 
1277 645.131100 913.004419 660.880836 915.293166 651.820802 930.774487 18.548439 18.548439 -0.000000 4.352340 5.241873 0 
1814 943.958598 583.841865 959.659981 588.474983 947.713089 595.834236 13.351085 13.351085 -0.000000 4.408982 5.731086 0 
