43 517.464941 913.590616 539.023108 929.946110 495.959230 974.121668 63.555478 63.555478 -0.000000 5.053763 5.485045 0 
59 438.045614 655.621441 425.080953 651.828209 434.658042 641.505710 13.873615 13.873615 -0.000000 1.335265 2.318753 0 
63 587.019084 509.135210 561.918681 497.954552 590.193752 477.319214 34.189280 34.189280 -0.000000 1.670249 2.511141 0 
81 658.918946 709.562293 677.677214 681.508093 847.052299 813.033073 214.546708 214.546708 0.000000 3.644425 3.801858 0 
83 134.517907 555.240728 166.373949 535.014002 463.302047 1019.669221 568.476123 568.476123 0.000000 4.096359 4.162714 0 
91 424.131916 646.567910 425.080953 651.828209 432.459998 650.275486 8.594959 5.051434 0.162245 3.560439 0.695754 0 
94 604.655265 534.961360 607.944266 517.033701 596.537889 524.328027 12.211948 6.703880 0.627817 0.918781 3.978678 0 
99 487.119802 472.186863 513.168422 476.741822 457.827155 693.445310 223.312825 223.312825 0.000000 4.844015 4.962423 0 
103 183.575728 526.056725 219.503790 509.896785 355.091069 854.036735 369.652465 369.652465 -0.000000 4.230555 4.337075 0 
117 592.917556 587.865202 605.939393 579.900906 616.532798 611.603903 32.993585 32.993585 0.000000 3.929598 4.389908 0 
135 134.045922 164.064958 113.749281 154.807667 125.234468 158.870670 14.398132 5.819919 0.019267 0.532658 3.481613 0 
144 524.657808 388.131717 511.832710 398.419670 513.420731 384.577692 13.111705 13.111705 -0.000000 0.306322 1.685022 0 
153 294.862005 485.293171 313.728598 481.609838 344.912747 694.989948 215.527149 215.527149 0.000000 4.478091 4.567273 0 
154 592.880224 516.221490 607.944266 517.033701 590.288675 600.433780 84.941765 84.941765 0.000000 4.743153 4.921006 0 
155 534.180164 580.220432 453.682129 631.342204 346.821246 373.514233 278.703067 278.703067 -0.000000 0.834455 1.177882 0 
163 609.035963 567.968982 606.102532 543.131863 619.810111 558.043814 21.746707 13.612777 0.474857 2.397186 3.969048 0 
167 365.662084 692.292611 324.483395 700.442451 303.621010 496.752753 204.807966 204.807966 0.000000 1.263562 1.468730 0 
175 563.890471 597.018114 529.167488 631.201983 446.983431 514.099902 142.800389 142.800389 -0.000000 0.616918 0.958853 0 
186 635.084625 200.506702 614.977424 203.864822 621.607670 178.065088 25.087275 25.087275 -0.000000 1.029984 1.822342 0 
189 233.997540 359.454873 284.012301 359.725352 256.310196 666.714936 307.483251 307.483251 -0.000000 4.639898 4.802383 0 
190 0.110610 79.877337 -0.424447 90.222082 -5.732406 83.814256 9.915499 6.459609 0.278344 5.690273 0.879003 0 
194 610.718672 201.734036 614.977424 203.864822 622.355317 198.832828 12.497269 4.560322 -0.050688 2.897257 5.947852 0 
195 618.888385 508.228934 591.952853 495.096703 945.844539 -166.531717 749.913369 749.913369 0.000000 2.022009 2.061957 0 
198 135.017293 478.057528 164.037382 474.604242 164.383322 603.306604 128.831393 128.831393 -0.000000 4.482088 4.709701 0 
199 545.051787 573.545996 556.657851 575.845287 547.529455 588.404839 15.236632 15.236632 -0.000000 4.547162 5.340882 0 
203 233.004012 204.899142 219.976209 202.042011 229.088079 186.798736 18.209146 18.209146 0.000000 1.357735 2.109570 0 
219 464.260978 391.609718 433.394874 391.217302 448.575292 393.141562 14.655987 5.538631 0.003198 6.185835 3.267680 0 
220 655.790579 493.820665 687.614174 494.733690 672.573793 495.504908 15.553161 7.217138 0.272818 3.241611 6.231954 0 
236 243.660070 459.504483 264.799535 450.917090 261.972220 485.453225 33.672848 33.672848 -0.000000 4.097845 4.794072 0 
250 590.789742 645.793392 565.537973 642.884355 581.961690 628.204793 20.638562 20.638562 0.000000 1.105615 2.412212 0 
260 477.028773 844.079258 411.899628 867.723520 207.054605 208.678940 689.661206 689.661206 -0.000000 1.169020 1.269442 0 
263 469.956298 251.010345 493.997735 249.948700 485.485093 301.690892 51.776226 51.776226 0.000000 4.415066 4.875449 0 
286 531.036224 376.004698 490.965190 398.139453 505.730794 382.725610 24.654689 18.855041 0.146033 6.023587 2.334718 0 
289 59.653313 505.184447 81.554904 499.401514 114.287172 669.795376 173.996717 173.996717 -0.000000 4.391932 4.522603 0 
291 437.069057 469.221704 486.038448 473.566679 424.999091 855.341191 385.959478 385.959478 -0.000000 4.743638 4.870930 0 
294 428.979311 441.755739 466.060295 441.415979 449.984260 576.649698 136.385119 136.385119 0.000000 4.557915 4.830710 0 
300 516.036911 615.521008 503.640924 607.950269 509.750723 611.315342 7.400177 3.592537 0.246640 0.589639 3.645024 0 
308 580.036561 306.488996 539.961516 309.485277 547.082264 107.120874 201.718406 201.718406 -0.000000 1.406984 1.605970 0 
316 599.001068 382.999491 549.723930 396.901678 576.244206 394.873826 27.007894 16.416985 -0.020230 5.802257 3.065277 0 
318 411.689571 867.652218 361.652086 880.661859 274.391481 442.228727 446.561425 446.561425 0.000000 1.258616 1.374335 0 
344 283.001315 351.893099 233.996428 351.290403 266.488132 -392.142852 743.951750 743.951750 0.000000 1.548606 1.614473 0 
349 397.388517 676.165767 396.650215 667.465341 395.906325 673.445692 4.293830 4.293830 -0.000000 1.071870 4.836142 0 
362 186.993249 646.994672 268.027351 586.046525 422.786887 879.285493 331.328156 331.328156 0.000000 3.919508 4.226781 0 
365 402.990213 536.514080 474.059464 539.474844 425.050642 888.920207 352.899944 352.899944 0.000000 4.649871 4.851728 0 
370 106.941333 443.588667 157.915092 435.474072 281.167176 1363.514830 935.938753 935.938753 0.000000 4.525215 4.580353 0 
376 501.857738 712.775628 473.712458 711.576209 489.498483 697.006209 20.619644 20.619644 0.000000 0.906044 2.396232 0 
383 365.982224 441.801665 393.033798 439.377091 399.167377 619.714185 180.371779 180.371779 -0.000000 4.527983 4.678390 0 
398 494.416492 720.291883 473.712458 711.576209 488.526962 710.977738 16.681664 9.960030 0.099067 1.006950 3.368498 0 
404 546.625881 394.059896 587.875085 375.399697 570.064944 387.720703 24.154867 14.345666 -0.194944 2.877458 5.677986 0 
443 218.012458 197.970960 166.606027 175.918384 511.233206 -563.272155 815.365730 815.365730 -0.000000 1.938468 2.007059 0 
460 495.875564 448.638013 536.233058 451.794104 508.271821 523.601406 76.156841 76.156841 -0.000000 4.548508 5.083718 0 
468 375.932729 473.329884 407.020985 470.209042 415.352836 674.490320 204.360678 204.360678 0.000000 4.518878 4.671625 0 
477 293.485955 402.067931 290.889153 360.001598 659.863857 364.418697 368.892315 368.892315 0.000000 3.039191 3.153563 0 
480 374.986400 540.784295 394.058586 538.686883 397.122851 623.486201 85.021592 85.021592 0.000000 4.450854 4.676269 0 
489 383.998158 443.023870 407.168852 444.811959 391.100445 527.671582 84.320938 84.320938 -0.000000 4.628681 4.903935 0 
494 136.500292 484.671432 167.025377 479.845555 160.641088 541.119484 61.387319 61.387319 0.000000 4.308264 4.816207 0 
497 105.042650 203.279098 79.844210 202.878082 92.837208 166.947936 37.996349 37.996349 0.000000 1.246693 1.917784 0 
516 319.655387 447.685781 348.993953 447.085140 334.560660 509.843024 64.044878 64.044878 0.000000 4.477034 4.938442 0 
536 664.939261 307.991680 661.400365 342.047529 301.380972 285.191484 364.167490 364.167490 0.000000 0.062632 0.156631 0 
545 598.928538 270.307461 614.076807 268.744336 614.085443 347.058448 77.982383 77.982383 0.000000 4.517416 4.712279 0 
549 344.986521 667.937508 327.711750 671.663637 277.995121 425.200725 251.460410 251.460410 -0.000000 1.301516 1.371747 0 
576 667.536520 323.948461 664.631785 350.070254 551.426487 323.570713 115.712458 115.712458 -0.000000 0.003253 0.229944 0 
588 612.942485 471.679743 637.322304 478.563024 618.560186 505.732613 33.919376 33.919376 -0.000000 4.548892 5.316748 0 
634 215.011664 323.623638 176.006604 324.353128 188.550728 -5.701629 330.001420 330.001420 0.000000 1.490620 1.608784 0 
649 406.976943 263.537282 351.992378 261.177618 420.813462 -733.066674 996.406252 996.406252 -0.000000 1.584679 1.639906 0 
