1 263.597530 187.211257 277.362493 248.015959 171.709298 240.208918 106.170525 106.170525 -0.000000 5.760028 0.073759 0.000000
3 195.235667 141.138985 239.749428 161.277214 181.243388 232.818703 92.550323 92.550323 -0.000000 4.863842 5.397885 0.000000
4 82.195888 228.034320 124.228317 157.287233 174.784329 235.526461 92.698898 92.698898 -0.000000 3.222335 4.138709 0.000000
10 319.232144 464.106225 338.684964 454.967050 330.215924 462.432860 11.212238 11.212238 -0.000000 2.990406 5.560662 0.000000
11 275.807069 258.941415 240.422865 315.465103 182.548047 239.852877 94.984357 94.984357 0.000000 0.201894 0.917502 0.000000
12 246.890358 166.227696 261.733842 185.108941 186.718358 233.809338 89.918521 89.918521 0.000000 5.439853 5.707369 0.000000
14 136.955537 149.884688 188.011256 140.620730 181.039058 249.703039 109.398189 109.398189 0.000000 4.296511 4.776219 0.000000
16 57.872372 399.079265 63.498092 377.797828 65.682933 389.849641 12.125371 11.816194 0.947092 2.273109 4.533049 0.000000
17 213.071552 330.198157 186.847449 335.868479 183.130197 248.031804 87.701185 87.701185 0.000000 1.221352 1.528502 0.000000
21 63.919723 378.072354 74.818407 397.897981 61.939846 392.581603 16.899842 13.459383 -0.621348 4.848008 0.391499 0.000000
22 338.168961 471.053665 319.525979 464.114767 330.246726 462.204782 11.175683 11.175683 -0.000000 0.840595 2.965285 0.000000
25 74.929855 397.907767 58.152888 398.793534 65.801727 389.972149 11.952790 11.952790 -0.000000 0.715626 2.285122 0.000000
