2 78.000477 390.000156 54.019034 385.999858 65.779619 389.736212 12.144381 11.956189 1.460681 0.021594 3.449209 0.000000
6 89.657073 277.449012 85.291911 212.724130 187.978324 237.836966 106.099041 106.099041 -0.000000 2.758603 3.381443 0.000000
8 253.708623 302.647658 229.021201 323.376427 180.371038 237.950811 97.866526 97.866526 -0.000000 0.722881 1.053103 0.000000
10 134.854135 326.203091 105.477182 302.515846 184.936641 233.768858 104.767181 104.767181 -0.000000 2.067336 2.428350 0.000000
11 149.130808 144.660434 194.000095 140.997158 180.383746 253.108461 112.734961 112.734961 0.000000 4.431808 4.833251 0.000000
12 337.524196 470.373717 338.224454 470.054665 330.221903 462.245035 11.051410 11.031888 -0.339773 0.838901 0.773198 0.000000
13 262.064745 184.961851 275.372452 261.181184 175.502352 238.681912 102.172248 102.172248 0.000000 5.727761 0.221586 0.000000
14 197.845899 141.518038 230.352823 154.425785 182.839375 228.788602 88.139640 88.139640 -0.000000 4.882678 5.280950 0.000000
15 86.240082 208.099666 101.705951 179.559129 178.740842 237.399227 96.784132 96.784132 -0.000000 3.448344 3.785625 0.000000
19 101.378808 179.310733 113.174552 166.165863 153.135049 211.763248 60.677564 60.677564 -0.000000 3.701648 3.992780 0.000000
22 54.095388 385.091156 77.795126 389.052362 65.752401 389.756026 12.080642 12.080642 0.000000 3.522252 6.224821 0.000000
