7 83.687143 224.063554 94.683375 189.402460 166.826282 234.280976 84.631231 84.631231 -0.000000 3.263875 3.698088 0.000000
9 193.950528 141.311832 234.836077 157.218850 181.837281 229.670737 89.420946 89.420946 -0.000000 4.848631 5.343947 0.000000
10 55.943468 382.947481 73.278974 380.728329 65.896639 390.101659 12.392675 12.392675 0.000000 3.764814 5.379517 0.000000
16 150.059515 331.857490 112.720431 309.268365 180.101711 239.762959 96.903703 96.903703 -0.000000 1.886123 2.340678 0.000000
18 236.626944 318.359347 196.015630 335.074621 173.706877 230.217043 107.733275 107.733275 0.000000 0.950838 1.361169 0.000000
21 340.628590 457.856744 333.576112 472.942551 329.380697 462.101425 11.899471 11.899471 0.000000 5.922334 1.201555 0.000000
22 326.678642 473.108871 329.060030 451.445150 330.182106 462.128144 11.089493 11.089493 0.000000 1.879642 4.607739 0.000000
25 73.716928 380.172357 70.032774 401.051693 65.722377 389.738617 12.036272 12.036272 0.000000 5.408524 1.206767 0.000000
26 330.217207 451.049355 339.839182 458.024311 330.291628 462.624512 11.435946 11.435946 -0.000000 4.705960 5.834187 0.000000
27 234.846345 157.207317 260.730763 184.054910 190.800138 227.550628 82.799204 82.799204 0.000000 5.271822 5.726758 0.000000
