1 223.446060 101.709667 185.086574 101.485764 204.325247 97.948348 18.985936 18.985936 0.000000 0.194233 2.959754 0.000000
2 197.969986 79.484703 223.105965 100.996700 204.832320 96.553683 18.436318 17.692563 0.318737 4.330129 0.238510 0.000000
3 468.974000 324.879653 431.681986 314.199070 459.145342 289.364869 36.918981 36.918981 0.000000 1.300805 2.406425 0.000000
7 248.975015 262.060365 277.916046 281.075041 236.983262 311.555533 50.736021 50.736021 -0.000000 4.950090 5.643119 0.000000
9 423.300772 288.062768 450.620773 254.086745 456.891398 287.987551 33.937163 33.937163 0.000000 3.139353 4.529486 0.000000
13 185.671832 101.069389 192.141772 84.255357 204.830564 97.718739 19.510393 19.510393 0.000000 2.968455 3.956601 0.000000
15 478.268153 258.640839 490.052345 309.532380 459.261015 289.640604 36.594514 36.594514 -0.000000 5.262413 0.573571 0.000000
19 449.950405 253.051209 476.220672 257.530830 457.353284 303.394810 50.216470 50.216470 -0.000000 4.566388 5.102665 0.000000
21 220.080782 372.791270 185.435377 346.885677 230.877048 320.252803 53.095895 53.095895 -0.000000 1.773468 2.611464 0.000000
23 178.521804 303.087243 195.901059 274.871866 230.681837 315.454609 53.657890 53.657890 0.000000 3.374398 4.003826 0.000000
25 486.669852 315.064367 470.701175 325.114138 456.365329 286.281199 40.986357 40.986357 0.000000 0.759656 1.217149 0.000000
