1 185.845526 101.196605 222.886297 103.000026 204.263676 97.685711 18.976961 18.976961 -0.000000 2.953231 0.277980 0.000000
2 481.053414 259.954916 480.787225 259.496266 459.333225 289.726700 36.560272 36.560272 -0.000000 5.342677 5.329584 0.000000
3 182.771899 342.581536 179.282000 299.053699 242.852561 317.035999 65.960204 65.960204 0.000000 2.739563 3.417262 0.000000
4 180.908323 296.972207 270.571653 273.616149 233.267561 317.147390 56.899575 56.899575 0.000000 3.509382 5.420904 0.000000
5 264.033950 366.083847 200.533337 362.754350 233.755344 314.503115 59.621940 59.621940 0.000000 1.039980 2.173777 0.000000
6 218.667148 110.510888 200.963511 116.552129 203.810385 96.056451 20.700675 20.700675 -0.000000 0.771673 1.708814 0.000000
7 291.264314 314.037725 287.827354 338.118087 220.698440 316.984892 69.818446 69.818446 -0.000000 6.241445 0.304993 0.000000
9 200.504945 116.923756 185.351273 101.816707 204.180905 98.482314 18.514179 18.514179 0.000000 1.767549 2.966327 0.000000
10 199.715522 363.308806 184.178054 345.870838 226.789558 324.458165 47.189601 47.189601 -0.000000 2.179422 2.675940 0.000000
13 287.306319 338.189833 263.882608 365.355095 236.829805 320.528299 52.709537 52.709537 -0.000000 0.336582 1.027810 0.000000
