2 206.370211 115.591931 198.532885 78.708853 203.799629 97.891107 18.798192 18.798192 -0.000000 1.426581 4.444429 0.000000
3 484.737999 315.804761 460.880203 326.328699 459.967818 292.607515 33.721589 33.721589 -0.000000 0.752618 1.543746 0.000000
6 176.698214 325.025141 181.391625 294.687679 245.626747 318.597813 68.880513 68.880513 0.000000 3.048615 3.497931 0.000000
10 424.630123 278.883774 441.408250 257.544970 459.794981 290.251614 37.317651 37.317651 -0.000000 3.454262 4.200249 0.000000
11 196.899219 273.870050 254.012106 264.992397 234.189743 319.330974 59.053971 59.053971 0.000000 4.025406 5.062182 0.000000
12 460.221225 325.727074 433.031384 315.951153 459.855200 289.850382 36.729521 36.729521 -0.000000 1.560594 2.369855 0.000000
13 198.968545 78.923937 222.643099 100.135813 204.561884 97.596427 18.774956 18.774956 -0.000000 4.421345 0.139531 0.000000
17 481.466257 260.570277 485.574414 315.711802 458.686063 289.585362 37.096956 37.096956 -0.000000 5.377988 0.771027 0.000000
19 222.849038 101.160515 209.017941 117.026036 203.727382 96.976430 19.921807 19.921807 -0.000000 0.215419 1.312804 0.000000
20 259.546355 266.173718 287.520025 299.101018 239.084401 312.676226 50.294416 50.294416 0.000000 5.126911 6.009923 0.000000
