1 432.672410 315.574066 426.667217 272.550514 462.640190 289.192001 39.782670 39.782670 0.000000 2.419742 3.574884 0.000000
3 253.254654 370.829615 200.225523 362.801199 233.708224 314.718898 59.436719 59.436719 -0.000000 1.235588 2.179077 0.000000
4 218.593101 85.356185 218.769427 84.666935 204.235516 97.786064 19.030634 19.030634 -0.000000 5.569626 5.548904 0.000000
5 470.088736 324.789040 443.477875 323.149736 459.851965 284.197301 41.949788 41.949788 -0.000000 1.323759 1.968731 0.000000
6 196.659167 360.414293 176.786363 318.934234 231.187627 318.695200 54.232038 54.232038 0.000000 2.262166 3.137199 0.000000
8 457.865237 252.645298 475.155348 256.256129 456.099918 305.445588 52.338801 52.338801 0.000000 4.745810 5.081976 0.000000
9 437.661503 260.688633 456.010920 253.575284 458.721459 288.124652 34.894373 34.894373 -0.000000 4.057717 4.634095 0.000000
12 475.004566 257.233646 485.108624 315.148914 459.276171 289.646883 36.593546 36.593546 -0.000000 5.164164 0.778962 0.000000
17 257.198958 265.518862 288.182867 299.911463 237.225311 314.072980 52.527570 52.527570 -0.000000 5.102657 6.012117 0.000000
18 234.985986 260.312995 255.867719 264.440708 233.605908 316.312328 56.155015 56.155015 -0.000000 4.737029 5.117787 0.000000
