1 255.076797 69.242834 212.495736 58.860239 246.668752 12.875005 57.337433 57.337433 -0.000000 1.422724 2.209886 0.000000
2 16.839940 343.255044 61.009081 309.278449 55.318914 347.981254 38.542927 38.542927 0.000000 3.263806 4.858365 0.000000
3 24.969426 374.014286 17.198496 346.003373 56.788686 348.899640 39.952738 39.952738 -0.000000 2.473416 3.214619 0.000000
4 289.845720 47.833506 255.817336 69.497462 246.506032 18.601123 51.535056 51.535056 -0.000000 0.593402 1.389851 0.000000
5 89.184239 326.452429 87.062842 373.055637 56.152835 349.971611 39.850633 39.850633 -0.000000 5.664434 0.641459 0.000000
6 298.302504 10.952817 296.807406 33.054618 234.098306 18.340215 63.978537 63.978537 0.000000 6.168628 0.230476 0.000000
7 199.384802 43.222783 196.706923 -0.124660 248.979952 17.366530 55.659674 55.659674 0.000000 2.661014 3.464494 0.000000
9 52.148257 388.015611 26.399346 374.592716 55.428467 351.508577 36.807837 36.807837 -0.000000 1.660407 2.469782 0.000000
10 86.923430 373.926070 52.871774 387.634199 56.905166 349.648786 38.553387 38.553387 0.000000 0.680054 1.676583 0.000000
12 61.229840 309.241491 82.488084 319.527088 56.639788 347.985948 38.748690 38.748690 -0.000000 4.830309 5.449754 0.000000
