1 260.002358 271.010205 221.141092 272.523375 235.960347 179.733985 94.486666 94.486666 -0.000000 1.313248 1.729167 0.000000
2 165.979116 16.749679 207.360222 23.791732 170.815102 112.063522 95.347877 95.347877 -0.000000 4.661695 5.104912 0.000000
7 162.449831 228.479795 155.117430 179.930629 247.228218 190.709915 92.866795 92.866795 0.000000 2.722476 3.258088 0.000000
8 184.690206 255.457183 163.287377 228.682561 231.083986 195.452571 75.888534 75.888534 -0.000000 2.228962 2.685862 0.000000
9 90.335445 99.021605 99.784974 61.777146 181.678442 100.922458 91.502408 91.502408 -0.000000 3.162400 3.587488 0.000000
11 415.749505 85.234790 434.469991 117.874131 362.662988 139.425129 75.474255 75.474255 0.000000 5.487498 5.991615 0.000000
15 319.996871 61.988475 350.141591 57.230302 354.254225 166.408214 109.857766 109.857766 -0.000000 4.395380 4.674738 0.000000
16 247.617200 64.142479 255.263494 95.070905 175.024912 99.740898 80.509288 80.509288 0.000000 5.827256 6.225050 0.000000
17 120.734823 163.307723 90.463074 100.981681 172.683177 99.167430 82.524393 82.524393 -0.000000 2.251555 3.119530 0.000000
23 350.956748 56.353862 372.129348 58.941754 349.401881 165.890618 109.063901 109.063901 0.000000 4.726583 4.921782 0.000000
24 207.282466 24.399812 247.419701 63.749424 178.310395 93.808629 75.019343 75.019343 0.000000 5.107815 5.872916 0.000000
29 139.472136 23.379101 162.071171 17.442752 171.795675 92.795837 76.172539 76.172539 0.000000 4.276601 4.584046 0.000000
31 372.916990 59.228971 402.860163 73.249695 349.444829 146.257858 90.034078 90.034078 0.000000 4.975826 5.344033 0.000000
33 290.266338 80.310322 305.748418 69.493202 371.274405 172.066821 122.253116 122.253116 -0.000000 3.989125 4.143914 0.000000
