2 169.656291 239.262635 155.023750 180.908398 239.470800 191.320841 85.206850 85.206850 0.000000 2.539847 3.264275 0.000000
4 129.657314 29.713071 222.851450 33.245483 172.118482 102.449323 85.570290 85.570290 0.000000 4.183990 5.344983 0.000000
5 152.184302 179.497324 106.455523 148.462248 170.895599 101.857616 79.428013 79.428013 -0.000000 1.807288 2.515449 0.000000
6 348.958665 56.556586 394.816923 68.416167 349.757851 149.492122 92.851368 92.851368 -0.000000 4.703790 5.219647 0.000000
7 100.587349 138.496003 109.983301 45.984825 174.315186 99.331029 83.991022 83.991022 0.000000 2.653290 3.833907 0.000000
8 283.047155 88.069845 347.912171 56.436396 349.929188 141.979800 85.350970 85.350970 0.000000 3.820009 4.688814 0.000000
9 245.959885 61.017540 254.327239 86.162009 174.458326 98.246172 80.646930 80.646930 0.000000 5.803140 6.133024 0.000000
17 311.725579 224.157143 277.447854 263.670870 241.472518 196.216486 76.183182 76.183182 -0.000000 0.378535 1.080843 0.000000
20 401.938620 217.889757 325.720698 230.008856 350.030851 139.405215 94.204852 94.204852 0.000000 0.986466 1.832935 0.000000
21 400.898707 71.093174 432.792601 111.634493 353.742676 143.675484 85.278191 85.278191 0.000000 5.288547 5.898096 0.000000
