4 241.256724 53.516731 255.247500 106.033495 169.964174 99.450617 85.197355 85.197355 0.000000 5.710827 0.077036 0.000000
6 288.411534 256.670575 216.863008 272.040185 236.351174 188.506920 85.714779 85.714779 0.000000 0.918550 1.799995 0.000000
9 351.101547 234.121215 319.858531 227.070992 350.570325 144.948940 88.791979 88.791979 -0.000000 1.564839 1.928670 0.000000
11 423.993386 95.432262 436.437286 167.326681 346.679320 145.694566 92.502069 92.502069 -0.000000 5.706736 0.236495 0.000000
16 90.949497 98.013624 92.829371 77.969551 168.643669 98.899565 78.407570 78.407570 0.000000 3.152995 3.410953 0.000000
17 363.034608 57.765283 410.832701 80.204388 352.347926 140.843972 83.974667 83.974667 -0.000000 4.840320 5.479700 0.000000
18 432.811489 178.399145 410.520288 211.611226 351.036190 145.647041 88.074294 88.074294 0.000000 0.380949 0.837008 0.000000
19 409.276799 211.287851 371.772557 231.266745 353.471970 150.098973 83.016239 83.016239 0.000000 0.831386 1.349038 0.000000
22 309.964256 230.679682 288.065211 256.100113 249.959264 202.615167 65.645656 65.645656 -0.000000 0.437478 0.951756 0.000000
23 92.844037 122.148642 89.869570 99.016772 171.098452 98.827483 80.909313 80.909313 0.000000 2.851956 3.139262 0.000000
24 180.285586 252.768227 154.559427 179.998843 237.484380 191.779966 83.259269 83.259269 0.000000 2.324142 3.282718 0.000000
25 187.379222 17.737769 216.831823 29.324809 175.344942 91.180802 74.127286 74.127286 0.000000 4.874804 5.303179 0.000000
26 130.049762 29.055883 165.116914 16.469824 174.988932 104.200244 87.934844 87.934844 -0.000000 4.173413 4.600334 0.000000
27 97.479663 65.257708 116.415803 38.220264 166.109544 94.359058 74.388704 74.388704 -0.000000 3.542644 3.987814 0.000000
28 279.673228 92.385094 328.179779 59.596191 347.603763 140.439699 83.012596 83.012596 0.000000 3.757273 4.476592 0.000000
