1 279.066677 263.157172 232.914428 273.793414 233.171078 178.906655 95.638665 95.638665 0.000000 1.071992 1.573501 0.000000
3 249.477149 68.835086 254.838630 110.023157 161.894254 99.296030 93.227743 93.227743 0.000000 5.948476 0.114906 0.000000
4 160.974390 17.912542 221.787831 32.663420 172.306395 100.971855 84.258587 84.258587 0.000000 4.576793 5.339292 0.000000
6 359.978268 57.167897 394.447876 67.986399 349.379954 149.367187 92.857205 92.857205 -0.000000 4.826837 5.218138 0.000000
7 418.226350 88.728264 437.274831 135.182138 354.791262 145.597224 85.055222 85.055222 0.000000 5.552312 6.157581 0.000000
15 97.014832 132.625195 91.386484 81.964712 177.511920 98.439285 87.272658 87.272658 0.000000 2.739989 3.330595 0.000000
16 92.599564 82.035208 116.533995 39.298877 168.978075 97.183194 78.345333 78.345333 -0.000000 3.337380 3.976260 0.000000
17 353.012263 233.555562 313.763315 225.601806 351.351647 140.224366 93.494776 93.494776 0.000000 1.553005 1.985522 0.000000
19 267.302402 115.689246 296.446838 75.327615 351.502798 145.571654 89.310051 89.310051 0.000000 3.482623 4.047616 0.000000
21 406.177252 214.232314 366.981864 231.862854 351.283101 147.260426 86.563551 86.563551 -0.000000 0.884182 1.387324 0.000000
27 191.390646 260.798390 171.209308 241.466098 226.420458 203.492219 67.045886 67.045886 -0.000000 2.119465 2.539106 0.000000
32 221.317583 33.315004 249.471501 68.779406 177.065635 97.502874 78.114736 78.114736 0.000000 5.315974 5.905526 0.000000
