5 6.451840 171.811539 23.717330 153.644497 48.973772 197.005864 49.893838 49.893838 0.000000 3.676481 4.184963 0.000000
7 128.825451 78.079093 137.550118 53.389914 166.797311 77.890899 38.131885 38.131885 0.000000 3.136637 3.838915 0.000000
9 274.341542 292.158327 254.027866 303.063076 238.812103 249.159851 55.781639 55.781639 -0.000000 0.880226 1.295675 0.000000
11 48.960679 145.330248 72.961152 150.094181 49.889753 209.188962 63.560279 63.560279 -0.000000 4.697841 5.084604 0.000000
14 239.981203 198.276007 283.290374 219.855174 241.349337 250.506494 52.194631 52.194631 -0.000000 4.686201 5.652073 0.000000
15 202.875837 213.849908 229.005896 200.107636 238.555825 247.748945 48.990643 48.990643 0.000000 3.901400 4.514556 0.000000
17 189.162415 238.732128 202.635853 215.325079 239.184122 249.556471 50.946355 50.946355 -0.000000 3.354700 3.894269 0.000000
20 218.020917 299.228419 192.325703 273.421146 238.376285 255.414895 48.688657 48.688657 -0.000000 2.005718 2.768860 0.000000
22 43.994286 250.820484 0.076177 210.976470 50.790193 200.241822 51.537544 51.537544 -0.000000 1.704360 2.933001 0.000000
24 195.127936 103.142559 151.762406 112.789882 166.502495 76.752554 39.034106 39.034106 -0.000000 0.744788 1.959057 0.000000
25 74.975695 151.040520 101.765380 180.127755 53.847328 197.061076 50.464549 50.464549 0.000000 5.142791 5.943502 0.000000
