1 253.017625 303.316916 190.401792 269.332938 234.406571 266.363943 45.664113 36.464406 0.395041 1.104240 3.074225 0.000000
2 159.002782 39.931501 202.629060 63.573915 167.363095 78.114315 38.111131 38.111131 -0.000000 4.496836 5.892115 0.000000
4 145.144980 109.015402 128.877981 72.935697 167.101246 78.171334 38.198994 38.198994 0.000000 2.189429 3.277721 0.000000
5 20.717354 155.479271 62.026856 146.462935 51.542935 199.493295 53.689508 53.689508 0.000000 4.101423 4.907569 0.000000
6 195.091930 224.065961 250.003281 198.669635 240.174568 251.778557 53.300285 53.300285 0.000000 3.692756 4.895386 0.000000
9 76.818542 151.806029 34.918450 249.613503 51.966644 198.752672 52.955327 52.955327 0.000000 5.199252 1.894220 0.000000
10 273.028970 293.034771 252.963803 302.866451 238.362116 248.361428 56.741468 56.741468 -0.000000 0.910857 1.309046 0.000000
15 -0.402189 191.937013 20.795266 155.767207 48.463820 196.581361 49.201259 49.201259 0.000000 3.236351 4.116639 0.000000
16 203.953167 84.978848 178.744061 114.585566 168.746171 79.124028 35.865466 35.865466 -0.000000 0.164789 1.295993 0.000000
24 34.605849 249.668070 14.955827 238.074871 48.151213 203.705120 47.030651 47.030651 -0.000000 1.857385 2.338815 0.000000
