1 204.329788 78.960581 148.936818 111.100804 168.955845 83.743625 35.736713 31.485141 -0.319032 6.148787 2.202525 0.000000
2 158.162587 41.249699 201.937737 77.974414 172.544504 68.498200 33.312187 27.027704 0.552423 4.226745 0.311873 0.000000
5 196.206250 222.526256 253.041147 199.118817 240.189790 252.208012 53.741243 53.741243 0.000000 3.735231 4.949891 0.000000
7 277.590239 288.747172 213.853115 297.383346 240.988170 248.491910 55.549533 55.549533 0.000000 0.832895 2.077475 0.000000
8 101.642486 183.577661 88.899170 235.777221 51.714608 198.990995 53.001452 53.001452 -0.000000 5.983755 0.780013 0.000000
9 2.622575 178.350317 23.831491 153.716844 47.984136 195.802981 48.356006 48.356006 0.000000 3.508880 4.191392 0.000000
11 56.012812 251.714361 27.355697 246.071476 52.283477 193.160597 58.502092 58.502092 -0.000000 1.507191 2.011080 0.000000
12 27.146747 245.464338 -0.743967 206.196684 48.436706 201.407283 49.017390 49.017390 0.000000 2.020943 3.044515 0.000000
14 27.284477 151.645469 47.998329 145.984977 52.185421 199.052569 53.431793 53.431793 -0.000000 4.228740 4.633651 0.000000
19 130.810793 65.439162 144.871412 46.797581 165.340691 75.798993 35.788014 35.788014 0.000000 3.433072 4.097779 0.000000
20 262.030043 202.904158 288.541824 227.322241 243.901558 248.343327 48.883065 48.883065 0.000000 5.092000 5.843088 0.000000
27 60.940276 146.203584 94.540340 167.378494 52.891880 195.968916 50.209114 50.209114 -0.000000 4.872728 5.681598 0.000000
