1 168.041990 115.513003 132.084559 62.032319 160.336768 81.292107 35.031197 30.731152 1.086934 1.349328 3.739937 0.000000
3 213.274726 205.602625 264.816746 204.251816 241.196141 255.097617 56.780405 56.780405 0.000000 4.198765 5.147280 0.000000
4 247.073703 303.925680 218.156925 299.458833 241.889343 239.343998 64.795615 64.795615 0.000000 1.490692 1.946799 0.000000
5 143.984329 47.987418 168.981248 39.761875 165.695003 77.363015 37.453055 37.453055 0.000000 4.075919 4.799565 0.000000
6 204.495441 78.990455 181.883409 112.801495 168.580416 79.156313 35.914715 35.914715 -0.000000 6.278567 1.194270 0.000000
9 289.780712 272.278634 247.967481 303.864692 241.895747 253.106400 51.008946 51.008946 0.000000 0.380835 1.451741 0.000000
17 51.048325 251.134649 8.664425 228.540598 50.250602 201.700615 49.924354 49.924354 0.000000 1.554661 2.568453 0.000000
18 168.999231 40.040068 204.155016 72.020442 184.545196 57.198430 23.200501 10.487187 0.719000 3.976253 0.647232 0.000000
19 218.053211 298.889699 192.639141 273.183537 238.345931 253.508179 49.849184 49.849184 -0.000000 1.991285 2.735099 0.000000
22 5.566085 173.108014 29.080726 151.235261 48.533027 194.914566 48.192637 48.192637 0.000000 3.611238 4.293414 0.000000
