1 104.260138 204.983273 78.329970 244.535262 54.365707 200.109373 50.304928 50.304928 0.000000 0.097375 1.076111 0.000000
6 87.139900 158.877867 104.649263 205.000003 50.337241 198.811841 54.385520 54.385520 0.000000 5.457004 0.113448 0.000000
7 262.474141 202.923876 283.332384 220.890132 245.354649 244.131582 44.729693 44.729693 -0.000000 5.106138 5.734007 0.000000
9 190.238363 47.750053 204.543743 75.063032 166.891329 77.794259 37.981038 37.981038 0.000000 5.373003 6.210774 0.000000
17 284.980636 221.539105 291.329125 266.123751 237.063604 252.481809 56.753773 56.753773 0.000000 5.709799 0.246289 0.000000
18 196.555786 279.687519 188.034699 256.146504 242.764309 250.238622 55.288171 55.288171 0.000000 2.574194 3.034062 0.000000
19 68.281783 249.082433 42.995648 251.495582 51.069358 194.799868 56.935148 56.935148 0.000000 1.263736 1.712250 0.000000
21 0.157420 190.997602 15.876918 160.726194 45.081191 195.335701 45.696324 45.696324 -0.000000 3.237860 4.011492 0.000000
23 159.043183 114.535492 136.083903 99.942437 166.486229 78.092713 37.744012 37.744012 -0.000000 1.772265 2.518436 0.000000
26 135.220753 56.412909 156.329876 40.695673 165.167262 76.723096 36.413327 36.413327 0.000000 3.737548 4.471842 0.000000
