3 202.343959 62.777814 202.426927 92.084084 163.310695 77.608139 41.332464 41.332464 0.000000 5.920090 0.354446 0.000000
4 56.877308 145.468234 74.011058 149.957799 50.523715 205.753898 60.113501 60.113501 0.000000 4.817393 5.110824 0.000000
6 133.642738 93.636969 156.069803 41.426331 166.466046 77.462410 37.799978 37.799978 0.000000 2.683740 4.431520 0.000000
7 291.115938 236.885620 293.330769 258.013274 226.969699 249.586645 66.587378 66.587378 0.000000 6.087713 0.126306 0.000000
12 188.885188 47.453060 199.919109 60.031804 173.776830 70.549258 28.241588 28.241588 0.000000 5.291675 5.900684 0.000000
18 276.587725 212.422859 291.440743 235.218197 238.309014 252.393059 55.640635 55.640635 -0.000000 5.476174 5.970537 0.000000
20 1.153060 183.024865 34.254862 148.594058 49.464713 196.912329 50.350817 50.350817 -0.000000 3.421502 4.407424 0.000000
21 45.022636 251.246127 17.626024 239.583823 53.853924 196.109617 56.315176 56.315176 -0.000000 1.729619 2.265526 0.000000
26 7.133476 228.946692 -1.062669 208.424406 57.633060 196.746560 59.216959 59.216959 -0.000000 2.573961 2.945201 0.000000
32 204.559178 289.554482 188.234969 258.944594 239.305409 252.234528 51.361932 51.361932 0.000000 2.320496 3.010953 0.000000
