2 145.823787 281.132975 169.377925 342.058642 81.803318 341.937652 87.902583 87.902583 0.000000 5.523544 0.001382 0.000000
3 27.534848 269.223040 67.115548 253.518082 78.030053 337.033844 84.190269 84.190269 0.000000 4.072322 4.582437 0.000000
4 75.185334 202.221348 23.145927 206.570828 45.468484 152.817251 58.325217 58.325217 0.000000 1.029270 1.964402 0.000000
5 169.735790 348.957607 162.830219 377.316510 81.959668 342.608652 87.920980 87.920980 -0.000000 0.072205 0.405404 0.000000
7 4.525030 121.646913 29.451763 106.166224 43.659080 152.088399 48.703696 48.703696 0.000000 3.802698 4.412351 0.000000
11 459.979313 239.470740 454.119389 216.982050 483.632169 220.975546 29.700288 29.700288 -0.000000 2.477959 3.276090 0.000000
15 47.996660 103.019339 99.719514 159.048838 47.644435 155.312413 51.778617 51.778617 0.000000 4.719124 0.071628 0.000000
18 18.984705 204.028524 3.206043 190.792747 44.137728 159.946155 50.989389 50.989389 0.000000 2.089311 2.495784 0.000000
19 160.956208 381.975646 121.738441 422.593539 85.478311 347.963497 82.524472 82.524472 -0.000000 0.423373 1.118520 0.000000
22 467.182729 197.195655 498.433573 198.265526 481.672078 220.982467 28.270906 28.270906 0.000000 4.165281 5.348063 0.000000
