1 455.942550 209.251322 491.009089 193.452215 480.016788 214.021972 24.881931 21.021321 -0.201027 3.337222 5.203170 0.000000
2 52.045345 211.194938 24.955066 207.128054 45.923935 151.744723 59.490979 59.490979 -0.000000 1.468191 1.932731 0.000000
4 61.015344 255.044809 97.022269 254.963388 79.212681 344.245276 91.460247 91.460247 0.000000 4.511145 4.909281 0.000000
6 58.825251 104.419078 94.457155 134.180237 47.996994 154.362769 50.635276 50.635276 -0.000000 4.925894 5.873375 0.000000
7 95.326168 133.916053 96.771410 175.363664 34.450394 157.488505 65.197558 65.197558 -0.000000 5.913743 0.279325 0.000000
8 168.615772 357.914079 137.643743 411.684842 82.026700 342.899458 88.088019 88.088019 -0.000000 0.171694 0.890858 0.000000
10 488.072907 248.677322 456.163093 232.591741 481.338059 219.521688 28.936993 28.936993 0.000000 1.343782 2.662728 0.000000
12 12.140349 283.151129 49.026389 258.058265 79.433812 342.014890 89.281956 89.281956 -0.000000 3.860271 4.364905 0.000000
16 82.812737 195.866778 52.242315 211.036880 48.792828 162.955983 47.744367 47.744367 0.000000 0.768829 1.499176 0.000000
23 25.838492 105.924089 58.169224 104.553169 45.834089 168.867734 65.569125 65.569125 -0.000000 4.404797 4.901882 0.000000
34 13.168197 200.838579 0.900152 188.055538 54.694234 147.794489 66.972843 66.972843 -0.000000 2.234998 2.499098 0.000000
36 98.012897 254.802267 123.125811 263.722707 70.408807 361.547239 110.822553 110.822553 0.000000 4.965444 5.206665 0.000000
