2 72.637449 204.534055 39.978108 211.115657 46.407006 152.645519 58.409328 58.409328 0.000000 1.102746 1.680308 0.000000
3 464.983812 243.019471 455.737253 211.272417 482.779007 221.043554 28.937578 28.937578 0.000000 2.251460 3.488330 0.000000
6 161.505095 380.251578 131.386699 416.498398 89.619312 351.411583 77.121549 77.121549 0.000000 0.381533 1.000265 0.000000
8 96.740447 141.192068 97.220626 174.049022 49.658437 157.375110 50.226655 50.226655 0.000000 5.952116 0.337183 0.000000
13 456.341530 208.551757 498.123609 197.734418 480.660961 213.091081 25.133356 20.023124 -0.123923 3.326123 5.561868 0.000000
16 88.809486 188.935206 72.567664 204.026228 53.347377 166.927817 41.986676 41.986676 0.000000 0.555421 1.092782 0.000000
19 -0.167731 129.920960 25.156754 107.365059 43.280819 153.917404 50.052896 50.052896 -0.000000 3.646197 4.341118 0.000000
22 60.883922 105.312197 90.612881 127.709109 45.846667 156.521130 53.501169 53.501169 -0.000000 4.998005 5.711315 0.000000
28 133.827773 271.382778 157.193267 296.874086 83.847501 338.839553 84.425794 84.425794 0.000000 5.350055 5.763488 0.000000
34 489.882535 247.600192 464.722058 243.487602 481.617915 219.308478 29.455146 29.455146 -0.000000 1.286583 2.180702 0.000000
