1 88.075560 191.075958 23.717660 206.978555 45.970067 156.089877 55.120182 55.120182 0.000000 0.693309 1.983019 0.000000
2 22.767416 206.370828 -0.714360 184.438147 41.148050 162.340667 47.335221 47.335221 -0.000000 1.966259 2.655906 0.000000
5 465.883157 244.140386 462.939910 198.958084 472.116186 220.257209 24.519197 18.023232 -1.523534 1.826082 4.305592 0.000000
7 167.699144 362.919023 156.956944 388.966291 62.900077 334.562810 108.710122 108.710122 0.000000 0.264250 0.524394 0.000000
10 53.055799 257.126097 102.099500 255.443739 79.754313 354.823165 101.901695 101.901695 0.000000 4.445624 4.933558 0.000000
13 16.255302 406.785129 4.304363 392.585473 60.834934 357.318066 66.221547 66.221547 0.000000 2.304273 2.583810 0.000000
15 465.827852 197.674166 498.788197 199.131189 482.087111 222.585982 29.810794 29.810794 -0.000000 4.134137 5.331159 0.000000
16 42.175762 424.669681 19.256933 409.669601 82.578584 337.493861 95.963841 95.963841 -0.000000 2.004790 2.290942 0.000000
17 95.738978 136.077402 98.905278 161.421783 37.376795 158.212679 62.385455 62.385455 -0.000000 5.920673 0.052109 0.000000
22 10.746923 285.901501 35.121031 264.164930 78.440647 340.405314 87.399132 87.399132 0.000000 3.819468 4.195682 0.000000
25 487.033201 248.405099 465.884690 244.236604 481.483847 221.793061 27.088437 27.088437 -0.000000 1.365214 2.178186 0.000000
