2 475.273879 248.382131 461.107087 202.166269 481.822867 220.936662 28.133818 28.133818 -0.000000 1.805034 3.877763 0.000000
4 68.975084 252.663140 136.540902 273.681356 79.382655 344.887425 92.156437 92.156437 -0.000000 4.600014 5.388784 0.000000
5 -0.586030 130.738380 56.105763 104.403410 45.083253 156.263151 52.965210 52.965210 0.000000 3.651247 4.921817 0.000000
6 460.523659 201.737534 493.948001 194.486478 481.971015 223.190696 30.299601 30.299601 -0.000000 3.927126 5.107682 0.000000
8 109.233665 427.888510 48.095264 426.613365 79.027360 339.061774 93.650122 93.650122 -0.000000 1.243005 1.910409 0.000000
9 99.351662 147.983638 87.611255 191.743374 40.287499 156.461295 59.362584 59.362584 -0.000000 6.140626 0.640645 0.000000
11 74.174986 203.359802 29.783801 208.797247 45.818505 152.143079 58.930147 58.930147 -0.000000 1.065150 1.846610 0.000000
13 83.278776 118.716122 98.317093 144.250267 50.876496 154.684489 48.446009 48.446009 0.000000 5.445676 6.066689 0.000000
15 0.823903 299.436121 25.997946 269.943252 79.961005 342.141134 89.845754 89.845754 0.000000 3.636442 4.070533 0.000000
18 19.568924 204.647936 0.517318 182.195391 39.577897 164.582503 44.624005 44.624005 -0.000000 2.033970 2.717980 0.000000
21 58.004090 103.990915 83.476169 118.426781 47.033924 156.609302 52.888010 52.888010 0.000000 4.917930 5.474471 0.000000
22 156.589132 295.699433 167.516733 322.890067 89.774814 341.346330 80.306039 80.306039 0.000000 5.683830 6.050096 0.000000
