1 77.015521 432.863380 23.915872 412.668623 77.520952 349.618128 83.006511 83.006511 -0.000000 1.576868 2.275402 0.000000
2 97.574298 142.858214 88.941312 189.964685 42.194342 157.059132 57.415573 57.415573 -0.000000 6.032167 0.613344 0.000000
3 85.758431 193.884315 33.029120 210.594208 45.449816 154.561425 56.597553 56.597553 0.000000 0.773020 1.788937 0.000000
4 166.091597 317.712310 169.393184 345.026549 87.910968 341.457651 81.727179 81.727179 -0.000000 5.988315 0.043772 0.000000
6 168.978448 355.994833 133.036826 415.066279 84.190898 345.516543 85.084780 85.084780 -0.000000 0.122959 0.958517 0.000000
7 116.328855 424.481337 79.998639 432.987707 81.238839 347.749379 84.860231 84.860231 0.000000 1.141883 1.585345 0.000000
8 466.925246 196.854546 498.067147 197.887807 481.534542 222.398351 29.660731 29.660731 0.000000 4.192864 5.305802 0.000000
9 32.952100 210.121961 1.419590 188.528435 45.563864 157.276044 53.964831 53.964831 -0.000000 1.805066 2.525544 0.000000
10 71.962297 252.726656 134.428933 271.686935 80.436981 343.090458 90.133788 90.133788 -0.000000 4.618878 5.359816 0.000000
11 46.860357 102.691612 80.864681 116.188736 44.590329 159.407010 56.421425 56.421425 0.000000 4.752393 5.410655 0.000000
12 -0.572527 301.628488 21.128317 274.127544 73.038008 337.043601 81.295156 81.295156 -0.000000 3.590018 4.022552 0.000000
14 26.821601 269.697822 63.005037 254.460471 80.788625 342.951836 90.652414 90.652414 -0.000000 4.077447 4.514067 0.000000
18 136.205055 271.808572 163.772063 310.103538 84.156615 339.735836 84.819294 84.819294 -0.000000 5.366202 5.926878 0.000000
19 487.116036 248.240958 457.830407 236.173957 481.239800 220.660037 27.940684 27.940684 0.000000 1.360881 2.556326 0.000000
22 458.055377 235.971570 466.894804 196.872656 481.998662 220.732993 28.298274 28.298274 0.000000 2.574806 4.148050 0.000000
