2 418.317480 378.864798 424.938684 413.223162 353.446012 409.849196 71.769283 71.769283 0.000000 5.837595 0.047158 0.000000
4 309.430666 345.916669 365.121291 336.169933 349.284167 415.864905 81.029585 81.029585 -0.000000 4.194504 4.908555 0.000000
5 455.634660 35.133562 498.000935 29.994019 485.992504 105.794463 77.130589 77.130589 -0.000000 4.306606 4.869505 0.000000
8 231.021972 181.924392 238.710809 202.004030 223.927988 195.934921 15.332457 15.332457 0.000000 5.181090 0.389569 0.000000
9 426.616240 136.239325 415.539636 93.977575 485.139307 97.923669 70.076783 70.076783 0.000000 2.561913 3.198229 0.000000
11 395.260171 471.428278 363.853399 485.427525 345.992676 407.627108 80.176342 80.176342 0.000000 0.913236 1.345135 0.000000
13 346.879200 486.903378 312.866684 477.245680 350.042316 411.393714 75.581629 75.581629 -0.000000 1.612662 2.084729 0.000000
14 208.829526 195.938880 215.044007 183.020200 225.412681 196.260320 16.174159 16.174159 0.000000 3.160974 4.048023 0.000000
16 273.166321 406.996068 286.789937 367.727374 352.868077 412.269703 79.973847 79.973847 -0.000000 3.207663 3.734714 0.000000
19 220.934506 211.132697 209.728679 195.946752 223.679573 196.869901 14.366999 14.366999 0.000000 1.760935 3.207668 0.000000
20 237.935156 201.970402 223.121336 211.604000 225.180597 197.395264 13.779435 13.779435 -0.000000 0.344410 1.714723 0.000000
21 374.029678 338.930011 401.366212 354.853391 355.011255 402.626105 66.229053 66.229053 0.000000 5.002543 5.482726 0.000000
26 421.558613 69.261039 453.771862 36.428344 481.226548 95.678917 65.398411 65.398411 -0.000000 3.558400 4.278476 0.000000
