1 346.958047 334.762077 378.007934 340.991565 348.740231 415.034101 80.286844 80.286844 -0.000000 4.690191 5.088822 0.000000
2 498.048915 166.886287 464.953953 165.294600 484.552274 87.371311 80.294126 80.294126 -0.000000 1.402662 1.817194 0.000000
3 211.358627 202.464449 222.413449 181.044738 224.081755 195.854967 14.763779 14.763779 0.000000 2.662478 4.600216 0.000000
5 386.910694 476.816985 311.214508 476.581372 349.409913 405.696389 80.877192 80.877192 0.000000 1.085560 2.065028 0.000000
11 455.319908 34.972782 488.112494 29.750320 484.872190 99.664771 70.872492 70.872492 -0.000000 4.283882 4.758703 0.000000
12 233.768075 184.161859 239.303166 198.972680 223.272053 196.077509 15.892412 15.892412 -0.000000 5.434528 0.178671 0.000000
13 312.913295 344.901473 346.073468 334.536244 348.670268 406.438272 71.792705 71.792705 0.000000 4.186008 4.676289 0.000000
16 391.201166 346.771962 420.451226 384.836889 355.289964 405.918453 68.509013 68.509013 -0.000000 5.258054 5.970284 0.000000
17 429.925889 140.090599 415.061034 94.995524 482.384033 99.281562 67.044221 67.044221 0.000000 2.480451 3.205171 0.000000
20 310.867442 476.214347 294.804225 463.126301 334.081338 429.938000 51.673690 51.673690 -0.000000 2.035752 2.440021 0.000000
29 427.217474 58.213368 444.053931 41.052912 486.771059 99.086919 71.539525 71.539525 0.000000 3.743087 4.077862 0.000000
