1 451.343503 37.522949 498.131550 29.892121 485.415721 105.672937 76.815669 76.815669 -0.000000 4.248774 4.878638 0.000000
2 407.826489 362.117339 424.050653 428.049224 344.922248 412.127974 80.366855 80.366855 0.000000 5.611483 0.198557 0.000000
5 314.252609 342.710836 404.084946 357.903014 349.298740 412.143915 77.348551 77.348551 0.000000 4.244951 5.502789 0.000000
6 237.109225 187.394183 236.201850 186.735291 224.208180 196.229144 15.087084 14.956181 -1.251884 5.682717 5.613605 0.000000
7 472.045708 166.837802 444.491838 154.463456 481.715630 106.032452 61.312897 61.312897 -0.000000 1.728506 2.226092 0.000000
9 282.217474 374.173619 313.051613 344.138280 343.213684 403.653119 66.956087 66.956087 0.000000 3.591792 4.243317 0.000000
10 334.428434 485.508242 303.690158 471.237749 348.835498 412.732950 74.021409 74.021409 -0.000000 1.766236 2.228011 0.000000
12 420.313994 73.037083 442.785390 43.486414 481.191612 94.598105 64.649246 64.649246 -0.000000 3.481978 4.067981 0.000000
14 302.964443 472.032627 273.017935 417.995451 347.184357 411.783285 73.824639 73.824639 0.000000 2.203945 3.058028 0.000000
15 444.209132 154.743048 420.971746 126.015053 480.650660 101.965026 64.081291 64.081291 -0.000000 2.175096 2.758511 0.000000
17 371.800802 483.833681 334.954879 485.757905 349.242469 399.165569 87.463155 87.463155 -0.000000 1.310413 1.734321 0.000000
