3 460.640069 33.455240 498.113431 29.838210 485.671182 123.136964 94.177039 94.177039 0.000000 4.440205 4.844966 0.000000
4 302.304513 351.317597 357.000028 335.005167 349.282853 414.180941 79.259709 79.259709 0.000000 4.070612 4.809551 0.000000
6 498.011079 167.148375 461.015900 163.937955 484.530886 89.316359 78.347081 78.347081 -0.000000 1.399302 1.876069 0.000000
7 274.241165 396.080959 296.082095 357.155587 343.554258 408.324638 69.984152 69.984152 -0.000000 3.316432 3.964451 0.000000
8 376.232315 481.733051 352.960674 486.313745 348.935433 416.417180 70.550045 70.550045 0.000000 1.174937 1.513271 0.000000
9 233.259410 208.527358 219.085203 182.365168 224.291385 196.173053 15.093188 15.093188 -0.000000 0.942897 4.351827 0.000000
14 426.856167 59.901502 449.050304 39.101450 480.519994 94.732645 64.100535 64.100535 -0.000000 3.717308 4.197584 0.000000
17 350.005822 486.542346 283.659021 449.544650 347.599929 413.787037 72.832659 72.832659 0.000000 1.537740 2.631691 0.000000
18 357.262054 334.852997 399.084724 352.854719 348.070551 412.193298 77.817893 77.817893 -0.000000 4.830679 5.422495 0.000000
19 410.031509 365.279379 422.667757 389.718559 348.538546 411.319226 76.889217 76.889217 0.000000 5.640516 5.999644 0.000000
21 220.024325 181.466591 239.143479 201.122586 223.850495 196.550090 15.459224 15.459224 -0.000000 4.463963 0.290533 0.000000
