1 469.337204 425.094926 415.386871 397.591534 476.645660 343.650796 81.552042 81.552042 -0.000000 1.660292 2.419634 0.000000
4 396.280178 362.136045 399.081334 311.023370 483.897896 340.936265 90.076299 90.076299 -0.000000 2.904197 3.480651 0.000000
5 440.916021 265.822768 483.000000 256.000000 480.029428 352.412571 95.314224 95.314224 0.000000 4.288115 4.743190 0.000000
9 146.625669 477.200705 165.876406 434.493340 171.356237 462.231130 28.592877 28.592877 0.000000 2.597280 4.517342 0.000000
11 178.211828 434.364954 194.040934 481.594527 174.951473 462.420380 27.874512 25.717362 1.497446 4.828081 0.787611 0.000000
12 49.803266 287.488284 28.548688 291.791981 38.295014 288.164161 10.697461 10.550659 -1.301739 6.224523 2.785258 0.000000
13 194.133976 482.204098 164.991144 491.553156 171.445571 461.434499 30.314124 30.314124 -0.000000 0.741274 1.781903 0.000000
15 38.891669 277.287885 49.149770 286.927303 38.913912 288.012295 9.974895 9.974895 -0.000000 4.710315 6.177581 0.000000
16 405.157510 297.138214 424.764764 274.793582 484.121599 346.037032 92.023362 92.023362 -0.000000 3.696049 4.017756 0.000000
18 28.780896 283.863169 38.113774 277.299955 38.828397 289.461518 11.864690 11.864690 -0.000000 3.649938 4.653696 0.000000
