1 147.860046 101.905458 108.390003 137.687623 71.438557 57.356744 88.218654 88.218654 0.000000 0.527777 1.139665 0.000000
4 147.379910 -0.211001 160.425493 68.176985 60.199083 52.655229 102.096150 102.096150 0.000000 5.738075 0.153646 0.000000
5 496.982250 363.972894 420.505649 365.458622 457.038045 318.201276 60.507110 60.507110 0.000000 0.853279 2.228888 0.000000
6 415.218367 277.987081 455.060608 260.414489 456.711234 316.454101 55.905139 55.905139 0.000000 3.889167 4.682943 0.000000
7 418.074647 495.666822 376.324481 464.926983 410.540485 461.771683 34.350444 34.350444 -0.000000 1.352074 3.049636 0.000000
8 46.460849 145.628415 19.446773 135.033418 72.014803 40.465271 108.126187 108.126187 -0.000000 1.809170 2.078139 0.000000
10 401.530477 341.084797 401.081389 299.848791 466.560025 319.683825 68.130644 68.130644 -0.000000 2.823660 3.435730 0.000000
11 436.262844 436.160908 418.201802 495.638072 411.638899 461.547333 34.738959 34.738959 0.000000 5.482542 1.380610 0.000000
12 420.118882 365.886016 401.924489 341.040450 453.086287 322.464093 54.131994 54.131994 -0.000000 2.220181 2.793304 0.000000
13 473.211961 262.509134 495.988332 275.016051 457.144589 319.431783 58.839177 58.839177 -0.000000 4.987498 5.430964 0.000000
19 376.563282 464.013467 416.065210 426.695121 403.036783 451.478116 29.249058 22.180118 -0.706723 2.699364 5.196385 0.000000
