1 97.074466 142.269213 55.992415 146.955189 65.262663 42.571270 104.663811 104.663811 -0.000000 1.261926 1.659373 0.000000
2 157.827810 21.809689 161.339076 63.827684 46.600470 54.359504 115.735160 115.735160 0.000000 5.998492 0.082333 0.000000
4 453.034200 378.160526 410.700365 356.262982 455.919936 322.590102 56.048549 56.048549 -0.000000 1.622679 2.501523 0.000000
5 451.999815 260.924013 498.750194 278.245783 457.566780 320.059374 59.216808 59.216808 -0.000000 4.618526 5.490195 0.000000
6 410.020432 427.078756 438.369467 440.327149 412.399085 459.423047 33.012793 33.012793 -0.000000 4.638979 5.649162 0.000000
9 446.648034 456.086857 430.043861 491.050178 410.679820 461.354944 35.448508 35.448508 0.000000 6.137754 0.992951 0.000000
11 131.937332 121.914390 97.207114 142.456888 66.169823 51.300595 96.041939 96.041939 0.000000 0.820918 1.242624 0.000000
15 402.369909 494.709190 382.837521 441.824509 411.054768 461.713557 34.830557 34.830557 -0.000000 1.828171 3.755569 0.000000
16 426.198387 269.414836 451.950229 260.791742 458.429772 322.951936 62.440208 62.440208 0.000000 4.170472 4.608525 0.000000
17 156.800286 83.348967 132.164244 121.151350 69.145229 53.066033 92.643345 92.643345 0.000000 0.332641 0.824022 0.000000
20 32.024650 140.882006 -0.524026 120.668524 66.826147 52.496424 95.341364 95.341364 0.000000 1.945900 2.350130 0.000000
23 482.244965 373.994311 461.053038 379.215282 455.599926 316.377553 62.691833 62.691833 0.000000 1.137635 1.484232 0.000000
