1 90.922973 143.836001 31.693049 140.906196 67.106757 37.348215 109.724540 109.724540 0.000000 1.350765 1.900300 0.000000
3 428.878676 267.700240 467.046198 261.432671 458.609801 328.468154 67.713797 67.713797 -0.000000 4.257373 4.837581 0.000000
5 420.012435 495.623629 380.621879 478.570517 411.355509 459.474574 36.603288 36.603288 0.000000 1.335744 2.585632 0.000000
6 379.625418 445.466577 434.704990 435.342286 411.209251 461.439960 35.262065 35.262065 0.000000 3.609826 5.445370 0.000000
7 161.762979 40.968164 152.548767 92.675872 62.167575 50.015145 100.191709 100.191709 -0.000000 6.192597 0.441005 0.000000
9 457.008655 378.567976 427.254901 370.578796 459.876568 311.780957 67.342912 67.342912 -0.000000 1.613711 2.077325 0.000000
10 437.326069 437.764224 442.635918 476.864501 410.310498 461.161735 35.875439 35.875439 -0.000000 5.569433 0.452200 0.000000
16 433.718464 488.553651 420.088529 495.229510 412.664789 463.258208 32.674446 32.674446 -0.000000 0.876662 1.342639 0.000000
17 497.182892 363.127243 474.748422 376.417784 461.347383 326.963391 50.872765 50.872765 0.000000 0.789958 1.306173 0.000000
18 143.622834 108.566870 91.053792 144.162681 69.079716 55.991120 90.728003 90.728003 0.000000 0.614279 1.326552 0.000000
22 403.760210 345.402064 399.874764 305.788968 463.695978 319.675346 65.334944 65.334944 0.000000 2.736138 3.355836 0.000000
23 427.222469 370.624982 405.059430 347.622947 454.281212 322.450819 55.111935 55.111935 -0.000000 2.082567 2.668865 0.000000
24 474.234718 376.702074 457.010659 379.077293 456.498938 303.895819 74.780700 74.780700 0.000000 1.331848 1.563990 0.000000
