2 274.297812 303.805348 260.632174 266.855538 313.076415 268.133026 52.295730 52.295730 -0.000000 2.397893 3.165947 0.000000
3 340.769175 359.327773 384.004055 352.555777 375.768556 441.976658 89.738772 89.738772 0.000000 4.311814 4.804228 0.000000
6 295.878230 216.934249 321.119993 214.050199 314.857275 284.495017 69.666959 69.666959 0.000000 4.438529 4.801058 0.000000
7 423.771667 -0.004704 423.881462 18.006818 393.965947 8.494662 30.230775 30.230775 -0.000000 6.005399 0.307858 0.000000
9 310.192940 320.749261 277.275584 302.064108 312.404236 271.454217 49.282031 49.282031 -0.000000 1.615625 2.424825 0.000000
11 421.961673 17.745384 401.987864 30.946907 402.910841 9.602174 21.021049 21.021049 0.000000 0.403941 1.614011 0.000000
17 323.884511 215.351587 360.210719 242.895045 315.188154 265.613324 50.573782 50.573782 -0.000000 4.883714 5.815866 0.000000
18 366.542873 259.997822 359.967331 288.896880 309.760728 268.106429 56.946910 56.946910 -0.000000 6.141342 0.392600 0.000000
23 398.915451 31.193793 381.236023 -0.345053 397.285463 10.791226 20.223698 17.438866 1.109890 1.491074 3.748195 0.000000
24 266.130958 245.769150 295.896432 217.771623 310.802890 265.635261 49.662672 49.662672 0.000000 3.560040 4.410474 0.000000
