1 292.883336 450.099433 292.980378 423.992697 404.875980 433.305178 113.046723 113.046723 -0.000000 2.992743 3.224626 0.000000
2 452.047872 405.973890 443.998569 480.999169 369.139136 433.823616 88.583451 88.583451 0.000000 5.959119 0.562322 0.000000
3 278.110472 306.896408 262.650939 250.864778 315.977349 267.763755 55.070106 55.070106 0.000000 2.339757 3.448478 0.000000
4 309.576082 486.508146 295.868089 459.847028 368.159150 438.938407 75.488755 75.488755 -0.000000 2.459574 2.860047 0.000000
5 368.983311 352.585487 410.195083 360.762053 371.345240 453.763419 101.656887 101.656887 -0.000000 4.689049 5.108089 0.000000
9 331.199130 318.424192 298.883728 318.569214 312.991823 255.739421 64.859233 64.859233 -0.000000 1.288116 1.791677 0.000000
10 264.209240 248.111329 301.269745 216.230927 311.808209 265.953796 50.633280 50.633280 -0.000000 3.500232 4.503536 0.000000
11 415.595097 26.932004 383.955299 22.038301 399.598129 22.779279 15.540016 7.465051 0.131547 0.253988 3.188926 0.000000
13 366.745558 270.964370 349.656556 306.659218 315.221869 267.600227 51.854949 51.854949 -0.000000 0.065201 0.848236 0.000000
18 327.333183 367.389934 360.069469 353.280233 377.738666 438.179727 86.838495 86.838495 0.000000 4.093625 4.507199 0.000000
22 338.205282 221.288221 366.304617 258.249002 317.195269 265.069185 48.905851 48.905851 -0.000000 5.159819 6.145190 0.000000
