1 351.126839 230.823420 366.550166 272.016207 315.654369 266.696857 50.967417 50.967417 0.000000 5.492167 0.104136 0.000000
2 316.033061 493.969578 293.000043 420.834691 377.779109 434.814410 85.987712 85.987712 -0.000000 2.377621 3.305018 0.000000
3 343.000037 312.000062 294.009093 316.975885 313.730269 264.444265 56.233310 56.233310 -0.000000 1.019070 1.929931 0.000000
4 261.256036 259.792251 281.903584 225.831957 311.912862 266.417022 50.835300 50.835300 0.000000 3.271632 4.075696 0.000000
7 359.855106 353.389585 398.133892 354.902150 374.068348 449.256246 96.894416 96.894416 0.000000 4.565201 4.962120 0.000000
8 443.205566 388.723350 457.518742 428.040117 369.713288 437.773036 88.586415 88.586415 0.000000 5.694666 6.172790 0.000000
11 398.208933 355.479305 428.571315 372.371050 379.169400 425.480686 72.376225 72.376225 -0.000000 4.977953 5.461634 0.000000
13 457.705767 427.995073 452.355101 463.562984 358.662458 433.646986 99.059121 99.059121 0.000000 6.226182 0.309067 0.000000
14 269.256650 295.773670 262.200760 279.944434 307.842996 270.302715 46.667578 46.667578 0.000000 2.558148 2.933408 0.000000
16 423.822209 12.728954 405.857468 30.346472 401.989736 8.719824 22.172431 22.172431 -0.000000 0.181608 1.393826 0.000000
17 296.853311 216.863718 318.016988 214.131589 315.690337 283.625479 68.899864 68.899864 0.000000 4.437385 4.745856 0.000000
18 450.424169 469.709883 429.771233 497.788721 369.892325 429.871048 90.113827 90.113827 0.000000 0.459396 0.848218 0.000000
