1 89.870348 83.068437 99.789990 129.119380 6.499373 126.619521 93.952395 93.952395 0.000000 5.801797 0.026790 0.000000
4 142.934647 318.292194 166.201282 321.809849 150.464755 358.523156 40.770558 40.770558 -0.000000 4.527358 5.117333 0.000000
5 191.315794 361.895724 172.630147 394.629514 151.296764 359.663693 40.134158 40.134158 -0.000000 0.055717 1.022968 0.000000
8 170.633083 323.171510 190.915899 361.047593 151.631961 357.864299 39.400806 39.400806 -0.000000 5.213462 0.080856 0.000000
11 391.873991 149.950346 448.135283 112.670221 453.547655 184.145566 71.116430 71.116430 0.000000 3.647849 4.636810 0.000000
15 388.192086 214.270452 384.506944 169.334577 461.490768 184.446404 79.212787 79.212787 0.000000 2.755166 3.335427 0.000000
18 67.978474 57.078955 89.078192 81.958344 20.999431 117.648524 76.946684 76.946684 0.000000 5.372087 5.800328 0.000000
23 35.660001 39.431770 68.317600 56.574190 16.174978 117.036985 79.870519 79.870519 0.000000 4.958383 5.424033 0.000000
24 17.295502 213.660524 -0.103359 213.897701 9.769609 91.251096 123.308845 123.308845 -0.000000 1.509392 1.651122 0.000000
26 477.000312 117.006815 490.695475 122.555465 448.202526 193.515408 82.724545 82.724545 -0.000000 5.072386 5.251948 0.000000
31 115.158900 336.120851 137.533087 319.098682 148.851502 358.352202 40.375990 40.375990 0.000000 3.724846 4.431662 0.000000
