1 108.890978 350.324523 187.185391 341.247665 149.728479 359.432648 41.704368 41.704368 -0.000000 3.361034 5.831212 0.000000
3 0.008234 35.768256 42.187252 41.394045 9.656293 133.614522 97.845606 97.845606 -0.000000 4.614102 5.051513 0.000000
4 91.033560 165.019225 -0.006798 214.275210 12.550443 127.538920 86.941294 86.941294 0.000000 0.445534 1.714572 0.000000
5 42.212348 41.509178 70.776703 58.316564 15.416394 118.374932 81.303374 81.303374 0.000000 5.047822 5.457105 0.000000
6 187.821611 344.150359 176.273340 391.274180 149.268066 359.417917 41.970560 41.970560 -0.000000 5.906124 0.867626 0.000000
8 75.288526 62.772507 99.422146 140.017476 8.294336 125.627981 91.944892 91.944892 0.000000 5.529650 0.156611 0.000000
11 176.171830 391.240887 145.903139 400.275873 149.912836 360.083422 40.673318 40.673318 0.000000 0.870507 1.670230 0.000000
12 413.342790 244.853204 384.439518 165.931853 455.790357 185.525626 73.418082 73.418082 -0.000000 2.191835 3.409598 0.000000
13 440.010013 114.093551 480.030592 116.873619 454.279113 199.155333 86.263287 86.263287 -0.000000 4.546187 5.015699 0.000000
14 402.978441 133.972467 439.081073 114.313230 453.099795 180.937018 68.113877 68.113877 0.000000 3.894487 4.504998 0.000000
