4 382.825923 191.025846 390.940505 152.781059 453.469723 184.257285 71.170663 71.170663 0.000000 3.046072 3.607944 0.000000
9 171.209092 323.721309 191.325678 360.971051 152.785699 357.628716 38.322076 38.322076 -0.000000 5.210108 0.086507 0.000000
10 108.308050 356.234849 116.696471 334.673112 157.968214 361.503366 49.952720 49.952720 -0.000000 3.247289 3.718030 0.000000
11 59.014682 49.976512 80.907738 69.106234 21.153856 113.460613 73.970089 73.970089 -0.000000 5.250145 5.644640 0.000000
19 99.654298 136.922070 72.411764 190.416899 12.323205 125.842472 87.957171 87.957171 -0.000000 0.126195 0.821367 0.000000
20 394.954396 227.496435 384.019670 204.465444 463.067937 179.701962 82.396494 82.396494 0.000000 2.529735 2.838006 0.000000
21 142.937388 400.254711 108.693814 356.986064 129.040439 375.248119 27.968246 15.043991 0.919175 1.063563 3.873051 0.000000
28 435.277346 255.278156 406.227278 238.755531 448.948855 197.927799 58.922153 58.922153 -0.000000 1.804814 2.378858 0.000000
34 120.860134 329.911910 141.356142 317.826182 154.949731 367.844658 51.579936 51.579936 0.000000 3.980301 4.447027 0.000000
36 390.138183 152.085244 405.687276 131.694390 448.775882 180.939292 65.253700 65.253700 -0.000000 3.598879 3.993567 0.000000
