1 87.914540 80.054775 99.304616 140.019768 2.909065 126.373673 97.254614 97.254614 0.000000 5.784271 0.140629 0.000000
6 183.828074 335.090340 185.240577 380.201828 148.640796 359.101452 42.621708 42.621708 0.000000 5.684383 0.522973 0.000000
7 134.848074 319.685124 181.602248 332.407201 149.741088 360.213019 42.447241 42.447241 -0.000000 4.360231 5.565649 0.000000
8 479.107066 253.225409 413.555716 244.464746 454.609610 182.419550 75.215071 75.215071 0.000000 1.237707 2.155337 0.000000
11 387.897442 212.086812 389.887449 151.958489 461.793945 185.772591 79.396055 79.396055 -0.000000 2.799498 3.581159 0.000000
12 152.014029 400.841791 133.888239 397.161055 149.281996 366.508617 34.405588 34.405588 -0.000000 1.491389 2.036205 0.000000
14 43.552465 41.996076 75.742446 63.300151 13.294653 120.316132 84.110519 84.110519 -0.000000 5.081060 5.543224 0.000000
15 111.608600 376.113965 134.631059 320.339990 149.037151 358.544137 40.794515 40.794515 0.000000 2.702704 4.351794 0.000000
18 406.139562 238.757792 387.310592 212.825099 448.609952 189.729117 65.088748 65.088748 0.000000 2.284641 2.781268 0.000000
19 75.338833 63.654758 87.873529 80.079709 15.870946 123.680375 84.511179 84.511179 -0.000000 5.493120 5.738700 0.000000
26 185.533607 380.631528 164.007571 398.022224 152.839060 362.444844 37.242578 37.242578 -0.000000 0.507637 1.266617 0.000000
