1 13.994560 35.991909 47.261916 43.179612 8.559007 126.970595 91.656278 91.656278 0.000000 4.772063 5.145093 0.000000
2 164.873222 398.395556 128.002930 394.992809 150.299016 354.723840 45.970804 45.970804 -0.000000 1.248696 2.076460 0.000000
3 427.906766 117.675516 467.030222 113.905707 455.544328 191.247478 78.497226 78.497226 0.000000 4.353046 4.859820 0.000000
4 174.952680 326.054117 183.373504 383.782291 149.534210 358.981691 41.741921 41.741921 0.000000 5.369791 0.632463 0.000000
5 124.077178 327.086334 169.093536 322.849249 149.969578 361.169581 43.372298 43.372298 0.000000 4.062721 5.175280 0.000000
6 99.848556 110.998610 92.468807 163.145588 -0.063357 123.117929 100.351603 100.351603 -0.000000 6.162475 0.408274 0.000000
7 385.049571 205.177827 386.729585 161.802487 466.311675 185.878180 83.925749 83.925749 -0.000000 2.908414 3.435366 0.000000
11 127.382119 394.553614 108.069866 360.806017 147.842689 360.105586 39.580361 39.580361 0.000000 2.106759 3.123984 0.000000
18 72.033062 191.045697 1.995325 214.912978 10.147031 123.178584 91.638966 91.638966 0.000000 0.831461 1.659426 0.000000
22 498.804669 243.476663 468.847325 256.364431 453.110871 183.036232 75.190510 75.190510 0.000000 0.923457 1.359400 0.000000
24 402.588161 134.555554 429.022863 118.689205 452.502124 182.672144 69.247481 69.247481 0.000000 3.908658 4.360685 0.000000
25 184.014083 383.933274 166.992729 396.986517 152.828024 362.404985 37.276534 37.276534 -0.000000 0.604198 1.182039 0.000000
