6 345.903892 445.060193 337.134987 400.949719 421.970330 408.709479 85.089358 85.089358 -0.000000 2.695796 3.232807 0.000000
8 361.082027 351.097614 427.985851 329.343819 417.105429 410.255394 81.521191 81.521191 0.000000 3.954197 4.846060 0.000000
10 286.995852 443.988023 327.126330 439.219641 314.779000 503.122802 65.268587 65.268587 0.000000 4.273169 4.903256 0.000000
11 312.890594 94.612052 431.985709 22.099838 395.757781 93.129264 85.153255 70.159132 -0.460482 3.123701 5.184037 0.000000
14 336.668660 400.672908 345.668838 371.668908 420.293576 410.380457 83.832063 83.832063 0.000000 3.257160 3.620127 0.000000
15 465.788251 471.787317 405.498994 487.570526 416.619366 407.035450 81.688795 81.688795 0.000000 0.921342 1.708010 0.000000
17 494.928213 392.773035 494.044665 427.031785 407.521783 408.789914 89.123370 89.123370 0.000000 6.101950 0.207790 0.000000
18 386.857212 214.469941 319.519079 160.689498 405.373502 122.637297 93.290667 93.290667 -0.000000 1.769759 2.724393 0.000000
20 255.696325 498.048416 273.808981 453.830699 315.565870 496.943496 59.987649 59.987649 0.000000 3.123139 3.942966 0.000000
25 480.185358 50.710301 499.421080 80.340107 407.031544 118.758554 100.250478 100.250478 -0.000000 5.533929 5.889106 0.000000
30 488.556431 444.328278 466.239049 472.234533 424.716608 414.987852 70.063386 70.063386 0.000000 0.430804 0.943275 0.000000
31 345.767498 370.830677 360.136885 351.099689 431.173229 418.750505 97.523736 97.523736 -0.000000 3.652906 3.902584 0.000000
