3 463.159772 473.114730 429.029776 488.110228 413.924751 402.305073 87.040923 87.040923 -0.000000 0.963222 1.396543 0.000000
4 376.780514 25.607962 439.099548 24.549281 409.101686 128.901275 109.017512 109.017512 0.000000 4.409134 4.992309 0.000000
5 342.370546 436.882860 340.004039 389.003266 424.059845 409.033781 87.170147 87.170147 0.000000 2.813035 3.375530 0.000000
8 296.863460 440.428705 345.770427 448.179550 313.922056 502.077422 64.180744 64.180744 -0.000000 4.442437 5.246092 0.000000
12 492.291664 382.873525 483.401086 453.697968 411.579926 407.274438 85.163535 85.163535 0.000000 5.989600 0.573824 0.000000
13 332.093696 57.044213 376.256296 25.697254 404.702839 112.314962 91.527726 91.527726 -0.000000 3.792229 4.395072 0.000000
18 441.096919 332.683320 467.061704 346.955544 416.127026 409.897952 81.279906 81.279906 -0.000000 5.025158 5.392731 0.000000
21 472.194609 350.722271 493.140303 381.918853 426.728426 403.910501 69.200189 69.200189 0.000000 5.419673 5.963410 0.000000
25 472.798775 43.187928 498.336294 77.862201 413.295434 114.799403 92.934297 92.934297 0.000000 5.405701 5.873425 0.000000
27 258.577925 479.148139 265.884503 462.935227 299.335904 488.600552 41.960620 41.960620 -0.000000 3.369480 3.796038 0.000000
