1 345.941193 445.043016 364.387967 348.303470 418.001969 408.379147 81.112625 81.112625 0.000000 2.670937 3.983766 0.000000
2 476.106608 354.655776 496.363840 401.074440 415.369960 409.344510 81.511608 81.511608 0.000000 5.550136 6.181431 0.000000
3 325.026563 437.932769 345.401777 445.983113 311.670029 497.133553 60.318903 60.318903 -0.000000 4.934288 5.295387 0.000000
5 380.656221 24.031862 469.735249 41.266018 408.708263 119.292677 99.542061 99.542061 -0.000000 4.426008 5.376138 0.000000
7 272.246071 455.282432 321.035645 437.582922 313.956169 497.308714 59.445848 59.445848 0.000000 3.930767 4.830371 0.000000
9 446.771252 209.321685 400.989537 216.654452 406.910068 106.024728 110.756078 110.756078 0.000000 1.202513 1.624262 0.000000
11 337.654569 50.780538 368.182917 28.351387 402.563011 108.104135 86.774416 86.774416 0.000000 3.865017 4.305377 0.000000
13 404.966659 329.449869 441.341808 332.354577 416.039601 428.560845 99.663728 99.663728 -0.000000 4.601128 4.969565 0.000000
18 488.277812 176.439838 461.249352 201.425229 422.218911 131.527208 79.820463 79.820463 0.000000 0.597100 1.061534 0.000000
22 383.824853 213.590574 363.268001 205.523659 411.111877 115.223156 102.199746 102.199746 -0.000000 1.841392 2.058022 0.000000
23 476.730029 461.664533 455.456486 479.249641 419.783305 411.256384 76.203733 76.203733 0.000000 0.724567 1.087618 0.000000
25 364.493065 348.482186 400.011879 330.032328 413.707233 404.215077 74.696299 74.696299 0.000000 3.989026 4.529828 0.000000
29 312.721244 139.100976 310.494311 109.999647 441.091086 117.418250 130.695491 130.695491 -0.000000 2.974264 3.198337 0.000000
