2 282.096521 447.181321 320.998966 437.938093 314.254670 501.230364 63.291331 63.291331 0.000000 4.175668 4.818546 0.000000
6 477.684745 357.412764 492.323225 434.699834 413.646955 409.100913 82.999481 82.999481 0.000000 5.604099 0.314567 0.000000
9 352.862153 360.902157 380.022926 337.031906 413.744650 405.085037 75.371798 75.371798 0.000000 3.769364 4.252331 0.000000
10 454.896266 478.872307 387.844003 483.558744 416.516621 404.139634 84.511402 84.511402 0.000000 1.096360 1.917263 0.000000
18 498.404766 158.164371 464.910803 198.705519 416.485603 124.375834 88.863616 88.863616 -0.000000 0.391203 0.993373 0.000000
19 259.432828 477.068707 270.335527 457.230941 309.073213 493.375737 52.647217 52.647217 0.000000 3.458990 3.892379 0.000000
22 426.005978 20.978836 454.568199 30.967550 404.684973 127.161508 108.189610 108.189610 -0.000000 4.910549 5.190781 0.000000
24 491.961043 434.856473 479.435753 458.615574 418.173386 408.943001 78.672240 78.672240 -0.000000 0.337734 0.681302 0.000000
28 456.785479 32.589846 487.309503 57.684079 421.865481 103.803363 79.303845 79.303845 0.000000 5.168292 5.669303 0.000000
32 406.019989 216.141273 367.725661 207.563071 411.287296 112.294819 104.816415 104.816415 -0.000000 1.621475 1.999665 0.000000
33 444.012267 210.024623 405.983743 216.726449 407.856695 116.394887 100.463343 100.463343 0.000000 1.202282 1.589462 0.000000
36 367.200382 207.614620 336.158900 184.846488 403.311621 126.049341 89.128031 89.128031 0.000000 1.987586 2.422438 0.000000
38 465.210059 199.384702 444.756044 210.553219 402.871505 108.771663 109.658098 109.658098 -0.000000 0.968194 1.180404 0.000000
