1 234.559367 163.090118 196.943657 168.202256 209.630070 120.935762 49.283536 49.283536 0.000000 1.036738 1.833018 0.000000
2 327.561695 483.476060 263.777862 488.675689 291.663316 424.897794 69.687978 69.687978 -0.000000 1.020998 1.982978 0.000000
4 255.305576 108.926210 249.489980 148.650147 203.316367 122.256000 53.824246 53.824246 -0.000000 6.032197 0.519297 0.000000
5 230.491203 450.394312 244.648555 385.742444 292.991118 430.272985 65.783666 65.783666 0.000000 2.830129 3.885968 0.000000
7 282.372944 169.482661 319.967514 162.005372 299.534269 159.639347 20.033066 19.248708 -0.310053 2.620830 0.115280 0.000000
8 309.893204 178.454402 284.561503 173.413067 299.456734 158.096516 22.117872 22.117872 0.000000 1.097080 2.342250 0.000000
9 355.347756 442.110857 335.973585 476.965906 296.660795 432.909649 59.126694 59.126694 -0.000000 0.155518 0.842234 0.000000
10 282.843026 366.534180 322.246076 373.534171 290.286202 435.893554 70.301798 70.301798 0.000000 4.605485 5.185995 0.000000
11 245.491921 385.500244 281.088575 366.313827 291.043494 429.066565 63.228505 63.228505 0.000000 3.904718 4.555063 0.000000
16 164.125605 137.156370 168.934124 97.584186 215.780787 123.444784 53.445069 53.445069 0.000000 2.882132 3.645990 0.000000
21 201.012217 75.453962 231.885047 80.329762 208.931828 130.849630 55.582545 55.582545 -0.000000 4.570387 5.138847 0.000000
25 247.528193 476.621660 230.471784 450.625923 288.102786 432.020716 60.614006 60.614006 -0.000000 2.308958 2.829322 0.000000
