1 166.108174 140.914688 182.933972 82.913180 210.962776 122.522951 48.596831 48.596831 0.000000 2.752470 4.096565 0.000000
3 342.092397 389.617793 356.067478 429.039635 293.360058 429.563928 62.842220 62.842220 0.000000 5.596544 6.274825 0.000000
4 355.981328 429.991073 330.153803 482.194763 294.863416 431.879641 61.248273 61.248273 0.000000 6.252295 0.959140 0.000000
6 241.350150 470.469017 237.160543 396.092322 293.306437 430.210838 66.000484 66.000484 -0.000000 2.482378 3.687637 0.000000
8 190.199643 79.411646 210.029351 75.601503 210.393671 127.682610 52.476460 52.476460 0.000000 4.316167 4.705394 0.000000
9 307.708206 141.506166 306.853730 141.449875 299.758277 160.211813 20.134618 19.951345 1.411265 5.114261 5.073948 0.000000
10 228.098123 166.172527 165.821274 141.510151 209.183468 122.342102 47.743941 47.743941 -0.000000 1.163398 2.725374 0.000000
13 250.913145 146.935602 228.745530 166.539676 211.456088 124.478565 45.211107 45.211107 -0.000000 0.517428 1.180796 0.000000
15 318.081553 489.225610 283.997391 494.962326 289.214055 409.556749 85.127424 85.127424 0.000000 1.223168 1.631802 0.000000
22 283.933609 494.393992 251.092193 480.847491 292.033568 428.582138 66.239758 66.239758 -0.000000 1.693258 2.235294 0.000000
