1 248.780727 478.261527 228.530935 444.156889 295.328993 429.373353 68.067715 68.067715 0.000000 2.331681 2.923787 0.000000
7 274.791503 368.084962 319.085132 371.787201 291.014936 435.554765 69.787180 69.787180 0.000000 4.476414 5.127060 0.000000
9 310.813344 491.571189 259.940668 487.167694 292.885753 417.887544 76.617556 76.617556 0.000000 1.332129 2.014680 0.000000
10 256.359546 132.814148 235.821328 162.906324 213.255238 124.805484 43.696373 43.696373 0.000000 0.183703 1.036078 0.000000
17 280.791567 154.742064 311.275681 142.752195 312.290720 179.861740 43.509971 27.634177 0.996565 3.814790 4.685043 0.000000
18 212.741731 74.900725 254.194712 105.908254 210.662204 121.573484 46.249927 46.249927 -0.000000 4.756915 5.937761 0.000000
19 163.144805 112.058149 189.820550 79.667307 207.790649 120.528963 44.828345 44.828345 -0.000000 3.329097 4.298067 0.000000
20 208.113335 169.477189 185.620521 163.328906 208.089851 126.269743 43.792337 43.792337 -0.000000 1.570253 2.115842 0.000000
26 318.533691 165.968430 287.218195 176.462696 301.615749 166.334896 17.455402 13.587476 -0.266757 6.261527 2.528562 0.000000
30 162.093685 126.102011 160.722994 107.054582 331.092052 125.850706 168.650083 168.650083 0.000000 3.140106 3.251474 0.000000
35 287.297019 175.550025 279.917876 155.003528 301.167763 160.051020 21.444848 21.444848 0.000000 2.300811 3.374801 0.000000
