1 256.294865 114.885534 243.745015 155.774063 211.967131 124.394416 45.100104 45.100104 -0.000000 6.071875 0.779093 0.000000
2 259.156477 374.350396 312.057058 368.710801 292.541049 435.285520 69.497632 69.497632 -0.000000 4.211182 4.997544 0.000000
3 227.335753 425.008041 255.881390 376.840930 289.484924 428.722702 61.992466 61.992466 -0.000000 3.201292 4.137636 0.000000
5 355.781891 435.014910 335.332961 478.283813 289.731785 428.531079 67.137876 67.137876 -0.000000 0.097852 0.828909 0.000000
6 281.535326 168.178337 283.870761 147.920643 302.458439 160.441408 22.637135 22.637135 0.000000 2.787407 3.734384 0.000000
10 177.633918 158.287058 164.420416 137.808347 209.380976 122.545739 47.378507 47.378507 0.000000 2.297079 2.814332 0.000000
11 315.093797 147.833243 314.644511 174.826875 297.306497 160.310466 22.295037 22.295037 -0.000000 5.671475 0.697051 0.000000
13 243.279325 156.308925 201.969109 169.734189 209.745833 122.539739 47.764348 47.764348 -0.000000 0.788900 1.734109 0.000000
14 345.121885 393.927736 356.018262 423.996758 280.380524 436.632906 77.346112 77.346112 -0.000000 5.700072 6.117653 0.000000
20 335.212798 478.295279 311.202615 491.559006 298.289466 441.032146 52.077525 52.077525 0.000000 0.789978 1.320582 0.000000
22 187.758503 80.283015 216.002572 75.497844 210.407135 132.179983 56.813121 56.813121 0.000000 4.300889 4.810786 0.000000
24 310.972444 369.177011 332.563476 380.826129 296.867410 422.293181 55.336480 55.336480 -0.000000 4.971949 5.423137 0.000000
