5 260.672814 373.035346 305.200961 367.034504 293.516752 439.517714 73.790244 73.790244 -0.000000 4.253533 4.872213 0.000000
7 304.996679 180.059546 289.817055 177.156007 299.775215 156.059292 24.087811 24.087811 0.000000 1.356576 2.011814 0.000000
8 286.569154 176.009412 283.211721 148.092049 300.883187 160.204993 21.135919 21.135919 0.000000 2.306751 3.742488 0.000000
10 306.046844 493.268952 246.962169 476.014087 291.816379 428.181795 66.505347 66.505347 -0.000000 1.355546 2.324075 0.000000
11 242.388473 471.694824 227.363382 437.915513 295.150767 429.343566 68.017630 68.017630 0.000000 2.465219 3.015807 0.000000
14 161.946850 123.129762 196.368414 76.728370 208.311444 121.522946 45.842719 45.842719 -0.000000 3.106950 4.451832 0.000000
16 349.514001 401.192375 355.765098 422.044988 283.559412 431.952575 72.809834 72.809834 0.000000 5.846790 6.146823 0.000000
18 307.232358 141.603499 307.289332 180.217572 303.124603 160.557777 19.106303 16.458121 -1.480921 4.925808 1.362043 0.000000
19 227.243636 429.024754 235.386605 400.301800 289.770515 429.525837 62.428081 62.428081 0.000000 3.149606 3.634684 0.000000
20 312.932998 369.552536 349.335305 400.793309 293.187804 427.831432 61.890726 61.890726 -0.000000 5.039056 5.834402 0.000000
