1 204.998712 75.511252 234.054671 163.157717 210.035725 122.669982 47.404395 47.404395 -0.000000 4.605983 1.035362 0.000000
2 237.969716 465.029744 248.128886 383.352684 293.679904 430.219319 66.368048 66.368048 0.000000 2.583102 3.941225 0.000000
3 348.406991 399.779405 355.107361 445.057829 284.077304 430.913812 72.011526 72.011526 0.000000 5.832434 0.196556 0.000000
4 283.998451 494.131743 238.090169 465.933820 289.567396 433.512893 60.819012 60.819012 -0.000000 1.662407 2.579541 0.000000
6 176.314670 156.742134 163.679505 108.888053 212.049072 122.819145 49.687641 49.687641 0.000000 2.382193 3.422017 0.000000
7 279.598462 164.960247 289.357325 143.504258 300.018878 159.699433 20.129856 20.129856 0.000000 2.889450 4.130189 0.000000
10 308.125176 178.858750 279.973220 165.013571 299.139730 162.412606 19.137512 17.752850 0.146518 1.070755 3.006713 0.000000
11 208.022591 169.887496 179.865659 160.233056 208.900226 126.018010 44.273367 44.273367 0.000000 1.590799 2.274472 0.000000
13 178.979885 86.982933 204.746550 75.118689 208.866058 121.007030 45.633513 45.633513 0.000000 3.991646 4.622857 0.000000
14 290.954967 141.706285 310.612097 177.606511 299.110468 160.582001 20.819205 20.211324 -0.441017 4.304551 0.976640 0.000000
16 350.642966 457.763724 325.851450 485.158743 296.066743 434.433315 58.661639 58.661639 -0.000000 0.403972 1.039860 0.000000
