1 351.737354 406.764761 355.336985 442.122390 282.657610 432.009009 73.619784 73.619784 0.000000 5.932825 0.138263 0.000000
2 317.041193 170.967869 318.492600 168.229856 299.734914 160.278813 20.070019 19.988511 -1.009872 0.553289 0.400923 0.000000
3 228.688623 166.388123 183.973172 162.019951 209.721225 116.556779 53.541356 53.541356 -0.000000 1.207097 2.086105 0.000000
5 247.461266 476.640005 230.521586 450.597238 281.063120 436.054945 52.663962 52.663962 -0.000000 2.262341 2.861431 0.000000
6 338.767089 474.727217 315.597640 489.943684 294.741695 433.706739 60.013688 60.013688 -0.000000 0.750080 1.215662 0.000000
9 296.891253 365.551520 349.385211 400.739684 293.058278 427.254552 61.587538 61.587538 -0.000000 4.774429 5.843225 0.000000
12 257.351077 115.905582 228.801226 166.688396 209.408186 123.198024 47.694773 47.694773 -0.000000 6.132235 1.151344 0.000000
18 178.786321 158.294875 185.960171 80.952003 210.383114 122.518372 48.126692 48.126692 0.000000 2.294236 4.181163 0.000000
23 242.879138 89.196715 256.712381 115.053765 212.160629 122.303530 45.361134 45.361134 0.000000 5.460385 6.121872 0.000000
24 216.009137 75.871673 243.182758 88.767619 211.333783 120.189695 44.654110 44.654110 0.000000 4.817496 5.504534 0.000000
