3 240.920942 157.939408 198.824791 168.729860 209.714825 120.595082 49.558170 49.558170 -0.000000 0.874703 1.793291 0.000000
4 280.503329 153.300604 311.521281 176.015017 299.553066 160.377443 20.176853 20.176853 -0.000000 3.497285 0.917543 0.000000
5 339.024879 386.969719 354.671607 445.211962 289.458294 430.660444 66.732790 66.732790 0.000000 5.560711 0.219541 0.000000
6 298.818643 365.717593 330.066202 377.878114 289.800409 434.153042 68.834968 68.834968 -0.000000 4.843411 5.333455 0.000000
7 207.985913 75.843972 257.006776 114.997960 211.879448 120.056271 44.599953 44.599953 0.000000 4.624551 6.171561 0.000000
9 346.682490 463.311338 293.986229 494.904649 292.604177 432.378908 62.412486 62.412486 0.000000 0.519572 1.548696 0.000000
13 254.001583 481.995490 274.989054 367.968177 291.670551 430.047579 64.539262 64.539262 0.000000 2.198189 4.449878 0.000000
14 292.034347 178.935759 281.820354 170.167339 298.296343 162.078988 17.827643 17.827643 0.000000 1.926480 2.685237 0.000000
18 254.655928 140.446053 242.026406 159.017957 212.521665 123.575061 44.882107 44.882107 -0.000000 0.380860 0.876575 0.000000
24 329.961230 378.034913 339.554798 386.466304 284.263838 439.913680 76.811639 76.811639 0.000000 5.348489 5.514740 0.000000
