1 294.087794 494.889362 230.226992 448.804135 267.860330 464.716463 41.609980 22.291159 0.600658 0.855238 3.541620 0.000000
2 319.249936 159.938270 281.605388 150.753186 299.807968 160.342543 20.047486 19.935700 1.374547 6.262394 3.626460 0.000000
3 176.315374 88.432222 256.114426 113.988322 211.133960 114.920460 44.916665 39.274090 0.152613 3.791938 6.262465 0.000000
6 243.549426 156.440784 194.804616 167.911701 209.938194 121.640556 48.556731 48.556731 0.000000 0.802776 1.886893 0.000000
7 330.593053 481.475863 309.979019 491.932148 291.313598 430.944662 64.035105 64.035105 0.000000 0.910032 1.273795 0.000000
8 341.217938 388.837942 356.125951 424.150560 293.959381 429.274653 62.185297 62.185297 -0.000000 5.575421 6.200946 0.000000
9 180.884334 160.198603 173.361513 92.338411 209.843019 122.771038 47.689446 47.689446 -0.000000 2.229310 3.836838 0.000000
10 356.204141 425.008116 331.144250 481.227495 293.233475 431.610016 62.740246 62.740246 -0.000000 6.178726 0.918357 0.000000
12 260.010288 375.008402 314.131012 369.395494 292.393816 437.219232 71.291906 71.291906 0.000000 4.232441 5.022541 0.000000
13 319.095036 370.870751 341.010819 386.985287 286.292434 436.915678 73.113481 73.113481 0.000000 5.173370 5.543508 0.000000
14 281.306030 150.332211 315.392407 148.347981 299.307555 155.398185 18.344825 15.014180 -0.094057 3.415917 5.870092 0.000000
17 234.429166 402.044911 246.782025 383.816111 290.175490 429.362460 62.762725 62.762725 0.000000 3.597235 3.951192 0.000000
