1 128.175270 89.610892 128.913218 117.757544 89.844708 106.791370 41.896691 41.896691 0.000000 5.861814 0.273649 0.000000
2 407.416969 366.888553 365.986433 375.028299 371.852994 298.799032 77.007525 77.007525 0.000000 1.089459 1.647604 0.000000
3 68.830724 135.379557 65.578646 79.348867 95.089615 105.639471 39.318014 39.318014 -0.000000 2.294109 3.869344 0.000000
4 309.693138 311.064795 344.140019 253.541521 371.736660 309.713903 61.873788 61.873788 0.000000 3.119823 4.255738 0.000000
5 439.222814 313.527419 463.610352 350.046628 431.292507 344.717421 31.798734 31.798734 -0.000000 4.961371 0.163429 0.000000
6 375.932700 246.356529 396.155931 250.173934 371.359608 320.810579 74.326140 74.326140 -0.000000 4.773734 5.049990 0.000000
7 70.013015 76.017828 118.614135 77.358306 93.764418 106.702119 38.969560 38.969560 -0.000000 4.053668 5.415050 0.000000
8 454.365111 367.557913 434.823528 377.455253 429.613739 342.228839 35.442841 35.442841 0.000000 0.796933 1.423966 0.000000
13 462.943685 349.985936 454.379976 367.551422 429.389663 344.223800 34.185601 34.185601 -0.000000 0.170068 0.751000 0.000000
17 129.842499 117.834623 96.824444 143.658429 94.446483 106.694797 37.065371 37.065371 -0.000000 0.304906 1.506552 0.000000
