1 449.306033 318.609683 454.739870 366.632682 430.806877 345.253221 32.484673 32.484673 -0.000000 5.319293 0.729104 0.000000
7 71.813801 74.683145 120.434825 78.378384 96.589016 82.092693 26.272098 13.703499 0.115617 3.432197 6.128663 0.000000
8 339.673467 256.319914 368.091909 247.325300 373.410543 309.342580 62.490159 62.490159 0.000000 4.145722 4.626838 0.000000
10 454.957060 366.946573 434.901815 377.746004 432.329146 348.880856 28.458850 28.458850 -0.000000 0.673754 1.481904 0.000000
14 406.552548 367.065966 386.998920 374.095489 376.834549 317.877575 57.461807 57.461807 -0.000000 1.027319 1.391926 0.000000
17 89.958773 144.123003 70.480986 135.445334 94.422786 103.933958 39.897349 39.897349 -0.000000 1.681418 2.220529 0.000000
18 55.678894 100.227451 69.642321 76.602774 92.296740 105.071058 36.571777 36.571777 -0.000000 3.273104 4.040228 0.000000
20 127.822220 122.881727 89.952581 143.719643 94.731940 106.169849 37.379034 37.379034 0.000000 0.467671 1.697396 0.000000
25 386.108294 374.661751 353.897282 372.357734 374.843841 299.327736 76.376746 76.376746 0.000000 1.422369 1.850119 0.000000
27 124.131255 82.921567 132.190559 105.146570 97.431189 105.115992 34.455223 34.455223 0.000000 5.589678 0.000880 0.000000
