2 53.696906 60.152605 72.170788 16.481549 145.645697 74.332618 93.139872 93.139872 -0.000000 3.294604 3.808577 0.000000
3 303.959380 387.053073 277.136107 360.695823 349.976717 313.219099 86.750751 86.750751 -0.000000 2.128139 2.563961 0.000000
4 225.125969 27.905220 237.603466 78.004245 146.454211 73.776112 91.392476 91.392476 0.000000 5.755310 0.046354 0.000000
5 177.241165 161.029696 121.754988 163.339027 145.165344 66.628137 99.526613 99.526613 -0.000000 1.243254 1.808293 0.000000
9 260.607088 315.837764 265.692236 268.924933 364.579673 304.567794 104.784940 104.784940 0.000000 3.033621 3.487537 0.000000
10 498.402617 416.565380 389.693885 398.927214 453.171553 349.110237 81.498295 81.498295 0.000000 0.980120 2.476192 0.000000
12 299.630618 224.791758 368.020560 204.837032 359.913032 309.424210 104.572097 104.572097 0.000000 4.093466 4.789754 0.000000
13 266.379021 339.747118 260.519578 315.994974 354.082156 304.379048 94.550866 94.550866 0.000000 2.758270 3.018073 0.000000
14 273.215013 253.410200 296.150618 227.105620 354.050984 300.033093 92.919522 92.919522 -0.000000 3.664748 4.041351 0.000000
29 200.712777 -0.754032 225.017813 26.987958 153.788444 67.851095 82.309997 82.309997 -0.000000 5.312280 5.762341 0.000000
