1 335.899757 207.278663 421.385787 226.444605 358.437940 308.977542 104.131968 104.131968 -0.000000 4.494297 5.363968 0.000000
2 461.981134 271.119480 498.329292 285.766703 454.201954 346.372578 75.661013 75.661013 -0.000000 4.815397 5.341728 0.000000
3 264.368957 335.341338 260.040772 293.998695 369.257118 303.442990 109.439718 109.439718 -0.000000 2.846362 3.227851 0.000000
4 491.757725 421.378844 438.961787 429.922027 451.580425 339.183593 91.522835 91.522835 -0.000000 1.116146 1.708976 0.000000
8 78.430513 138.425885 53.821256 58.876974 148.883407 72.583152 96.228570 96.228570 -0.000000 2.390006 3.284787 0.000000
10 174.210668 161.998446 122.125031 162.840226 144.852944 65.208351 100.956475 100.956475 -0.000000 1.276303 1.799515 0.000000
12 389.309223 399.200541 345.868814 403.027249 358.080827 278.085356 125.485640 125.485640 0.000000 1.318452 1.668228 0.000000
13 307.118925 219.269046 335.963356 207.808967 358.261730 301.250727 96.376653 96.376653 0.000000 4.154630 4.478136 0.000000
21 230.560032 110.741435 202.719823 146.725125 152.546388 79.567656 83.343585 83.343585 -0.000000 0.380156 0.929153 0.000000
22 121.751380 163.632395 80.753485 140.281016 141.273284 81.056529 84.363287 84.363287 -0.000000 1.802946 2.367011 0.000000
