1 259.862432 313.019219 279.308485 245.282614 364.560993 305.133655 104.745420 104.745420 -0.000000 3.066418 3.753689 0.000000
5 183.069828 158.187448 109.880586 159.305429 144.766974 67.863151 98.273052 98.273052 0.000000 1.169723 1.935264 0.000000
6 301.293337 385.768203 269.491063 346.813996 352.591797 308.979212 91.534102 91.534102 0.000000 2.159752 2.714350 0.000000
7 452.988224 431.091047 411.244291 418.655950 454.044710 349.775920 81.174547 81.174547 -0.000000 1.583788 2.126786 0.000000
10 109.121659 158.724660 66.143384 121.902804 137.930407 83.153378 80.956973 80.956973 -0.000000 1.935003 2.646627 0.000000
13 352.025194 403.865287 322.666486 396.845923 361.514270 290.976422 112.969008 112.969008 -0.000000 1.654656 1.922482 0.000000
14 216.884901 14.749592 232.142241 106.302344 140.903490 74.395295 96.734994 96.734994 0.000000 5.617655 0.336416 0.000000
22 53.014802 66.122853 81.697189 6.671144 146.146371 74.117567 93.558558 93.558558 0.000000 3.227226 3.949711 0.000000
26 386.802709 208.556314 407.625182 217.570765 364.312296 288.546771 83.099263 83.099263 0.000000 4.986476 5.260309 0.000000
29 315.049396 215.110316 344.679126 205.603939 364.001326 316.519376 112.609623 112.609623 -0.000000 4.262663 4.539913 0.000000
