1 211.753267 444.301914 163.848064 450.200762 176.749063 361.132282 90.143890 90.143890 0.000000 1.172423 1.714640 0.000000
2 257.267430 331.454504 264.253312 357.137845 171.717738 365.288457 92.692425 92.692425 0.000000 5.906574 6.195331 0.000000
4 136.002735 36.998213 153.237499 70.133568 75.300473 93.530255 81.991782 81.991782 0.000000 5.533344 5.991545 0.000000
5 147.632629 127.783924 42.689339 164.862913 76.152106 90.731380 80.912693 80.912693 -0.000000 0.478226 1.994812 0.000000
8 402.561959 295.359351 372.725030 349.852101 370.236222 313.023047 36.960935 36.960935 0.000000 5.783088 1.503322 0.000000
9 370.005774 349.530948 362.959947 274.889272 366.576751 312.357659 36.915110 34.064899 1.535927 1.478812 4.616158 0.000000
11 91.659650 345.257842 120.831855 297.828800 175.624979 363.004850 85.085856 85.085856 -0.000000 3.349888 4.013322 0.000000
12 120.784798 297.681778 227.925795 293.131607 177.191294 365.486674 88.206159 88.206159 0.000000 4.018501 5.323912 0.000000
13 163.770912 450.106863 110.381379 419.718942 176.047256 365.922672 85.081932 85.081932 -0.000000 1.715603 2.455228 0.000000
17 363.000978 274.935251 403.261088 294.808019 370.567346 311.269881 36.420189 36.420189 -0.000000 4.507082 5.816728 0.000000
18 244.002041 421.002276 212.044560 444.092208 179.884542 370.070867 80.932139 80.932139 0.000000 0.671283 1.160932 0.000000
20 110.281050 419.762335 90.449275 374.888031 173.517135 364.730061 83.540255 83.540255 0.000000 2.425450 3.019912 0.000000
25 34.256093 160.905007 14.471834 144.642546 76.878686 89.965174 82.226283 82.226283 0.000000 2.111824 2.422115 0.000000
30 231.039999 295.952325 246.020129 313.005370 175.038827 367.392908 90.776137 90.776137 0.000000 5.377226 5.629382 0.000000
