1 118.251999 159.288200 76.975701 171.695415 75.640366 91.757013 80.057579 80.057579 0.000000 1.007900 1.554093 0.000000
2 254.316321 324.597823 263.360409 378.035224 171.365721 364.164730 92.776016 92.776016 0.000000 5.838112 0.149648 0.000000
3 216.068486 442.094321 171.963964 451.371010 177.004081 364.730739 86.598845 86.598845 0.000000 1.103200 1.628904 0.000000
4 404.694019 297.838876 398.353311 336.546768 366.526835 312.194230 40.584808 40.584808 -0.000000 5.923435 0.653137 0.000000
5 56.816682 12.974950 113.532597 20.611896 75.240266 98.759405 87.885894 87.885894 -0.000000 4.500836 5.168005 0.000000
6 149.218183 59.814884 152.925499 114.984747 68.502735 91.787596 87.646983 87.646983 0.000000 5.906031 0.268156 0.000000
9 113.850302 20.241064 147.280934 53.813815 82.451207 84.099910 70.953104 70.953104 -0.000000 5.169371 5.846150 0.000000
11 397.880104 336.600576 345.035894 339.535247 369.631972 312.590908 37.319611 37.319611 0.000000 0.704469 2.310664 0.000000
12 333.216021 303.378122 393.634528 282.664534 369.516461 312.210586 37.537180 37.537180 0.000000 3.380270 5.396983 0.000000
13 92.575835 343.200704 107.499432 312.615009 179.677415 366.120604 89.997921 89.997921 -0.000000 3.398900 3.779503 0.000000
14 107.266397 312.227382 140.166253 285.287663 172.309458 357.350591 78.717750 78.717750 -0.000000 3.748107 4.292830 0.000000
16 2.898208 56.949176 34.581584 21.473828 67.689310 84.588263 70.348823 70.348823 -0.000000 3.544807 4.229282 0.000000
17 242.118796 422.118116 216.782921 442.167959 180.304229 368.556550 81.791625 81.791625 -0.000000 0.713989 1.110709 0.000000
18 171.965296 450.859261 130.943350 438.107905 179.182294 362.789791 89.046936 89.046936 0.000000 1.652560 2.140442 0.000000
21 224.674563 291.135180 252.437687 320.338110 182.335890 360.344524 80.750029 80.750029 -0.000000 5.261402 5.764596 0.000000
29 141.346792 139.369018 119.184577 160.196407 80.390254 97.329740 73.012815 73.012815 -0.000000 0.603753 1.017906 0.000000
30 344.215158 339.652167 332.408574 306.987153 371.569420 312.875026 39.060335 39.060335 0.000000 2.366856 3.290826 0.000000
