1 333.048138 422.103972 385.177085 426.749833 353.385868 494.441507 75.597562 75.597562 -0.000000 4.438314 5.151461 0.000000
2 408.458873 135.455415 415.307440 164.979388 365.388562 159.453916 49.777323 49.777323 -0.000000 5.774836 0.110240 0.000000
7 387.356180 427.444395 413.354339 453.840645 358.425220 483.799420 63.077979 63.077979 0.000000 5.186675 5.783875 0.000000
8 235.130959 117.052059 189.831540 100.206774 237.141515 39.281106 77.605853 77.605853 -0.000000 1.596643 2.231055 0.000000
9 260.736833 111.651321 235.999516 116.426943 236.407185 43.645349 72.823664 72.823664 0.000000 1.227227 1.576398 0.000000
13 415.045749 165.008162 405.227198 190.343005 369.348063 162.440782 45.613769 45.613769 0.000000 0.056123 0.660978 0.000000
16 331.603451 120.875687 360.048431 109.856921 364.219507 159.070945 50.021840 50.021840 0.000000 4.005618 4.627837 0.000000
17 361.933590 109.317231 394.164827 118.702769 364.009411 160.814026 51.703063 51.703063 -0.000000 4.672101 5.333832 0.000000
18 288.283772 466.085000 309.937685 433.935727 349.994551 484.774933 64.455418 64.455418 0.000000 3.435674 4.045062 0.000000
24 313.419354 165.008338 318.717037 136.548906 368.703338 160.175301 55.362230 55.362230 -0.000000 3.054392 3.583128 0.000000
29 332.960493 200.078963 313.169236 166.948601 362.933643 161.991018 49.144195 49.144195 -0.000000 2.237527 3.042299 0.000000
