1 410.548504 139.655613 383.778153 207.561288 387.264176 167.951660 39.868933 26.361766 -1.251927 5.400928 1.658580 0.000000
4 174.430305 82.380588 169.706465 17.611217 239.930629 45.445667 75.592948 75.592948 0.000000 2.628149 3.518962 0.000000
5 356.917181 418.625847 422.495836 494.007143 371.215433 474.118868 58.411655 46.955325 0.918982 4.460215 0.369975 0.000000
6 299.140116 445.211795 356.987314 418.786736 352.499261 484.725359 65.965296 65.965296 0.000000 3.778999 4.780348 0.000000
7 319.882610 134.655258 386.226092 114.692887 364.076273 161.122105 51.796617 51.796617 0.000000 3.681191 5.157522 0.000000
8 372.085298 211.417173 351.038641 210.282970 362.875610 93.679574 117.303037 117.303037 -0.000000 1.492733 1.671965 0.000000
11 335.993380 203.136017 318.676188 140.987337 363.701694 160.903575 50.399845 50.399845 0.000000 2.151441 3.558052 0.000000
12 294.250876 6.242897 302.816784 67.949638 230.412066 46.100875 75.717903 75.717903 0.000000 5.725051 0.293070 0.000000
13 194.188405 103.760612 174.119199 82.900167 231.702775 49.751795 65.767045 65.767045 0.000000 2.177887 2.619265 0.000000
18 277.867690 102.779290 258.882615 112.710751 239.357109 54.891410 61.085989 61.085989 0.000000 0.893510 1.245122 0.000000
