1 290.594293 1.326359 249.545758 115.606251 235.610004 46.157970 70.730897 70.730897 0.000000 5.599153 1.372763 0.000000
2 194.157601 103.948916 164.812457 31.994959 235.001895 46.838968 70.504627 70.504627 -0.000000 2.191642 3.350007 0.000000
3 355.101073 210.667157 317.630193 182.269419 361.960679 163.191689 47.538114 47.538114 0.000000 1.714291 2.735197 0.000000
5 390.153923 204.321361 355.988415 210.836490 364.373622 157.778470 53.412406 53.412406 0.000000 1.064961 1.727538 0.000000
8 355.910678 109.859250 400.681306 124.358740 363.716190 161.237864 52.166608 52.166608 -0.000000 4.561620 5.498952 0.000000
9 340.992250 419.239697 411.842959 450.128474 354.877861 486.793970 67.867099 67.867099 -0.000000 4.509665 5.711288 0.000000
10 285.005432 495.981529 296.882193 447.939714 361.523735 489.372751 76.804589 76.804589 0.000000 3.055438 3.711591 0.000000
12 414.306103 169.029952 390.783975 204.768461 367.419189 162.447267 47.406413 47.406413 -0.000000 0.139483 1.066356 0.000000
13 239.007863 116.101124 206.336477 110.951387 236.214064 43.258524 73.612690 73.612690 0.000000 1.532461 1.986450 0.000000
18 323.433627 128.494860 355.928330 110.283762 361.628347 155.003379 45.433127 45.433127 0.000000 3.748305 4.585611 0.000000
20 406.438152 131.321903 414.639973 151.838414 364.758626 159.358574 50.298738 50.298738 0.000000 5.691036 6.133551 0.000000
23 305.929954 436.889134 329.141510 422.223978 361.816119 497.997008 81.953510 81.953510 -0.000000 3.971593 4.305264 0.000000
