1 284.631776 491.974053 292.918093 456.920280 361.771948 488.248449 76.902426 76.902426 0.000000 3.093334 3.568593 0.000000
3 164.576778 45.015494 180.042209 1.030873 234.473616 45.343300 70.233753 70.233753 -0.000000 3.146282 3.824870 0.000000
4 336.345817 202.230700 313.594250 167.831561 362.275495 161.704095 48.699118 48.699118 0.000000 2.139981 3.016382 0.000000
6 405.135907 129.566881 414.777208 170.009281 357.080188 160.761333 57.962024 57.962024 0.000000 5.707421 0.158933 0.000000
9 336.825102 116.558264 398.567887 122.168630 364.097346 161.913979 52.622754 52.622754 -0.000000 4.171017 5.426833 0.000000
12 272.622054 106.223348 238.903555 116.669649 234.530922 46.348390 70.734619 70.734619 -0.000000 1.004199 1.508695 0.000000
15 181.641567 92.284811 164.196093 50.966447 233.528742 45.518247 69.624886 69.624886 0.000000 2.408053 3.063173 0.000000
17 305.972642 53.994520 295.119380 83.104584 230.333702 44.424182 76.099121 76.099121 -0.000000 0.125858 0.538249 0.000000
27 392.374737 430.529033 409.658387 447.252384 358.942016 482.724218 61.836176 61.836176 -0.000000 5.282080 5.672851 0.000000
31 294.172443 85.100562 272.470309 105.781508 239.814390 49.532438 65.183631 65.183631 0.000000 0.579413 1.044794 0.000000
