1 362.898708 201.593607 437.896800 232.318174 381.993802 261.731959 62.928698 62.928698 -0.000000 4.404938 5.798831 0.000000
2 -0.701478 394.448399 24.059379 382.682443 19.921775 408.385635 25.391368 25.391368 0.000000 3.735893 4.871996 0.000000
3 239.641544 201.042370 241.101215 178.940641 325.487175 195.338133 85.597976 85.597976 -0.000000 3.075243 3.333516 0.000000
4 273.925065 141.706752 302.034052 138.120462 296.327307 205.306730 67.433359 67.433359 0.000000 4.373723 4.797125 0.000000
7 443.418417 250.961289 418.708064 311.328507 383.221534 262.331149 60.926426 60.926426 -0.000000 6.096507 0.943977 0.000000
9 36.768444 427.763114 3.832667 427.215457 20.723490 406.783872 26.912325 26.912325 -0.000000 0.917889 2.261608 0.000000
10 241.712627 178.893519 274.029510 142.055530 291.579554 190.393003 50.953195 50.953195 -0.000000 3.368234 4.364115 0.000000
11 349.892417 314.415775 318.807018 260.028542 378.919212 262.850352 59.540006 59.540006 0.000000 2.083499 3.188501 0.000000
12 45.505540 400.971521 39.512868 425.556752 18.017361 408.329994 28.111460 28.111460 -0.000000 6.021622 0.675601 0.000000
16 27.778424 383.460361 45.241515 400.900054 21.815515 407.249744 24.227277 24.227277 -0.000000 4.957983 6.018492 0.000000
19 401.198664 320.857997 349.801650 315.282321 382.432979 255.536988 68.141028 68.141028 -0.000000 1.291046 2.070697 0.000000
23 265.890293 241.170860 240.980148 204.003889 293.937005 195.386330 53.714100 53.714100 -0.000000 2.120415 2.980279 0.000000
24 334.534121 153.406196 349.035737 175.481272 298.715883 191.995669 52.665721 52.665721 0.000000 5.460560 5.966072 0.000000
