1 4.341658 389.601930 45.840917 410.007663 21.186925 405.680209 24.819806 22.841980 0.183999 3.903699 0.173757 0.000000
3 443.985149 251.999774 435.619384 292.698455 375.156221 260.571263 69.004843 69.004843 -0.000000 6.159290 0.488413 0.000000
4 261.489406 149.615431 316.865026 142.170556 295.982463 195.942698 58.149948 58.149948 0.000000 4.072384 5.082815 0.000000
6 318.857666 244.671767 279.148823 247.847568 295.934937 182.281018 67.271881 67.271881 0.000000 1.218700 1.821429 0.000000
7 338.409454 157.575598 350.483310 207.050037 290.920989 194.228130 60.688565 60.688565 0.000000 5.625865 0.212033 0.000000
10 240.175537 185.297897 261.263169 149.281589 293.324461 192.306193 53.367624 53.367624 0.000000 3.272698 4.071977 0.000000
11 46.252218 410.282482 31.714594 431.608022 21.707460 408.068987 24.934931 24.934931 -0.000000 0.089939 1.168816 0.000000
13 352.530076 205.875352 388.027487 199.123244 381.684770 267.078221 68.113371 68.113371 0.000000 4.267830 4.805456 0.000000
14 435.801802 292.854537 419.418718 310.751074 384.658420 263.627272 58.850360 58.850360 -0.000000 0.519183 0.935254 0.000000
16 325.228309 287.421316 321.085244 244.882438 393.007814 261.201876 73.560641 73.560641 0.000000 2.772487 3.364718 0.000000
17 388.818511 198.676585 423.256984 214.879348 381.335349 261.562530 63.027133 63.027133 -0.000000 4.830828 5.444100 0.000000
19 353.058057 316.903965 330.135986 295.927877 377.309821 266.444718 55.833427 55.833427 -0.000000 2.018821 2.583001 0.000000
20 31.121581 432.601407 -0.791998 420.373542 20.512531 407.381985 26.277871 26.277871 0.000000 1.172599 2.593997 0.000000
