1 282.837299 139.527125 323.375027 145.576408 295.140690 197.180719 59.438173 59.438173 0.000000 4.502141 5.213027 0.000000
2 380.046628 323.178986 348.317923 313.671752 381.837353 263.903180 60.085798 60.085798 -0.000000 1.600997 2.163519 0.000000
4 419.514135 211.349571 441.801893 279.168922 380.179454 261.280691 64.006083 64.006083 0.000000 5.379633 0.282523 0.000000
5 -0.135612 392.867367 45.460475 407.128333 20.904193 408.054337 25.455240 25.455240 -0.000000 3.766814 6.245494 0.000000
7 359.124686 202.505324 419.521815 211.118240 381.101163 264.726751 65.962194 65.962194 -0.000000 4.372868 5.334228 0.000000
8 328.947005 149.179203 350.339623 206.057736 293.771112 193.641659 57.799777 57.799777 0.000000 5.381702 0.216061 0.000000
9 249.033760 223.968298 245.508240 166.624735 299.939139 193.830327 59.984463 59.984463 0.000000 2.607047 3.605095 0.000000
11 246.383503 166.536391 265.045951 147.299823 292.318548 189.247403 50.590150 50.590150 -0.000000 3.600763 4.135902 0.000000
12 31.196211 431.935647 11.973474 432.051996 20.402168 402.405267 31.324288 31.324288 -0.000000 1.220360 1.847792 0.000000
15 46.741606 407.934749 32.532865 431.569833 20.957190 408.362181 25.317287 25.317287 0.000000 6.266610 1.108120 0.000000
16 347.867294 314.157467 322.061242 244.608552 381.565016 261.496833 62.342361 62.342361 0.000000 2.140041 3.418139 0.000000
21 11.792457 432.924774 -0.106020 422.048640 20.105912 409.180122 24.489168 24.489168 -0.000000 1.907577 2.574639 0.000000
