1 790.496024 542.016245 791.622112 541.583179 779.827933 538.345516 11.464219 10.867477 -0.870111 0.331396 0.267914 1 
2 808.440852 465.810617 809.701156 464.929766 785.729633 469.512018 23.845211 22.908494 -1.144248 6.121629 6.094310 1 
3 802.642591 534.081309 803.077547 531.086142 779.795165 538.176084 23.200358 22.074179 -0.721688 6.105846 5.987587 1 
4 797.197117 472.415153 796.867344 472.035889 785.770675 469.642235 11.819865 11.204511 -1.225834 0.238073 0.212454 0 
5 228.382336 487.603184 227.747441 489.029348 241.658071 483.669594 19.176171 14.156152 1.267530 2.853535 2.773823 1 
6 735.625137 530.900020 735.170929 529.659505 711.725968 534.430072 22.996013 22.423816 -0.296142 6.136540 6.082446 0 
7 811.812741 387.171519 812.106232 386.896320 790.148672 398.120758 24.359925 23.305878 -1.474559 5.815219 5.810628 0 
8 814.864283 314.921589 813.429272 314.246777 792.858909 325.468121 24.584037 23.367232 1.423209 5.836258 5.783796 0 
9 228.395613 439.370247 229.404310 439.576257 240.040625 427.475325 19.381157 14.613535 1.373260 2.345579 2.291869 0 
10 722.369315 539.022526 722.609140 538.043006 711.717506 534.580463 11.230785 11.230785 -0.000000 0.395096 0.307805 1 
11 225.515812 317.254012 224.300600 318.043914 239.764907 312.311852 19.558634 14.955399 -1.534517 2.807735 2.786629 1 
12 226.935226 381.120558 226.799176 381.242163 239.366977 370.174594 19.535468 14.879406 1.483088 2.419665 2.419583 1 
13 245.076449 493.012110 236.743548 474.245970 241.421144 483.765857 9.558476 6.761671 1.281102 1.194324 4.255685 0 
14 802.118183 397.389423 801.738321 397.153441 790.204502 398.104635 11.997198 11.404977 -1.487834 6.223224 6.200902 1 
15 241.653447 417.231257 236.368379 417.198447 239.909849 427.532129 9.680351 7.203512 1.397516 4.880067 4.382222 0 
16 237.428160 475.124390 244.943493 493.081179 241.435894 483.758076 9.517466 7.165341 1.272318 4.277792 1.210951 0 
17 803.373484 327.999171 804.747172 328.252892 792.920215 325.409749 12.055912 11.434057 1.444559 0.242826 0.235919 0 
18 296.361747 494.207153 295.203601 493.559504 287.382012 490.592224 9.861898 7.731107 1.232682 0.382716 0.362597 1 
19 817.776259 243.688397 816.330200 242.997081 793.792218 252.914561 24.465225 23.155202 1.186692 5.915956 5.868650 1 
20 231.851126 365.771703 232.185627 365.985097 239.192620 370.127157 9.654221 7.313752 1.491831 3.677046 3.675466 0 
21 275.644725 501.234124 275.068120 502.983380 287.474950 490.528773 19.843928 15.612588 1.219107 2.406069 2.354273 1 
22 25.809012 367.422190 27.123324 337.127932 24.886471 352.119741 14.934493 7.644871 1.541024 1.510582 4.860501 0 
23 805.142693 255.544310 805.759663 255.283354 793.859211 252.810465 12.025557 11.354615 1.251265 0.237707 0.204882 0 
24 770.780850 188.535776 770.652808 189.082063 792.873584 181.817132 24.108886 22.580816 0.925666 2.846369 2.825604 1 
25 242.745555 244.308773 241.546372 243.686667 241.219172 254.427432 9.600685 7.284094 -1.419865 4.862108 4.742843 0 
26 804.049585 185.997442 804.422421 185.561675 792.910567 181.608119 11.830176 11.072488 0.917134 0.375366 0.330813 1 
27 324.090632 510.714506 325.320640 509.609273 337.571027 497.500842 20.543789 16.958096 1.172406 2.366186 2.362022 0 
28 270.317424 438.048246 270.140988 438.118930 286.310585 432.337647 20.117175 16.053465 1.343615 2.798638 2.798216 0 
29 739.713251 461.189264 740.663405 460.931514 716.448148 465.995545 23.652922 23.289112 -1.317756 6.079464 6.077031 1 
30 228.920677 206.912771 230.192685 207.331168 243.875988 197.544479 19.304004 14.591986 -1.319780 2.581974 2.520719 0 
31 233.921413 305.733443 233.445053 305.699451 239.621210 312.228858 9.623824 7.397733 -1.518206 3.992139 3.954786 1 
32 28.795108 424.631092 27.775650 423.932821 28.577671 440.554401 14.924114 7.727747 1.399094 4.726043 4.664175 1 
33 723.703603 474.682822 725.130880 474.690377 716.431335 466.155132 11.760605 11.423171 -1.330231 0.864689 0.775865 0 
34 743.891267 236.165509 742.730685 235.085274 723.562996 250.621867 24.259903 23.510145 1.172625 5.665018 5.602037 1 
35 225.590683 254.246367 226.334440 254.861559 241.327870 254.474474 19.488397 14.809795 -1.426103 3.156086 3.115781 0 
36 283.887960 422.467618 283.781056 422.589990 286.142689 432.422383 9.989302 7.961825 1.367559 4.489650 4.476665 1 
37 338.417094 508.339692 338.575313 507.572530 337.453501 497.555090 10.209310 8.392134 1.198665 1.481684 1.459275 0 
38 278.974007 364.996326 279.602072 366.944429 285.726763 372.789929 9.977065 8.096236 1.493182 3.998423 3.903671 1 
39 741.265993 383.551493 741.509211 383.285552 720.100066 395.003087 24.261387 23.591456 -1.559618 5.787248 5.782406 1 
40 274.091968 202.241232 274.245665 203.009358 290.318886 193.490540 20.052438 16.010692 -1.286026 2.647025 2.606916 1 
41 268.463827 376.741658 269.331267 379.030850 285.865702 372.817280 20.270784 16.316199 1.465450 2.919788 2.782125 1 
42 22.903588 381.745260 26.695523 411.603292 26.250347 396.520488 14.969941 7.905646 1.471497 4.489636 1.541289 0 
43 745.345516 312.986053 744.819647 312.232530 722.483569 322.763707 24.437848 23.649883 1.400622 5.879045 5.842607 0 
44 375.904731 514.183887 375.201752 515.830322 391.739130 504.507286 21.226247 18.292133 1.097349 2.593042 2.541214 1 
45 731.891323 397.021846 731.475850 396.386040 720.087679 394.964468 11.959647 11.579177 1.550270 0.172567 0.124186 1 
46 733.609952 112.169929 731.841150 109.787635 721.605418 111.684233 11.433300 10.828554 0.447456 0.040437 6.099971 1 
47 783.022940 133.922943 784.351287 136.620105 790.212544 113.405676 23.628336 21.663580 0.691027 1.907843 1.818111 1 
48 262.213145 133.775823 262.988643 131.845883 247.502041 141.989370 19.033610 14.195721 -1.195784 5.773975 5.703314 1 
49 246.495697 187.199750 246.252823 187.788974 243.629268 197.358453 9.488940 7.189677 -1.308686 4.987404 4.979973 1 
50 666.839614 525.799912 666.469515 525.789733 643.588062 529.653461 22.840668 22.188430 0.418889 6.118945 6.115905 0 
51 738.990507 162.020135 737.827292 161.112705 723.218808 179.939435 23.861357 23.034456 0.781019 5.434129 5.372288 1 
52 586.125991 531.022532 586.136948 529.477276 576.477859 524.289900 10.991436 10.991436 -0.000000 0.609259 0.492843 1 
53 20.557257 295.494321 28.159605 293.510007 25.588786 298.160585 5.615682 5.615682 0.000000 3.628882 5.217376 0 
54 779.118690 111.595079 778.384173 111.835769 790.254915 113.229821 11.596835 10.641381 0.701433 3.287347 3.258493 0 
55 -0.833026 338.976712 6.286130 338.500342 2.521695 341.314395 4.500480 4.500480 0.000000 3.750190 5.641263 0 
56 662.327463 105.558704 662.162815 105.371911 652.811488 111.747267 11.285842 10.826903 0.105926 5.706575 5.684806 1 
57 708.534131 131.318808 708.764985 131.080397 721.635671 111.895871 23.314711 22.068485 0.435638 2.164230 2.161716 0 
58 670.267999 455.506296 670.027111 455.001713 647.069193 461.972520 23.282543 23.282543 -0.000000 6.011354 5.988398 1 
59 735.112491 249.793281 735.728962 249.666713 723.551377 250.494487 11.913380 11.539225 1.163378 6.222607 6.215314 0 
60 553.306953 526.812095 553.599349 531.090764 576.543051 524.189078 22.630002 21.564667 0.744943 3.029183 2.849393 1 
61 27.102384 336.645891 25.982501 366.951329 25.561425 352.198615 14.823919 7.699785 1.551867 4.811146 1.542262 0 
62 440.407013 505.029374 440.534607 505.623702 449.751479 511.487866 10.818854 9.692967 1.111944 3.746359 3.708236 1 
63 733.212615 174.359650 733.212704 173.917189 723.201998 179.727234 11.726097 11.300742 0.833101 5.791007 5.757315 0 
64 293.227149 318.033847 293.792857 317.088026 286.220100 312.595504 10.006566 8.109746 -1.513370 0.660012 0.535440 1 
65 733.824893 325.607852 734.315479 325.289720 722.489941 322.660043 12.017174 11.603229 1.395852 0.254428 0.218812 0 
66 400.331554 510.127069 400.908123 509.854923 391.633024 504.599685 10.558996 9.066501 1.124857 0.566071 0.515496 1 
67 653.235246 88.589552 653.000000 92.000000 652.885213 111.982359 22.936947 22.039383 0.039462 4.727351 4.718133 1 
68 292.185686 117.316819 291.935333 116.806916 293.686178 135.912959 19.732267 15.540856 -1.150850 4.631875 4.621006 1 
69 270.862129 256.183412 271.459531 256.441545 287.866375 252.606428 20.228697 16.272315 -1.402691 2.934257 2.911965 0 
70 293.373244 244.243165 292.872550 244.329388 287.729803 252.566478 10.000661 8.006754 -1.397253 5.308216 5.270514 0 
71 273.586726 327.076700 273.524495 327.362193 286.366028 312.656739 20.305022 16.412034 -1.539787 2.295948 2.288634 1 
72 343.796036 443.314105 344.568593 443.041060 336.633871 437.390568 10.387557 8.596606 1.344765 0.691024 0.618816 0 
73 428.531013 512.693696 429.215206 515.163466 449.843183 511.393728 21.814634 19.529386 1.025791 3.080672 2.960838 1 
74 634.702531 521.900008 635.573163 522.740456 643.512364 529.803454 11.137351 11.137351 -0.000000 3.872812 3.868652 1 
75 252.620120 147.214177 253.118833 146.955730 247.373458 141.866763 9.363860 7.040633 -1.222612 0.794908 0.724886 1 
76 327.611508 453.527290 327.140555 455.930409 336.764884 437.338741 20.870020 17.394813 1.304980 2.085403 2.048479 1 
77 488.481839 518.855375 489.987495 520.477479 511.719916 518.007922 22.294487 20.678463 0.902942 3.105141 3.028443 1 
78 522.408878 521.320439 522.107177 521.045800 511.599913 518.108517 11.068985 10.221266 0.957004 0.288843 0.272589 1 
79 596.268737 94.080718 596.087110 92.950275 585.231158 113.435381 22.585935 21.488921 -0.421259 5.230669 5.199704 0 
80 327.126396 126.015489 326.927769 126.287208 344.112183 130.174913 20.441346 16.874020 -1.080572 3.381744 3.364082 1 
81 26.315757 412.735230 22.995285 379.454341 25.251365 396.785267 14.536546 6.852212 1.464389 1.504162 4.582940 0 
82 378.669290 457.157554 378.595965 459.779861 391.442719 442.449145 21.583303 18.800770 1.256409 2.285901 2.208687 1 
83 288.691342 182.833818 287.053083 183.637999 290.185546 193.362463 9.859154 7.882782 -1.287784 4.571412 4.400762 0 
84 319.679360 385.040021 320.825107 384.582461 336.584429 375.688312 21.048572 17.792357 1.459149 2.636304 2.627781 0 
85 328.020005 370.145954 328.359511 370.899672 336.445863 375.636671 10.378091 8.802704 1.466138 3.719127 3.671507 0 
87 296.433481 143.848177 296.930379 144.316529 293.581746 135.778605 9.726095 7.701166 -1.164829 1.231101 1.197026 0 
88 325.806994 297.865434 321.607836 300.818077 337.302585 313.252218 21.074971 17.861863 -1.557901 4.070741 3.811589 0 
89 669.416098 378.989941 670.569227 377.070525 649.999494 391.758162 23.683705 23.683705 -0.000000 5.701491 5.663098 1 
90 25.171038 323.794482 20.467425 294.409441 24.236780 307.992336 14.364854 6.800609 -1.557358 1.511743 4.441693 0 
91 656.889971 468.979562 656.570604 468.701141 647.004851 462.107741 11.582774 11.364846 1.301922 0.607476 0.603489 1 
92 661.109322 397.018156 660.354737 396.595046 649.939903 391.678061 11.848263 11.479470 1.447481 0.445974 0.441091 1 
93 397.799592 104.266642 397.320703 104.635819 398.754554 124.825457 21.098743 18.206565 -0.997770 4.665972 4.641489 0 
94 323.447551 199.581839 323.759783 200.000530 341.022206 189.653789 20.743262 17.505314 -1.241344 2.627376 2.601630 1 
95 28.331704 292.352119 24.396037 322.842491 25.681311 307.520885 14.883911 7.510750 -1.564064 4.885370 1.654487 0 
96 319.675665 250.940590 319.946169 252.981667 338.813431 250.958268 20.992162 17.793863 -1.385888 3.142516 3.034757 1 
97 429.317249 383.392254 430.507398 383.705441 451.057631 381.836084 22.468454 20.642503 1.390963 3.070135 3.050877 0 
98 341.482098 139.602287 341.700485 140.082418 343.984193 129.983896 10.060969 8.329632 -1.076837 1.825292 1.793198 0 
99 11.090471 425.834201 13.878393 444.170533 -14.436630 439.103764 27.910895 27.910895 0.000000 5.803806 0.177069 0 
100 673.728368 165.426168 673.374714 165.661443 653.474969 179.194974 23.267957 23.267957 -0.000000 5.686127 5.685950 1 
101 9.273111 382.976273 7.369439 407.571659 -11.396642 396.152916 22.592084 22.592084 -0.000000 5.715659 0.546630 0 
103 6.139562 338.501265 -0.527407 363.842665 2.807246 351.280154 14.368081 7.188088 1.553225 4.967476 1.830258 0 
104 430.773922 456.079500 431.206177 457.052996 450.277552 447.598010 22.227438 20.138166 1.167827 2.731394 2.681336 1 
105 593.982760 106.031981 593.474679 106.304538 585.127284 113.216922 11.125318 10.566098 -0.365252 5.601558 5.591550 1 
106 350.270769 189.572034 349.933234 189.271382 340.905709 189.512461 10.218958 8.661379 -1.257687 0.006361 6.256487 0 
107 529.009404 95.256453 528.422626 94.608733 519.784246 116.203365 22.157004 20.596755 -0.722094 5.127236 5.092916 1 
108 33.873581 251.998813 23.633135 278.078910 27.156935 263.703413 14.419080 7.116713 -1.439650 5.233356 1.811182 0 
109 23.435655 278.723124 27.825084 247.072095 37.108654 263.912799 19.231210 19.231210 0.000000 2.316286 4.208581 0 
110 400.502354 444.575286 400.880807 444.301246 391.254405 442.542445 10.742021 9.287954 1.275876 0.216374 0.180713 0 
111 445.847253 103.663497 444.247872 103.803470 457.424375 120.104125 21.707136 19.506308 -0.885721 4.098865 4.032582 1 
112 559.785223 471.265097 561.133783 470.713593 578.893827 457.445306 23.228732 22.256477 1.042631 2.515450 2.499959 0 
113 375.000000 190.000000 376.650606 191.071900 396.079695 186.231331 21.475809 18.879173 -1.155621 2.964680 2.897423 1 
114 670.082991 232.699128 670.176679 229.929666 653.192096 249.073815 23.899300 23.434374 1.366913 5.513304 5.438084 1 
115 404.424146 115.707417 404.279857 114.398622 398.653449 124.654064 10.372569 8.941978 -1.004523 5.285250 5.214177 1 
116 664.138612 173.224524 663.270209 173.363346 653.371982 178.991623 11.427658 11.427658 -0.000000 5.791429 5.766163 1 
117 345.754980 319.046149 344.994181 316.983316 337.197979 313.201810 10.387263 8.836978 -1.557292 0.599218 0.451612 1 
118 459.512567 453.918856 459.283938 453.352376 450.167834 447.688397 11.054949 9.952516 1.229434 0.588050 0.555946 1 
119 671.194226 305.155519 671.268020 304.473870 652.000222 320.332440 24.181742 23.456541 1.408741 5.614134 5.594540 1 
120 663.935412 321.311838 663.494029 320.529339 651.939305 320.280492 11.902991 11.557246 1.389027 0.085762 0.021533 1 
121 590.138502 458.308543 590.672819 457.441938 578.756541 457.572419 11.546841 11.022538 1.175312 0.064585 6.272236 1 
122 466.773886 122.338360 466.875683 122.044384 457.311054 119.890929 10.678558 9.575867 -0.865041 0.253090 0.221455 0 
123 29.050297 233.407111 28.890747 202.627661 28.432293 219.297556 14.656869 7.319490 -1.443361 1.527024 4.739884 0 
124 9.512374 298.002872 9.394676 319.002212 -17.584548 307.578852 27.796082 27.796082 -0.000000 5.943487 0.400526 0 
125 387.336664 389.163317 392.181559 367.398400 391.446643 378.677981 10.754936 9.551902 1.409972 1.944365 4.777452 0 
126 599.766606 375.446346 600.378749 373.147947 581.054474 388.454884 23.642617 22.794079 1.383056 5.675693 5.613274 1 
128 489.711871 453.598253 490.479941 456.098959 512.953490 452.646734 22.793955 21.274667 1.100750 3.100675 2.989171 1 
129 392.258508 367.767488 388.000965 388.934020 391.604054 378.674163 10.737143 9.502713 1.523204 4.772322 1.908525 0 
130 5.304522 238.635947 4.761381 209.421797 5.210400 223.518052 13.579412 5.673199 -1.469935 1.564570 4.680546 0 
131 332.435226 243.153401 332.909967 243.800566 338.674969 250.885771 10.366848 8.737778 -1.408207 4.033416 4.029370 1 
132 441.007966 377.969323 440.850406 378.796966 450.898533 381.768166 11.123792 10.206060 1.425322 3.508307 3.429097 1 
133 30.204190 190.511285 33.681953 160.890601 31.813392 175.906159 14.526976 7.088482 -1.366265 1.680534 4.836194 0 
134 376.485358 392.208185 375.974408 393.005995 391.667566 378.681122 21.773332 19.248094 1.435889 2.413783 2.401745 1 
135 591.266694 394.931137 591.660431 392.906759 580.926983 388.404014 11.662824 11.277943 1.478138 0.563094 0.397208 1 
136 585.158332 156.790642 584.673483 156.057818 584.837093 179.588246 22.961772 22.545661 -0.870636 4.726479 4.705436 1 
137 664.509429 250.557417 665.058088 250.279940 653.119287 248.963578 11.800187 11.526742 1.301799 0.139029 0.109816 0 
138 469.454111 264.823156 470.626504 262.223171 453.668160 248.611820 22.354701 20.687242 -1.359233 0.798692 0.676345 1 
139 492.156843 382.944563 491.535694 383.802437 514.377376 385.116673 23.111087 21.812796 1.385606 3.239035 3.199066 1 
140 525.945692 106.413560 525.369919 106.617015 519.629535 115.987425 10.892479 10.231420 -0.730267 5.295573 5.262027 1 
141 597.392449 178.440192 595.292387 177.688731 584.709538 179.373174 11.294257 11.119294 -0.754907 6.209755 6.125342 1 
142 390.717534 271.751506 390.751362 271.726632 394.130455 249.614902 21.694453 19.247949 -1.366877 1.723767 1.722442 1 
143 7.810033 318.101497 -0.582552 321.462764 2.561470 317.567898 5.222901 5.222901 -0.000000 0.101318 2.249926 0 
144 6.085804 249.668840 -0.999901 274.562102 4.288054 265.532310 14.362576 7.047730 -1.481633 4.825234 2.100569 0 
146 10.884992 167.307570 17.277741 172.554291 11.155051 172.547759 5.271646 5.271646 -0.000000 4.660898 0.001067 0 
147 538.408087 168.689343 538.196364 168.544080 518.557514 180.997714 22.607476 21.387709 -1.044715 5.728153 5.718046 1 
148 534.559040 303.477947 534.868829 302.206978 515.850217 316.556402 23.168867 21.969273 1.497639 5.673095 5.636814 1 
149 461.061459 319.917466 461.641657 320.007757 451.975799 315.113688 11.132843 10.213282 -1.513737 0.486359 0.468695 0 
150 607.270686 315.954375 606.131783 314.859560 582.791341 318.264932 23.727856 22.901890 1.446246 6.189076 6.138307 0 
151 437.464698 195.667788 436.903963 196.864790 455.387761 183.274778 22.098174 20.276311 -1.082716 2.536624 2.507606 1 
152 396.343429 197.015391 397.002455 196.052557 395.923534 186.052071 10.565439 9.313498 -1.148276 1.532515 1.463325 1 
153 408.065201 298.767046 407.860370 298.035682 392.545111 314.053846 21.776711 19.430169 -1.566161 5.505360 5.475358 1 
155 522.393236 459.936983 522.194847 458.622232 512.789886 452.756000 11.335492 10.575094 1.186668 0.642065 0.557691 1 
156 434.267760 328.533791 435.102636 329.836452 452.155137 315.181441 22.542951 20.777194 1.570080 2.500356 2.431664 0 
157 36.828811 208.129485 29.218282 234.418227 13.925667 217.065851 23.066590 23.066590 -0.000000 5.911172 0.848410 0 
158 383.349173 308.029604 383.903021 309.739893 392.418840 314.019312 10.234646 10.234646 -0.000000 3.725252 3.607259 1 
159 524.988881 388.132661 525.016074 387.267434 514.201342 385.084816 11.425220 10.800944 1.430760 0.275357 0.199144 1 
160 33.728884 160.917911 31.554960 190.557559 32.682428 175.628200 14.606565 7.294909 -1.363207 4.783407 1.646173 0 
161 403.462606 251.181489 403.345421 250.837788 393.971273 249.490374 10.713042 9.517930 -1.376144 0.176324 0.142759 1 
162 594.511230 253.971467 593.492942 253.317716 583.962729 248.162219 11.445954 11.445954 -0.000000 0.503394 0.495879 1 
163 606.800909 240.837588 606.640793 240.077857 584.054914 248.238731 23.450840 22.884073 -1.419332 5.968608 5.936456 1 
164 -0.685549 296.073001 8.740438 298.217262 -2.818223 406.696340 113.225057 18.749911 -1.512411 4.731665 4.818540 0 
165 507.871615 176.951995 508.439430 177.326957 518.425812 180.858232 10.848362 10.848362 -0.000000 3.496071 3.481479 1 
166 458.460018 193.456346 459.098674 193.624607 455.284155 183.090133 10.873107 9.960022 -1.071027 1.273509 1.223384 1 
167 592.204735 325.050624 592.594498 324.916028 582.705001 318.200716 11.510199 11.510199 -0.000000 0.624723 0.596516 1 
168 527.199924 318.234354 526.368257 317.625695 515.731232 316.485470 11.434339 10.837516 1.555177 0.151326 0.106786 1 
169 532.087269 230.274780 531.641793 229.615742 517.231171 248.135048 22.977831 21.874111 -1.348315 5.406219 5.373658 1 
170 28.768290 204.687783 36.245540 208.649551 30.345274 209.877108 5.627031 5.627031 -0.000000 4.417367 6.078060 0 
171 0.988460 379.779919 8.391931 383.630847 2.368971 385.318656 5.806487 5.806487 0.000000 4.468120 6.009964 0 
172 10.468965 208.217864 5.477082 238.527977 7.505544 223.343693 13.878236 5.874527 -1.425990 4.905856 1.703600 0 
173 506.247190 246.111166 506.304389 246.465105 517.066517 248.018444 11.361673 10.755367 -1.345595 3.316084 3.284937 1 
177 8.366552 196.105715 6.678536 169.564160 8.977656 181.947399 13.674078 6.323842 -1.389674 1.613932 4.528815 0 
178 443.146350 246.967809 443.422180 247.462249 453.535364 248.507889 11.049232 10.153798 -1.392290 3.288762 3.244620 1 
179 17.641915 172.934617 14.155556 192.028403 -10.581479 177.066274 27.762817 27.762817 -0.000000 6.137827 0.543976 0 
182 3.871532 210.959564 10.112758 209.507534 7.841507 213.385680 4.577683 4.577683 0.000000 3.690146 5.242193 0 
187 85.153674 506.873530 81.218471 470.976050 737.791448 407.717807 659.675122 659.675122 -0.000000 2.990815 3.045543 0 
188 857.027603 640.040685 806.009812 638.644713 855.245548 -200.445954 840.270891 840.270891 0.000000 1.568676 1.629407 0 
