1 771.066535 516.217446 772.732161 514.698481 750.462286 521.471915 22.688450 20.369669 -0.978359 6.033489 5.987923 1 
2 803.217481 500.359590 801.996090 499.694828 811.249376 518.643198 22.206333 18.998723 -1.072028 4.298473 4.258111 0 
3 834.193550 442.953863 833.864700 442.895857 815.142712 453.540376 22.525300 19.609011 -1.288786 5.775978 5.766207 0 
4 835.737466 378.264910 836.407425 377.063105 817.224369 386.927379 22.604208 19.856094 -1.489264 5.845537 5.808228 1 
5 776.029250 446.974845 775.033595 444.955993 753.871508 454.988468 22.985998 21.050206 -1.190560 5.936159 5.840490 1 
6 801.893408 335.119238 803.210326 335.664956 817.799838 319.794187 22.584511 19.907287 1.457035 2.374808 2.314156 0 
7 776.682837 377.051913 778.000000 376.000000 755.748522 386.831602 23.160201 21.383521 -1.482989 5.846153 5.830169 0 
8 708.021438 514.950362 707.583431 514.931780 685.979843 523.550713 23.082837 21.436277 -0.804241 5.911167 5.903577 0 
9 830.570467 238.521046 830.889931 237.424609 816.672937 253.349625 22.484301 19.579235 1.242495 5.465387 5.441182 1 
10 775.353561 305.806554 774.551543 304.669742 756.237832 318.182095 23.157537 21.316275 1.388258 5.708639 5.647520 1 
11 235.138232 506.849640 233.612574 506.202174 215.371045 514.399902 22.289592 19.278731 1.095284 5.918327 5.860831 1 
12 256.548934 525.532644 256.890825 526.125441 276.935249 518.137177 22.783560 20.577081 0.976309 2.793590 2.762356 1 
13 769.096369 233.853589 768.653995 232.199360 755.366457 250.258411 22.955519 20.943898 1.153176 5.409254 5.346729 1 
14 797.602818 200.200810 798.036729 200.990159 813.836221 188.557702 22.200353 18.921215 1.060861 2.519395 2.474897 1 
15 211.126103 359.418973 210.537439 358.619072 211.589201 382.045020 22.740852 20.133182 1.493413 4.691924 4.667522 1 
16 196.619962 460.431799 202.003559 467.987467 212.694833 448.990438 22.589448 19.894793 1.271069 2.523021 2.083404 0 
17 190.000000 317.000000 191.789000 318.750965 212.047142 314.727081 22.716360 20.129420 -1.432211 3.038862 2.945514 0 
18 793.990043 136.158410 794.334471 137.527599 809.618481 126.298768 21.835106 18.050928 0.903313 2.578777 2.507970 1 
19 770.660005 173.115646 770.593900 172.502325 753.139140 184.072387 22.701450 20.224183 0.951239 5.724332 5.697823 0 
20 743.192464 139.750186 745.460806 142.541824 749.674894 120.569265 22.302190 19.214719 0.789880 1.896707 1.760284 1 
21 323.468969 534.631360 324.498736 535.841186 342.020058 521.148360 23.136684 21.599456 0.826691 2.513103 2.443773 1 
22 642.620839 520.235705 642.305480 520.064544 618.592705 524.916595 23.373238 22.290302 -0.568922 6.090786 6.081354 1 
23 710.997378 448.351063 711.095896 447.006242 688.682612 455.960334 23.404050 22.251791 -1.070368 5.954553 5.903111 1 
24 692.970206 158.418685 692.881878 158.199400 688.777735 180.245119 23.124651 21.287167 0.785172 4.902160 4.896447 1 
25 690.007976 95.095623 688.328569 93.517190 686.251277 115.836067 22.687253 20.192410 0.624896 4.891575 4.805195 1 
26 253.947024 454.842018 252.745043 455.130606 274.809185 451.336836 23.085075 21.199970 1.192269 2.975131 2.971315 1 
27 619.443313 90.444546 619.034515 90.888338 619.936725 112.433174 23.017455 20.871800 0.408887 4.689953 4.670538 0 
28 392.015225 536.816194 390.779058 537.783172 409.795948 523.463489 23.396577 22.343907 0.574242 2.497474 2.496175 1 
29 711.066108 304.135863 709.916629 304.806398 690.794211 316.753896 23.573651 22.490655 1.304613 5.726429 5.724737 0 
30 252.303502 385.639183 251.275907 385.788857 273.973707 382.969437 23.208362 21.597871 1.471988 3.019011 3.018010 1 
31 202.409760 467.705513 196.137016 460.874187 216.975021 447.440210 24.710362 24.710362 0.000000 2.193982 2.568962 0 
32 709.469317 373.414247 709.076489 371.686947 690.237863 386.622211 23.542301 22.597133 -1.462039 5.681380 5.612850 1 
33 703.036014 228.918157 703.085574 227.591620 690.309938 247.594956 23.397768 22.132963 1.015516 5.310512 5.280762 1 
34 479.676289 87.196991 479.484169 88.089593 482.956079 109.631653 23.101059 21.300056 -0.101522 4.567224 4.552594 0 
35 255.004086 240.224150 254.254422 242.153910 276.262036 245.880540 23.057999 21.205814 -1.146792 3.401651 3.309335 1 
36 194.262801 248.948410 192.618241 250.850822 214.177966 247.973151 22.559903 19.795005 -1.239188 3.092661 3.008903 1 
37 548.048501 87.830727 547.970246 88.585617 551.820627 110.275328 23.164395 21.252489 0.167983 4.545881 4.536698 0 
38 346.830527 90.906433 346.143941 91.869464 347.854210 112.512530 22.720214 20.393141 -0.574720 4.665045 4.629728 0 
39 532.166446 541.904345 532.703116 541.961076 549.342155 525.373329 23.558672 22.722884 -0.229344 2.375319 2.357738 0 
41 262.738287 116.077080 261.804143 116.378895 283.640088 115.943545 22.344060 19.390591 -0.739058 3.135204 3.121658 1 
42 197.822179 178.971955 197.954160 179.334447 217.767478 182.873773 22.289903 19.145306 -1.039923 3.334779 3.318362 1 
43 251.762354 314.305496 252.191381 314.637334 274.442532 314.123604 23.181487 21.543310 -1.397976 3.133573 3.118509 0 
44 630.976109 156.848513 630.654988 157.230034 621.393366 177.463125 23.433322 22.089680 0.536017 5.147525 5.141666 0 
45 243.635224 117.838848 242.683494 117.117115 222.832755 120.418462 21.904374 18.285579 -0.878567 6.159810 6.118385 0 
46 282.348419 157.308630 281.525007 157.214572 279.411363 179.522417 22.715474 20.450925 -0.926585 4.843844 4.806856 1 
47 493.192096 544.367098 495.057509 544.276415 479.286447 524.867529 23.510179 22.766356 0.217405 0.951315 0.888438 1 
48 611.513499 479.544651 611.914427 479.556908 620.500058 456.492561 23.693306 23.061675 -0.850342 1.942511 1.927151 0 
49 328.612799 471.863149 327.953683 473.187840 340.527434 453.340257 23.486844 22.311337 1.089491 2.142403 2.135496 0 
50 411.915450 89.501253 410.894940 88.403690 414.620724 110.368134 22.954860 21.022653 -0.358405 4.583464 4.544360 0 
51 320.115656 396.201118 321.196710 398.105720 340.070387 383.842195 23.630547 22.651544 1.446329 2.587068 2.494430 0 
52 386.860516 465.088742 387.483493 466.959767 409.117238 454.903063 23.760661 23.125745 0.903147 2.712399 2.633154 1 
53 329.748080 160.443582 329.973174 160.715242 344.538432 176.994540 23.096935 21.519375 -0.741885 3.983107 3.982504 0 
54 502.662223 444.469894 501.124452 443.848745 479.466252 455.974751 23.816589 23.550149 0.443797 5.822755 5.772788 1 
55 573.078655 448.304897 574.003061 447.948302 550.387470 456.453979 23.724025 23.724025 -0.000000 5.938400 5.937477 1 
56 317.115919 316.537272 316.438456 318.132089 340.566024 313.792623 23.612180 22.682454 -1.320247 3.025081 2.963640 1 
57 318.902120 250.162288 320.259281 250.115178 342.100831 244.470734 23.426893 22.315147 -1.026919 2.901005 2.888699 0 
58 643.725868 375.780354 642.646068 375.203133 621.698931 386.289509 23.851265 23.434510 -1.394577 5.838021 5.796409 0 
59 385.633074 389.315679 385.284541 392.114680 409.014653 384.599984 23.889733 23.484282 1.389131 2.942578 2.834910 1 
60 456.938562 394.054386 456.780457 397.003751 479.830259 385.285010 24.038731 23.922164 1.206028 2.775756 2.671240 1 
61 639.882646 298.265707 638.064375 295.937131 622.311508 315.577507 23.879678 23.405554 1.152383 5.505222 5.388388 1 
62 402.486811 155.149875 401.871997 154.730454 412.411516 175.455442 23.367134 22.214877 -0.496204 4.257768 4.241931 1 
63 636.836754 226.481081 636.306469 226.090355 622.190646 245.512640 23.705178 23.006953 0.796558 5.368297 5.340866 1 
64 574.077304 376.914003 574.250340 376.649503 551.182017 385.857556 24.013843 23.966044 -1.049058 5.910784 5.903400 0 
65 490.036024 197.208783 494.552441 156.494686 481.996363 174.921365 23.567171 22.472717 -0.126947 1.224598 5.310527 0 
66 573.497995 163.681593 571.576305 161.406753 552.108286 175.630783 23.584326 22.500937 0.246513 5.773731 5.652193 1 
67 528.058899 324.808900 529.445915 326.130716 551.805960 314.642134 24.073243 23.887950 0.591763 2.737076 2.666966 1 
68 385.709012 244.018627 386.176132 245.446611 410.714303 243.606260 23.693564 23.079549 -0.780741 3.125103 3.066733 0 
69 573.506109 236.884477 575.171520 232.996887 552.102940 244.133486 23.679712 23.679712 -0.000000 5.956623 5.833424 1 
70 431.642022 303.320510 431.506872 300.964160 409.571194 313.802634 23.703295 23.703295 -0.000000 5.839793 5.753661 1 
71 495.515312 155.376099 489.702135 196.516764 483.171739 174.707514 22.298623 22.298623 0.000000 5.280654 1.279860 0 
72 460.201355 256.581020 460.410372 257.923057 481.107469 243.496309 23.689889 23.689889 -0.000000 2.582361 2.532855 1 
73 503.537971 304.990678 502.471450 305.270278 480.389308 314.049689 24.024450 23.917527 -1.238596 5.910166 5.904767 0 
111 563.646684 154.365881 571.920608 164.474876 548.834991 175.177887 25.408634 25.408634 0.000000 5.330917 5.849061 0 
