1 786.197704 505.108551 786.489906 508.942195 804.658583 498.760217 19.640715 17.352137 -1.202657 2.810380 2.630789 1 
2 823.523427 433.496734 822.707325 432.007727 805.514403 440.843893 19.760815 17.615584 -1.417518 5.895826 5.808446 1 
3 769.213325 496.964983 769.788610 496.140444 750.574564 501.513466 19.972588 18.351216 -1.138973 6.043830 6.010510 1 
4 817.268428 262.667723 818.038794 260.951940 800.562004 266.957827 19.469718 17.207668 1.157973 6.031823 5.952179 1 
5 769.184251 434.589585 769.709029 433.969868 751.306949 442.580986 20.106908 18.671146 -1.360953 5.862817 5.845511 1 
6 823.273030 381.596032 823.545101 381.541825 804.996577 382.439983 19.707263 17.656191 1.528391 6.237041 6.234801 1 
7 263.042142 514.216601 282.246250 483.398765 280.091898 504.647587 21.573059 18.790281 0.946162 2.630160 4.813431 0 
8 820.326221 318.776599 821.070927 318.076529 803.392859 324.195982 19.600099 17.572690 1.349330 5.973444 5.949935 1 
9 711.938582 492.085482 710.355112 493.096263 693.814749 503.767159 20.238291 19.152010 -1.005344 5.710652 5.710232 0 
11 813.670698 206.917078 813.322598 205.965965 796.600195 211.239893 19.185410 16.644669 0.993232 6.035166 5.977678 1 
12 766.922627 371.504890 767.164089 370.971257 750.827645 383.122937 20.076133 18.729486 1.508381 5.657950 5.643639 1 
13 742.228219 191.090483 740.585417 189.172982 743.490454 209.060410 19.514105 17.538672 0.886155 4.642263 4.567341 1 
14 767.537920 334.009558 766.738342 332.032825 749.316279 323.912092 20.009765 18.519684 1.274646 0.506021 0.436176 1 
15 760.448806 252.836332 760.553172 252.614121 746.867993 265.687694 19.765380 18.143939 1.064738 5.525377 5.520639 1 
16 754.577446 146.449843 754.902579 146.269643 739.284587 154.602010 19.170711 16.752967 0.747341 5.793433 5.793090 1 
17 777.523341 166.588140 778.346753 168.902472 791.711284 157.608086 18.871870 15.949076 0.852811 2.577307 2.439949 1 
18 259.627732 394.522560 260.199371 396.974515 276.937532 386.327791 19.881937 18.307373 -1.549075 2.699436 2.575069 1 
19 319.428491 518.223325 318.786297 518.815073 334.488270 505.252864 20.048334 18.886302 1.060319 2.430595 2.429183 1 
20 282.263333 484.202631 263.111849 513.779773 278.464617 503.343339 19.844953 18.051837 1.129865 4.908306 2.544570 0 
21 258.714221 449.586465 258.105013 449.979377 277.250283 445.156482 19.846196 18.319749 1.354494 2.907000 2.894817 1 
22 713.674541 379.700815 713.940423 377.990684 693.798878 383.836231 19.958873 19.958873 -0.000000 6.078048 6.000722 1 
23 700.037396 143.843347 700.393059 141.905524 684.502601 152.271789 19.405937 17.426428 0.593385 5.786078 5.705154 1 
24 676.536090 452.824665 675.353430 453.973364 694.288930 444.084629 20.366842 19.522181 -1.283979 2.684110 2.660318 1 
25 655.329125 500.416906 655.132864 500.013240 634.917430 505.569875 20.423274 19.790935 -0.781334 6.035900 6.014939 1 
26 709.337134 313.866118 709.825134 312.858178 692.575601 323.794292 20.265443 19.318125 1.173046 5.748433 5.718144 1 
27 258.109851 332.313372 259.588340 332.129187 277.578587 327.744991 19.753432 18.160183 -1.324407 2.911110 2.902554 0 
28 592.330803 494.914739 592.326764 494.710008 574.591938 506.755461 20.542133 20.154078 -0.464849 5.694605 5.686557 1 
29 705.940258 200.895608 705.290898 197.091742 687.888468 207.294054 19.786060 18.284051 0.731737 5.942552 5.752932 1 
30 316.098213 456.679558 316.871895 457.475443 333.374199 446.011341 20.170758 19.151609 1.295346 2.588392 2.534435 1 
31 373.048245 513.923410 373.771936 514.050528 392.751350 506.504697 20.290036 19.553787 0.895257 2.781486 2.763174 1 
32 262.578224 218.185721 263.839182 218.457383 281.575336 213.834217 19.300515 17.207181 -0.950382 2.916416 2.886603 0 
33 709.232572 257.699277 709.265646 257.031994 690.604646 264.725168 20.067971 18.970114 0.951932 5.922514 5.892155 1 
34 654.475662 436.933475 653.712051 437.043610 635.113521 445.303699 20.549218 20.139575 -1.129212 5.875149 5.865227 0 
35 261.102487 277.910841 260.980129 280.068989 279.167349 270.019256 19.564577 17.790727 -1.134902 2.729730 2.636778 1 
36 314.250046 394.751257 314.239027 395.003308 333.025669 386.254395 20.168613 19.269889 -1.538325 2.716622 2.705761 1 
37 303.203029 149.321702 299.444738 147.167750 284.829048 159.829997 18.962265 16.495187 -0.787286 5.763675 5.569278 1 
38 639.538299 137.675189 639.151833 134.907560 627.774381 150.871749 19.625676 17.881788 0.406386 5.440454 5.331578 1 
39 618.601728 397.770732 620.352259 398.645382 634.676635 384.430661 20.373271 20.373271 -0.000000 2.448902 2.360037 0 
40 320.595403 159.186337 319.284341 159.727555 338.879349 156.389943 19.237086 17.193516 -0.652611 2.989826 2.972882 1 
41 431.935101 509.218874 431.682927 509.922142 452.651365 507.242521 20.243945 20.243945 -0.000000 3.046480 3.014489 1 
42 491.563813 506.768825 491.793146 509.277303 513.525635 507.301189 20.512789 20.265499 0.101106 3.165828 3.050913 1 
43 318.010078 216.995092 316.682510 218.147195 336.451614 211.098658 19.557213 18.044148 -0.803990 2.832129 2.799101 1 
44 430.300833 390.073873 431.574583 392.304753 451.601603 385.791043 20.606832 20.385731 -1.559466 2.943174 2.827138 0 
45 589.767221 432.306633 589.769316 428.744588 574.501797 446.113913 20.616356 20.616356 -0.000000 5.547900 5.433476 1 
46 372.221816 452.842202 372.130257 454.006426 391.821274 446.584529 20.469393 19.859497 1.231960 2.832545 2.781142 1 
47 492.555755 453.728975 493.404855 456.028610 513.146159 446.675183 20.617927 20.617927 -0.000000 2.811546 2.699124 1 
48 316.498706 338.095665 317.238404 338.134978 333.432692 326.704812 20.055474 19.067739 -1.262226 2.549451 2.526975 0 
49 314.567483 270.201949 315.411636 270.492636 334.570176 268.043479 19.867666 18.686506 -1.023093 3.034100 3.014446 0 
50 371.824921 332.127035 371.518967 333.055759 391.614497 325.775898 20.322770 19.734951 -1.126942 2.831043 2.794035 1 
51 410.316121 378.258528 411.179287 375.960346 391.443506 386.057770 20.456267 19.894358 -1.516142 5.891303 5.810277 1 
52 609.673421 207.814094 610.206319 210.173445 630.233647 206.312552 19.980270 18.839085 0.530852 3.068691 2.951148 1 
53 554.919635 396.077166 556.497076 396.471908 574.064065 384.972099 20.653147 20.554142 1.487952 2.615958 2.561972 0 
54 377.235320 148.007395 376.658678 147.949347 394.999431 153.586772 19.484668 17.790860 -0.480525 3.445918 3.439798 0 
55 615.703615 335.209502 616.852725 335.798492 633.723188 323.823105 20.471850 19.980247 1.037823 2.578054 2.524291 0 
56 472.989034 443.187986 466.229696 433.906990 452.008569 446.797655 20.615353 20.321519 1.069124 6.112804 5.546821 0 
57 370.932221 273.084842 373.642413 276.054461 392.309275 266.458202 20.113167 19.402525 -0.864039 2.840998 2.666745 1 
58 589.106442 252.860345 589.624752 252.401420 572.475037 264.051330 20.401605 19.890568 0.433410 5.690892 5.686483 1 
59 651.621991 257.986630 651.483121 257.990890 632.236321 264.176137 20.255628 19.585389 0.728679 5.974133 5.972245 0 
60 553.433051 331.740575 553.786019 332.044574 573.430990 324.028736 20.581083 20.338722 0.602397 2.773534 2.754179 1 
61 518.267890 186.548097 514.875094 185.554697 511.516830 206.144549 20.036459 19.195187 -0.037469 5.044159 4.874068 1 
62 586.910810 141.067209 586.579197 139.848299 569.745736 150.205341 19.736287 18.193273 0.188820 5.793980 5.731617 1 
63 531.803132 375.111621 530.037859 373.285917 512.744245 385.453193 20.674481 20.562563 1.486294 5.786032 5.670067 0 
64 432.188250 275.373822 433.443985 276.081466 451.641629 265.216739 20.052455 20.052455 -0.000000 2.660403 2.603352 1 
65 492.010239 330.991992 491.893855 331.082942 512.376348 324.431213 20.507934 20.507934 -0.000000 2.829948 2.827585 1 
66 493.594186 161.103025 494.622176 162.358155 511.069200 150.491255 19.671777 18.296519 -0.044921 2.595857 2.516568 1 
67 464.873773 191.673189 464.570232 191.758691 452.019634 207.181230 19.961255 19.078929 -0.351971 5.404487 5.395478 0 
68 556.720690 218.140286 555.905142 220.352880 571.229913 205.880007 20.086058 19.133490 0.264106 2.440009 2.384776 1 
69 468.783022 313.273318 468.941492 312.783158 451.518148 325.039870 20.518193 20.193135 -0.957319 5.684962 5.670138 1 
70 374.809136 217.058848 375.184122 217.140056 393.409181 208.850708 19.818956 18.695494 -0.610376 2.726000 2.714727 0 
71 490.948729 268.404948 491.311687 268.879218 511.961570 264.408559 20.178498 20.178498 -0.000000 2.953649 2.928385 1 
72 436.824063 140.802574 436.516741 140.803980 452.634146 151.627328 19.598865 18.168179 -0.270818 3.741959 3.732956 1 
73 467.438398 432.750490 472.671131 443.638641 451.614658 447.020054 20.905943 20.905943 0.000000 5.549387 6.123957 0 
80 -1.379568 368.420589 -0.776336 402.508500 4.161761 384.940355 18.896941 12.974175 -1.546763 4.388747 1.844809 0 
82 5.559908 378.192866 4.714936 392.974961 -0.084127 385.072709 8.989654 8.989654 0.000000 5.399429 1.025024 0 
83 -0.395278 468.615278 -1.246518 496.082257 6.812195 485.570413 18.906269 12.761764 1.389865 4.310441 2.224857 0 
84 -1.148185 418.195771 -0.563393 452.405129 4.620395 435.429281 18.941061 12.944436 1.493786 4.389382 1.867166 0 
85 -0.322976 321.472114 4.142606 353.802727 5.348874 334.663299 18.845391 12.761039 -1.477422 4.306314 1.633738 0 
86 18.760759 218.301907 17.384613 218.167778 11.629502 236.436425 18.442553 12.282295 -1.286706 5.087056 5.017574 0 
87 7.319830 476.304645 7.324400 492.849201 3.399507 486.257430 8.296169 8.296169 0.000000 5.087619 1.033749 0 
88 4.984687 393.485021 2.673262 378.743383 8.013991 385.649564 8.904661 8.904661 0.000000 1.939711 4.054126 0 
90 -0.155545 277.960345 -1.063336 295.810433 7.733394 285.101535 18.653752 12.546420 -1.360129 3.877282 2.258475 0 
94 6.984291 493.113066 3.012936 480.003979 10.512452 485.154022 9.121720 9.121720 0.000000 1.988056 3.743348 0 
95 28.742212 178.586641 30.191705 175.172150 16.710167 189.320203 18.419022 12.054409 -1.187657 5.554762 5.473669 1 
111 179.405482 519.954624 178.953964 505.969201 440.556050 500.502047 261.714469 261.714469 0.000000 3.067242 3.120697 0 
124 697.720837 191.286185 705.347211 200.940179 685.347571 208.782370 21.287691 21.287691 0.000000 5.327929 5.909493 0 
