1 790.602051 470.921914 791.171453 472.043831 803.201055 464.806352 15.501010 11.938605 -1.313418 2.689693 2.599969 1 
2 765.325470 476.229964 765.496230 477.316389 765.566450 468.512504 7.975558 6.312761 -1.305211 1.602011 1.578772 1 
3 778.455253 463.350067 779.487794 461.884508 765.447329 468.469538 15.920421 12.777222 -1.279873 5.908238 5.844641 1 
4 792.029573 422.627160 791.618960 423.397374 804.599135 419.335938 15.621150 12.140454 -1.418265 2.885501 2.838348 1 
5 804.025570 456.791112 803.733031 455.659960 803.332630 464.838616 7.809483 5.886611 -1.330583 4.798283 4.755984 0 
6 808.656347 425.583828 809.151965 424.440907 804.697485 419.396851 6.967647 6.967647 -0.000000 1.001575 0.847389 1 
7 817.853188 364.874228 816.268252 364.683735 805.129273 373.187708 15.693823 12.265212 -1.512310 5.704442 5.631136 0 
8 739.353905 465.899251 737.599508 465.029285 725.043133 472.055298 16.328224 13.657184 -1.240933 5.876945 5.773034 0 
9 813.498614 230.235419 814.020481 228.942298 802.028474 234.920261 15.594325 12.032387 1.324550 5.895426 5.820742 1 
10 740.127448 416.930515 738.226997 415.120990 726.118174 424.115061 16.472089 13.927973 -1.380435 5.809317 5.644327 0 
11 763.959987 414.503173 762.645354 415.239304 766.912676 421.764565 8.054900 6.419798 -1.413757 4.326181 1.603400 0 
12 816.313323 320.318837 816.114136 318.049522 804.837854 326.836113 15.679392 12.286592 1.522402 5.766680 5.621250 1 
13 753.829064 418.675005 753.551489 418.870413 766.709655 421.706478 16.058923 13.039349 -1.408682 3.372738 3.353882 0 
14 816.415607 275.489061 814.098674 273.354203 803.826715 280.656597 15.653839 12.183865 1.427194 5.893674 5.665178 1 
15 800.292104 226.094857 799.891745 226.765022 802.411420 234.838461 7.655672 5.702582 1.350644 4.474590 1.334126 0 
17 755.060852 380.285008 754.014550 382.000790 767.125590 374.297686 16.132242 13.185411 -1.519566 2.680937 2.610394 1 
18 810.319678 378.905443 809.119091 376.081037 805.245449 373.160922 7.809549 6.036376 -1.513330 0.847275 0.645956 1 
19 732.423921 427.162521 732.717885 427.098941 726.207706 424.169925 8.250709 6.879068 -1.379423 0.448671 0.422782 1 
20 806.461774 335.036726 803.119024 317.584263 806.596541 326.837051 8.059668 8.059668 -0.000000 1.587230 4.352887 0 
21 780.685895 326.556699 780.047135 326.368187 766.788306 326.640958 16.156273 13.170102 1.524461 6.277123 6.262615 0 
22 801.830948 288.467090 801.608509 271.280123 806.770780 280.250604 9.001252 9.001252 -0.000000 2.112105 4.190199 0 
23 806.527147 317.258280 806.214386 334.536793 802.364451 326.973024 8.808236 8.808236 0.000000 5.117214 1.099977 0 
24 776.082666 225.939694 776.059252 224.922865 764.074010 232.164403 15.953936 12.947828 1.313187 5.804964 5.739680 1 
25 696.903380 468.990306 695.751729 467.876606 682.103259 475.631152 16.708830 14.503670 -1.219084 5.861411 5.766505 0 
26 766.792939 430.550554 762.645354 415.239304 766.578788 421.862206 7.974918 6.256541 -1.435142 1.546153 4.176457 0 
27 730.576495 475.881576 730.968342 475.995242 725.137755 472.085688 8.210077 6.755228 -1.269774 0.609339 0.590669 0 
28 679.838951 483.928408 680.532502 484.302408 682.188650 475.686747 8.365021 7.223349 -1.265703 1.848528 1.760705 1 
29 801.706817 243.396183 799.891745 226.765022 804.731635 234.230181 8.762278 8.762278 0.000000 1.889548 4.137188 0 
30 801.747155 272.696340 801.608509 271.280123 804.026304 280.559270 7.767150 5.944661 1.457178 4.430261 1.848744 0 
31 777.116369 271.925574 778.305314 269.010163 765.824449 279.145366 16.088431 13.108773 1.401396 5.714314 5.601134 1 
32 766.489218 317.766253 765.184666 318.254884 766.849291 326.584292 8.016980 6.499520 1.536753 4.671578 4.515139 0 
33 732.799244 175.148090 733.520481 174.066055 721.331290 182.295876 16.228353 13.478589 1.157502 5.725821 5.689316 1 
34 729.837412 366.559038 723.729710 366.451922 726.429009 375.379963 8.254749 6.973168 -1.520258 5.081116 4.418787 0 
35 738.735680 274.420104 739.332650 273.931770 725.158868 277.736094 16.532279 14.018434 1.405626 6.043636 6.020960 1 
36 770.930130 284.808956 771.205112 285.049505 765.992548 279.111529 7.973067 6.473056 1.418674 0.856724 0.850363 0 
37 739.304020 370.957802 741.112853 369.661170 726.325606 375.415524 16.582359 14.069560 -1.517933 5.952338 5.912073 1 
38 749.528664 193.190289 750.708703 194.055935 761.703186 186.052844 15.807170 12.654720 1.198291 2.611337 2.512374 1 
39 651.269296 472.395725 652.357352 470.943529 636.698125 479.080613 17.062877 15.301924 -1.189506 5.853058 5.803953 1 
41 738.289526 317.909687 738.798903 316.195120 726.071949 326.496407 16.583536 14.097733 1.514255 5.670571 5.602735 1 
42 812.812055 191.554669 812.137133 191.272152 799.481787 190.017221 15.408471 11.840442 1.242260 0.114828 0.098839 1 
43 728.990510 317.635979 723.331243 317.937619 726.219758 326.453842 8.282122 6.948271 1.526425 5.016840 4.385387 0 
44 718.862765 174.637031 725.315056 190.673027 719.942629 182.932799 8.518811 8.518811 -0.000000 4.582946 0.964047 0 
45 668.234026 433.085745 668.245889 433.135831 682.913987 426.524475 16.882155 14.821076 -1.353485 2.721275 2.718132 0 
46 766.262541 239.918583 766.350841 239.760487 764.204111 232.088787 7.907426 6.403891 1.347957 1.313717 1.297950 0 
47 40.037692 473.012529 38.688371 474.764790 51.228350 488.882867 17.674982 14.452842 1.214621 4.098228 3.986120 1 
48 696.110430 368.308409 696.982804 366.000806 682.989865 376.688167 16.982936 14.943069 -1.538474 5.714814 5.630931 1 
49 593.991703 475.298017 594.096370 472.967566 589.032018 482.412283 8.718820 8.049878 -1.200098 5.321197 5.204583 1 
50 731.767287 281.098704 732.225060 281.070810 725.298815 277.698463 8.210736 6.906211 1.443963 0.483967 0.453108 0 
51 62.252164 441.557841 61.928810 441.118562 46.780147 436.735126 17.875139 14.786543 1.365634 0.302161 0.281668 0 
52 733.914029 216.756731 732.329196 217.331338 723.535167 229.526584 16.384707 13.848031 1.281189 5.394864 5.337138 0 
53 57.254585 376.399184 58.761538 374.989920 43.975138 383.774339 17.952029 14.931166 1.502266 5.776220 5.747124 1 
54 641.670514 470.111943 640.813174 471.604723 636.852107 479.095903 8.662680 7.538451 -1.238508 5.204680 1.988005 0 
55 795.789550 183.297194 794.787297 183.165777 799.598462 190.003988 6.817165 6.817165 -0.000000 4.195893 4.099271 0 
56 684.022790 418.057039 683.852042 417.690855 683.022960 426.556458 8.492700 7.321524 -1.357204 4.829486 4.805635 1 
57 605.549155 481.513801 606.258625 480.130398 588.894566 482.408001 17.391520 16.207718 -1.082405 6.229546 6.152762 1 
58 2.657953 418.991186 -0.994425 452.181907 3.977207 436.796742 17.553175 13.901417 1.357333 4.638432 1.883349 0 
59 691.073509 172.346227 691.874644 171.906358 678.406453 178.722550 16.601037 14.261932 1.090676 5.816839 5.814673 1 
60 724.010256 189.630309 725.315056 190.673027 721.429635 182.162839 8.037209 6.661185 1.187544 1.238063 4.375417 0 
61 727.211646 237.582545 726.754620 236.686056 723.766551 229.385626 8.126160 6.978645 1.335909 1.172921 4.391206 0 
62 684.068155 368.181719 683.135479 367.439477 683.102292 376.608446 8.428559 7.425165 -1.551573 4.826510 4.716008 1 
63 676.172885 208.103625 674.610482 211.578512 680.365153 227.057418 16.792526 14.666464 1.239237 4.494710 4.356449 1 
64 633.187344 486.779616 640.813174 471.604723 636.805703 479.154873 8.559299 7.660310 -1.232319 2.013881 5.200357 0 
65 652.078226 423.072294 653.128971 421.911414 637.164746 428.863219 17.263932 15.622872 -1.302496 5.912804 5.872487 1 
66 520.326115 486.821682 522.515074 488.752895 539.019584 485.414812 17.695201 16.793015 -0.963845 3.066474 2.942032 1 
67 697.402619 322.295702 698.090311 320.151838 682.601565 326.482328 16.981481 15.009503 1.527014 6.007527 5.895188 1 
68 540.385968 476.688452 539.504216 475.731512 539.146602 485.470126 8.860508 8.293089 -1.120728 4.852594 4.749094 1 
69 667.730925 282.578850 667.827668 284.076827 681.755424 276.467619 16.891939 14.898797 1.375169 2.730649 2.641568 1 
70 361.403193 494.856550 362.573439 497.195217 380.922469 492.648082 18.149556 17.941834 0.190639 3.028929 2.898673 1 
71 -0.094240 367.303708 -0.290562 402.729727 1.177625 384.819824 17.618788 13.924142 1.514049 4.639905 1.652590 0 
72 54.532099 342.320264 54.451652 342.156934 42.693476 330.538862 17.950531 14.891709 -1.515630 0.782976 0.779405 0 
73 470.572352 493.629996 469.757300 494.073613 487.447111 488.176415 17.642691 17.642691 -0.000000 2.829008 2.819812 1 
74 387.231958 500.713336 387.332825 498.704747 380.975559 492.684548 8.982693 8.982693 -0.000000 0.908839 0.758173 1 
75 1.511992 472.518798 -0.634180 498.687146 8.672767 488.059055 17.344821 13.627192 1.246695 4.280599 2.290019 0 
76 596.205167 437.920811 595.665431 435.376690 589.042804 431.215374 8.846436 8.113507 -1.292833 0.752461 0.561003 1 
77 605.072299 427.728331 606.481979 427.133845 588.898347 431.147762 17.588668 16.484552 -1.232580 6.074837 6.058755 1 
78 721.093467 221.777812 726.754620 236.686056 723.719040 229.376725 8.122710 6.789018 1.269228 4.379711 1.177169 0 
79 57.827970 267.988513 56.613781 268.544288 43.002386 277.472180 17.904904 14.711696 -1.372339 5.714097 5.702665 0 
80 689.271555 329.714350 690.039243 330.070527 682.660359 326.433905 8.445636 7.412768 1.546669 0.460599 0.457905 0 
81 644.794585 381.984066 644.456996 381.250691 637.255478 377.831849 8.651557 7.846860 -1.522180 0.503424 0.443235 1 
82 651.052470 369.971756 652.241943 369.015245 637.108405 377.885167 17.372234 15.820723 -1.499679 5.766997 5.753041 1 
83 631.242622 422.276464 631.210463 423.581977 637.260088 428.920646 8.687027 7.698201 -1.326454 3.976448 3.864643 1 
84 360.462538 434.852416 359.358239 437.211427 379.103809 438.711590 18.400652 18.282323 1.298917 3.345732 3.217422 1 
85 682.161692 185.969177 683.022726 186.228020 678.519317 178.621716 8.251564 7.030556 1.105484 1.110569 1.036234 1 
86 451.840186 485.583053 453.146753 484.022475 434.567896 490.641900 17.912215 17.912215 -0.000000 5.998266 5.940920 1 
87 687.356392 231.003663 687.721482 231.080567 680.518379 226.977966 8.332105 7.238005 1.256380 0.532087 0.517737 0 
88 652.427424 324.324794 653.363572 323.829682 636.655851 326.512641 17.339316 15.854241 1.522888 6.145344 6.123963 1 
89 -0.273546 314.759179 -0.163520 350.663629 -0.014004 332.446226 17.597172 13.878820 -1.512355 4.697716 1.579003 0 
90 426.715975 486.091460 426.858808 486.354258 434.689434 490.690858 8.986081 8.806338 -1.075188 3.664808 3.647349 1 
91 495.574009 491.237527 495.876509 491.006832 487.552192 488.255369 8.950930 8.593416 -1.046778 0.355924 0.319228 0 
92 684.210677 285.523683 684.043489 284.167269 681.874541 276.437171 8.382279 7.361436 1.406660 1.319147 1.297246 0 
93 426.169696 431.045305 426.206653 431.440349 433.329973 437.195910 9.173465 8.914143 -1.355961 3.851283 3.821186 1 
94 572.362565 385.727429 572.728947 387.026471 588.633378 379.079152 17.701552 16.656781 -1.443705 2.753693 2.678191 1 
95 388.225155 440.965317 388.187722 440.388009 379.182183 438.797128 9.142017 9.142017 -0.000000 0.235323 0.174852 1 
96 440.281456 387.053059 440.627320 386.719956 432.323053 382.696596 9.118619 9.118619 -0.000000 0.500848 0.451165 1 
97 618.700477 217.088386 619.024672 217.865643 634.617278 224.831853 17.206872 15.508283 1.171288 3.594379 3.561752 0 
98 448.948113 428.566039 450.121723 426.046976 433.215259 437.143406 18.198743 18.198743 -0.000000 5.784044 5.702364 1 
99 524.347741 443.217947 523.498181 445.924216 538.604250 433.297569 17.903158 17.160396 -1.196614 2.533658 2.445362 1 
100 504.684213 431.752942 504.092383 431.615988 486.544064 435.291454 18.123264 17.695942 -1.147611 6.090539 6.076722 0 
101 359.111922 168.510814 359.034290 168.742667 377.737938 166.456439 18.145489 17.486107 -0.214550 3.031741 3.019962 1 
102 647.878989 167.190475 643.000000 162.000000 633.034067 175.430105 16.938597 15.161199 1.028644 5.776475 5.350789 1 
103 635.875802 183.494993 636.176484 183.483668 633.129470 175.321079 8.420024 7.501259 1.088285 1.246659 1.213526 1 
104 647.050930 263.944050 648.577982 260.838402 635.880699 275.361890 17.288192 15.772054 1.334627 5.486826 5.430799 1 
105 385.215189 333.144918 385.601139 332.956175 377.098333 328.606216 9.269575 9.063633 -1.399063 0.509856 0.472877 0 
106 491.257916 427.602677 491.752273 426.637556 486.687502 435.350334 9.099313 8.741511 -1.313442 5.245356 5.238948 1 
107 357.969734 331.231991 358.695832 331.386435 377.029948 328.646885 18.664247 18.407443 -1.419778 3.006787 2.993266 0 
108 39.175964 209.139041 38.025630 208.616022 44.900047 225.193912 17.754847 14.455561 -1.243548 4.369906 4.319297 1 
109 641.582130 229.927097 641.807998 229.487109 634.695101 224.783120 8.482506 7.697771 1.174282 0.641519 0.584301 1 
110 585.898608 369.274008 585.633317 369.447605 588.815252 379.005209 8.851777 8.205800 -1.459861 4.421188 4.391009 0 
111 369.525193 161.969460 370.456241 162.676345 377.799198 166.330762 8.837568 8.837568 -0.000000 3.626691 3.603380 1 
112 521.838055 389.061161 522.813446 388.564942 538.144603 380.333119 18.028643 17.332147 -1.452805 2.650146 2.648836 0 
113 602.024131 172.756090 601.871492 172.389502 585.193254 172.561518 17.291206 15.931272 0.906069 0.011560 6.272872 0 
114 394.428936 268.250375 395.260146 267.921044 376.780296 273.601976 18.525418 18.336600 -1.082316 5.988768 5.984942 1 
115 359.297301 384.722489 358.419515 386.127079 377.808066 383.901691 18.531320 18.531320 -0.000000 3.097280 3.027314 1 
116 547.029254 435.128644 548.364387 435.314565 538.763698 433.368306 8.989433 8.465154 -1.276497 0.209838 0.200010 1 
117 357.791759 220.297624 357.908685 220.568023 377.044265 219.367573 18.329806 18.084271 -0.460526 3.093322 3.078941 0 
118 643.707462 279.023138 643.641103 278.147442 636.003536 275.306127 8.601261 7.812196 1.377790 0.449536 0.356154 1 
119 -0.368204 262.796114 -0.231062 298.574886 0.405185 280.382045 17.509577 13.800947 -1.406707 4.668440 1.605754 0 
120 603.776834 319.064187 603.706173 316.515633 588.209531 326.693265 17.720174 16.732460 1.487859 5.827513 5.702070 1 
121 466.618754 381.926194 467.229118 383.367178 485.833359 381.542019 18.080653 18.080653 -0.000000 3.121601 3.043801 1 
122 414.355184 388.996654 414.576465 389.024580 432.202001 382.729916 18.481868 18.217740 -1.379642 2.803902 2.798577 1 
123 593.564028 174.493736 593.470445 174.301448 585.345394 172.447681 8.565620 7.843147 0.933217 0.243993 0.224315 0 
124 638.441050 335.357461 638.517418 317.511759 636.575846 326.492590 8.586977 7.751377 -1.570010 1.363417 4.925303 0 
125 518.425562 220.181906 518.192339 220.482442 536.255660 221.369966 17.780381 16.954281 0.990926 3.208127 3.190687 1 
126 600.609243 214.392368 601.103530 213.131352 586.434570 222.909370 17.527759 16.291172 1.065538 5.742133 5.695244 1 
127 465.000000 330.000000 467.690449 330.462130 485.198584 327.357048 18.124133 18.124133 -0.000000 3.011483 2.966067 0 
128 552.508552 266.309775 553.102209 264.918830 536.946058 273.800407 17.921207 17.280359 1.247997 5.834588 5.780547 1 
129 569.624319 276.903845 570.505583 278.197683 587.448760 274.462941 17.611576 16.645977 1.317324 3.005498 2.924635 1 
130 382.575769 281.082219 383.157568 281.705117 376.869776 273.554578 9.131992 9.131992 -0.000000 0.922191 0.913703 0 
131 423.701773 322.119897 424.188956 323.572112 431.623608 327.883231 9.204870 9.007122 -1.502492 3.770554 3.667078 1 
132 488.284483 390.736704 488.533730 391.663685 485.965272 381.495020 9.104614 8.807233 -1.405829 1.324923 1.323386 0 
133 413.182776 166.764149 412.539528 166.812248 431.237544 167.028602 17.972626 17.383003 0.201198 3.156239 3.153163 1 
134 491.786482 224.669132 492.711612 224.996224 484.422489 220.108163 8.907542 8.673016 1.085609 0.554534 0.532808 0 
135 413.638368 278.672228 412.632948 280.174492 431.145875 273.350599 18.330007 18.230340 1.454170 2.846504 2.788443 1 
136 477.770395 322.391128 477.736292 322.657580 485.322342 327.327820 8.987295 8.987295 -0.000000 3.720563 3.693429 1 
137 545.729171 387.812440 544.192567 386.072307 538.314435 380.279508 8.979454 8.580809 -1.501416 0.793305 0.778087 1 
138 638.534244 316.346738 638.066153 334.943880 635.744520 326.489577 9.014023 9.014023 -0.000000 4.980796 1.302793 0 
139 373.288087 373.389259 373.499346 375.887641 377.878998 383.835474 9.297511 9.041715 -1.489952 4.298317 4.208740 1 
140 0.998643 212.022268 -0.109536 246.034901 2.293957 229.049403 17.445036 13.609248 -1.275859 4.636462 1.711366 0 
141 590.422699 317.744212 590.497980 316.370985 588.363628 326.620401 8.808501 8.267874 1.523964 4.940334 4.917696 1 
142 642.472597 163.364025 646.731387 168.132917 618.080010 187.771701 33.957433 33.957433 0.000000 5.497478 5.682299 0 
143 370.346705 212.110350 370.742108 213.105047 377.107447 219.198966 9.044951 8.885302 -0.734440 3.950661 3.905210 1 
144 549.637129 160.097199 549.138661 159.887649 535.410102 170.149809 17.538863 16.559986 0.746774 5.668053 5.641283 0 
145 62.556921 164.819409 62.467692 164.023510 48.218885 174.179007 17.595176 14.014867 -1.121410 5.704858 5.663969 1 
146 413.750210 224.494792 412.911512 227.062782 431.067992 219.515324 18.157871 17.957113 0.340791 2.861611 2.747634 1 
147 588.444539 231.910602 588.337714 231.341584 586.595343 222.825020 8.660994 8.066625 1.126675 1.370008 1.368995 0 
148 449.556167 324.283563 450.657972 323.918455 431.526135 327.962362 18.494859 18.273811 1.506382 6.081911 6.074881 1 
149 542.024014 176.665777 542.878355 175.733039 535.545488 170.051018 8.676082 8.191269 0.796547 0.795803 0.659229 1 
150 501.940415 214.921840 501.455497 214.868782 484.306099 220.202056 17.991027 17.557225 0.812455 5.992253 5.981678 0 
151 530.300295 266.288304 530.625304 267.702123 537.096352 273.723099 8.916897 8.514690 1.372461 3.971845 3.890978 1 
152 546.268428 330.149625 545.891555 329.363309 537.712825 326.917560 8.976918 8.550359 -1.560444 0.361198 0.290574 1 
153 554.083007 319.765443 554.364453 318.016348 537.597585 326.941540 17.993176 17.392574 1.534169 5.872623 5.794024 1 
154 471.864493 152.809597 471.770935 155.366592 483.942506 168.290313 17.771129 17.051254 0.554025 4.049840 3.956954 1 
155 423.910553 160.980383 424.219013 161.495392 431.321259 166.905513 8.820613 8.683278 0.192755 3.816051 3.792570 1 
156 423.969672 212.992484 423.550421 213.346506 431.144586 219.403875 8.946579 8.946579 -0.000000 3.870852 3.814890 1 
157 527.541135 217.625051 528.357342 217.983691 536.386379 221.246328 8.792784 8.378444 1.090594 3.530179 3.527565 0 
158 420.723282 272.919087 422.052001 274.528975 431.241950 273.288587 9.083317 9.083317 -0.000000 3.176706 3.007431 1 
159 490.711785 174.510779 490.466738 174.208743 484.073705 168.159778 8.766018 8.434718 0.653963 0.763300 0.757751 1 
160 465.000000 272.000000 466.217195 273.745438 484.710573 273.402788 18.172893 17.829686 1.214558 3.212642 3.123067 1 
161 -0.892779 167.138923 -0.056695 195.417273 5.854360 178.757871 17.292201 13.192744 -1.164188 4.186280 1.911757 0 
162 596.111835 278.138652 595.492834 276.729974 587.605435 274.403150 8.757779 8.201508 1.453088 0.413786 0.286868 1 
163 492.091462 278.877286 492.347395 279.056762 484.842670 273.351338 9.042602 8.781724 1.495998 0.651344 0.650025 0 
165 984.022548 422.694871 985.780835 421.832136 983.525177 408.696604 13.289508 7.782962 -1.466558 1.535280 4.977781 0 
166 974.046605 447.398416 974.413326 447.846428 982.494908 446.813580 13.385521 7.859348 -1.401685 3.072478 3.014479 0 
167 985.269772 383.788254 989.842204 382.975082 984.020889 370.267977 13.347547 7.942280 -1.526013 1.478687 5.170709 0 
168 986.928505 282.111840 987.199794 278.880410 982.523701 293.041763 13.480062 8.142013 1.486714 5.095482 5.031318 1 
169 983.025892 414.853013 981.830240 415.468007 985.937912 408.787760 6.418621 6.418621 -0.000000 2.018410 4.833267 0 
170 986.751124 395.784523 985.780835 421.832136 974.347051 407.640050 17.687564 17.687564 0.000000 5.520395 0.892623 0 
171 1002.134138 420.958255 1006.995349 390.995965 1015.033779 406.795926 16.948437 16.948437 0.000000 2.309569 4.241756 0 
172 987.603843 405.746644 981.830240 415.468007 979.885316 409.277333 7.516023 7.516023 0.000000 5.854169 1.266391 0 
174 984.954362 318.601703 984.634913 317.169465 983.812462 331.623413 13.436993 8.057373 1.547447 4.799857 4.769229 1 
175 984.475837 376.394106 983.469125 377.827565 986.770415 370.330395 6.832420 6.832420 -0.000000 1.932555 4.522432 0 
176 1005.955575 389.819415 1007.426591 419.711520 996.531589 405.076881 17.172739 17.172739 0.000000 5.265696 0.930846 0 
177 983.321465 440.260755 984.462457 451.909339 977.622039 445.290729 8.650914 8.650914 0.000000 5.560101 0.768919 0 
178 1007.477901 381.962629 1006.263845 382.878445 1006.166382 368.798827 13.025991 7.283214 -1.541067 1.471493 4.767780 0 
179 989.877565 359.032680 989.842204 382.975082 970.774095 369.506516 21.416710 21.416710 0.000000 5.781672 0.614968 0 
180 983.237539 452.610308 984.462457 451.909339 985.376732 447.597792 6.801229 6.801229 -0.000000 1.974165 4.334361 0 
182 1020.365530 377.001566 1020.442639 359.001896 1045.678517 367.928979 25.879532 25.879532 0.000000 2.797440 3.481600 0 
183 984.812729 363.279752 983.469125 377.827565 979.783951 370.200891 8.499389 8.499389 -0.000000 5.340734 1.120682 0 
184 983.889538 298.958019 983.152190 300.012933 984.575167 292.902931 6.447124 6.447124 -0.000000 1.683548 4.734283 0 
187 1022.607204 452.369923 1022.279881 425.075404 1036.846349 441.327604 18.923316 18.923316 0.000000 2.481976 3.981635 0 
188 1001.152441 343.753424 1008.059347 346.031733 1005.964950 331.334879 12.983229 7.495692 1.550737 1.940503 5.228263 0 
189 1012.951111 322.983499 1008.059347 346.031733 995.380685 332.781005 17.990646 17.990646 0.000000 5.774516 0.807457 0 
191 1006.363385 355.650023 1006.263845 382.878445 998.279933 368.468393 16.101299 16.101299 0.000000 5.275016 1.064848 0 
192 985.394225 289.020161 983.152190 300.012933 977.309329 294.326947 8.928318 8.928318 -0.000000 5.702336 0.771792 0 
193 1019.117863 413.103905 1020.903035 393.898038 1042.650060 404.966550 23.358789 23.358789 0.000000 2.808667 3.612388 0 
194 980.454282 260.642397 979.397159 247.957149 985.133306 253.903589 8.445019 8.445019 -0.000000 2.177713 3.944989 0 
195 998.266011 301.090848 998.883964 301.365803 1004.786322 293.854174 13.045349 7.443413 1.510961 2.304169 2.236795 0 
197 1019.419157 304.976187 1018.450024 287.917621 1041.151196 294.622302 22.971176 22.971176 0.000000 2.696975 3.428774 0 
198 977.010113 230.993719 978.924097 229.611505 977.638941 216.668789 13.320446 7.915795 1.355027 1.614666 1.471825 0 
199 1000.755360 207.095490 1007.193119 229.035955 987.125660 221.948361 20.349806 20.349806 0.000000 5.454869 0.339512 0 
200 979.973177 267.556222 980.151871 267.644049 980.697835 254.615267 13.442576 7.996953 1.427060 1.626735 1.612676 1 
202 1020.708006 341.951864 1022.172960 318.047531 1040.706466 330.446178 21.398970 21.398970 0.000000 2.619511 3.731199 0 
203 996.365956 246.019840 999.919057 251.009672 1002.903643 256.595456 13.032896 7.363531 1.436447 4.158705 4.143329 1 
206 980.757596 248.462318 979.397159 247.957149 977.626194 255.276173 7.232442 7.232442 -0.000000 5.143168 1.141732 0 
207 1001.746104 448.068614 1003.597829 436.920091 1010.593478 444.132470 9.308731 9.308731 -0.000000 2.722993 3.942244 0 
208 1001.889662 263.023858 999.919057 251.009672 1008.794015 255.977948 9.297503 9.297503 -0.000000 2.346048 3.651935 0 
209 1004.893422 436.933290 1006.190258 448.824427 1000.850926 442.018456 7.456538 7.456538 0.000000 5.384048 0.905574 0 
210 1000.531943 214.354985 1001.579589 214.363381 997.767643 220.738674 6.214626 6.214626 -0.000000 5.121038 1.262255 0 
211 995.421469 229.899455 1007.193119 229.035955 999.091577 219.095686 12.150564 6.596555 1.433426 1.898272 4.780546 0 
212 1021.016213 271.545979 1017.531347 248.058674 1036.690721 257.302723 20.525432 20.525432 0.000000 2.403998 3.591128 0 
213 1022.492129 235.467446 1022.573073 214.431355 1020.298545 222.824512 12.404209 6.647501 1.398925 1.399004 4.977031 0 
214 1000.986540 250.968786 1004.460817 262.520470 999.420468 256.668286 7.110404 7.110404 -0.000000 4.980545 0.859792 0 
218 997.950778 224.010173 1001.579589 214.363381 1002.556044 218.506724 6.368796 6.368796 -0.000000 2.267575 4.480944 0 
219 1022.590175 264.497759 1022.808425 252.248444 1027.931401 258.076269 8.086002 8.086002 -0.000000 2.264613 3.991267 0 
220 1022.276730 226.301178 1017.561368 219.895648 1023.131386 223.389445 5.880975 5.880975 -0.000000 1.856299 3.701809 0 
