1 739.249619 513.448165 739.958195 513.767433 745.956145 494.977594 19.184068 18.164321 -1.542515 1.919087 1.879785 0.000000
2 814.906659 485.878626 815.111730 484.949051 798.704628 493.409670 18.857954 17.250303 -1.535219 5.848075 5.807082 0.000000
3 807.708514 373.531404 807.525826 372.876950 793.462136 383.357260 18.403227 16.557923 1.140924 5.679399 5.642761 0.000000
4 810.892788 426.520770 810.122539 426.947060 796.659840 437.815553 18.670597 16.985095 1.355814 5.612380 5.604006 0.000000
5 728.051095 444.984674 726.789544 447.009521 744.448825 438.328987 18.512196 18.512196 -0.000000 2.756018 2.684723 0.000000
6 798.665448 273.781247 800.049003 272.071970 784.735157 279.699088 17.783126 15.377859 0.834539 5.881469 5.821096 0.000000
7 267.958548 495.913927 266.847679 496.990873 284.832422 488.897979 19.072096 18.020886 -1.541175 2.747551 2.718750 0.000000
8 805.410032 324.397289 805.031811 323.896930 789.538562 330.489864 18.123480 16.077312 0.978093 5.916661 5.880861 0.000000
9 795.305651 232.130067 797.000000 232.000000 779.284970 231.318757 17.407333 14.584074 0.725623 0.050598 0.038437 0.000000
10 705.261947 484.060432 706.032605 482.564177 690.651836 496.070445 19.439332 18.974428 -1.506769 5.595153 5.562587 0.000000
11 748.436308 346.857729 750.071617 344.226766 738.634112 329.317228 18.412456 16.807465 0.832696 1.061197 0.916424 0.000000
12 746.650299 224.228892 745.401412 220.082639 730.321177 228.765024 17.703972 15.219331 0.617820 6.012223 5.760791 0.000000
13 744.246994 364.310922 742.857699 364.284634 741.905625 382.933064 18.722463 17.452609 1.010131 4.837463 4.763399 0.000000
14 787.696213 180.305157 787.189174 179.392855 773.410869 185.498065 16.982363 13.737354 0.636070 5.934523 5.866082 0.000000
15 742.436804 181.377685 741.698922 180.995074 725.459885 182.386701 17.254156 14.304200 0.540922 6.223821 6.197698 0.000000
16 749.497360 266.365265 747.788940 267.085727 734.751178 277.851974 18.078679 16.068457 0.702086 5.621405 5.592925 0.000000
17 708.913452 434.816597 707.928995 434.420655 689.642307 438.702673 19.251394 18.720041 1.148900 6.084201 6.053169 0.000000
18 269.831873 435.061659 268.906607 435.305517 288.050070 432.726120 18.890763 17.854746 -1.259376 3.014090 3.007659 0.000000
19 702.689885 369.708603 701.654961 369.726442 687.836403 382.597356 19.006721 18.158062 0.816138 5.568490 5.533279 0.000000
20 322.517335 496.229497 320.000000 497.000000 339.873862 491.479571 19.387164 18.842641 -1.538447 2.874465 2.870650 0.000000
21 690.094454 171.448980 688.761070 170.516135 675.701864 179.733720 17.472618 14.748397 0.412843 5.760881 5.668557 0.000000
22 279.151926 327.812448 277.838960 328.295672 296.633921 324.329504 18.352322 16.704004 -0.844746 2.944937 2.933621 0.000000
23 652.971941 498.003050 654.271329 497.623996 633.323326 496.711710 19.601555 19.601555 -0.000000 0.065627 0.043523 0.000000
24 700.173901 318.766891 700.760347 318.354055 685.479227 328.263029 18.748594 17.396493 0.685731 5.709465 5.707904 0.000000
25 324.005302 440.996175 324.475833 442.995867 342.575063 434.411618 19.170248 18.570104 -1.132045 2.800839 2.698725 0.000000
26 649.647963 429.471121 650.231563 427.965094 632.873009 438.799099 19.379665 19.379665 -0.000000 5.775697 5.725211 0.000000
27 273.475958 381.143634 274.357728 381.546481 292.016729 377.669612 18.697384 17.309757 -1.049480 2.956368 2.925481 0.000000
28 649.792392 374.912563 649.751380 374.756360 631.883667 382.123577 19.278000 18.621860 0.616750 5.900393 5.892103 0.000000
29 694.050114 263.206891 694.074138 261.999658 682.644560 276.093103 18.376144 16.696358 0.568248 5.436909 5.393793 0.000000
30 376.930775 496.032229 376.630727 498.142006 397.013557 493.595500 19.526781 19.526781 -0.000000 3.020849 2.922130 0.000000
31 295.914167 181.548367 295.545150 182.551969 313.102884 178.185995 17.200097 14.250505 -0.519933 2.948417 2.897872 0.000000
32 289.876013 227.271529 290.276918 227.897796 307.270036 224.260600 17.604083 15.113134 -0.613470 2.970190 2.930735 0.000000
33 283.591787 275.881995 283.608111 278.440201 301.775265 273.071499 18.018675 15.997371 -0.717872 2.988243 2.854254 0.000000
34 556.611582 506.479826 555.875813 507.007601 574.571517 496.761507 19.924168 19.715636 -0.080234 2.645600 2.640251 0.000000
35 475.548180 495.718943 476.154296 495.306300 455.603232 495.219529 19.827203 19.691907 -0.011416 0.025034 0.004222 0.000000
36 664.969393 234.023494 663.934580 235.047114 679.350261 226.445351 17.990164 15.747136 0.484258 2.656610 2.632637 0.000000
38 345.777398 174.561516 346.112265 175.006378 362.860244 176.664238 17.419070 14.675511 -0.398507 3.264066 3.240260 0.000000
39 326.535541 381.170868 327.418325 381.636658 345.827108 378.581049 18.960864 18.053795 -0.848777 3.008144 2.977106 0.000000
40 593.156717 376.401180 594.217395 374.852297 574.617981 381.563572 19.462708 18.850664 0.245546 6.011600 5.953277 0.000000
41 556.750250 445.054350 555.139504 446.064041 574.740601 438.524918 19.766667 19.467598 0.246330 2.793436 2.774408 0.000000
42 534.624312 493.681450 536.201103 491.003766 515.034459 496.265343 19.897273 19.897273 -0.000000 6.152043 6.039545 0.000000
43 620.679229 161.178056 619.424036 161.963215 624.396028 177.768524 17.685887 15.052645 0.283229 4.491996 4.407613 0.000000
44 380.851631 446.504862 381.899698 445.995346 399.084667 435.865036 19.453409 19.131353 -0.932221 2.613359 2.608939 0.000000
45 334.776843 273.013612 335.771525 274.551463 353.701949 272.487625 18.291909 16.611453 -0.566007 3.113807 3.026994 0.000000
46 331.971096 320.113827 330.367915 321.294319 349.568762 324.444292 18.627418 17.371525 -0.663145 3.382880 3.304198 0.000000
47 648.801552 324.457978 649.847214 322.827196 630.527321 327.294236 18.990586 17.880304 0.475016 6.129209 6.055964 0.000000
48 394.615292 174.665173 396.541814 174.926017 414.103161 175.643474 17.631954 15.086249 -0.269543 3.191751 3.182424 0.000000
49 638.904064 213.606474 639.000000 211.000000 626.739963 224.716838 18.156076 16.107216 0.322630 5.543031 5.441765 0.000000
50 342.130144 230.429124 340.862744 232.040099 358.201178 223.177602 17.852526 15.675822 -0.461963 2.717727 2.669067 0.000000
51 408.995789 361.860058 409.048176 361.343292 401.588604 379.387549 19.202626 18.548296 -0.651877 5.112228 5.104397 0.000000
53 393.386644 225.095206 391.385562 226.513263 410.704427 222.474166 18.068091 16.102775 -0.311204 2.991383 2.935486 0.000000
54 641.037093 262.956417 641.079388 259.963551 628.793633 274.639030 18.594859 17.152520 0.389127 5.521224 5.409383 0.000000
55 587.641521 214.247545 588.404728 213.425269 573.015087 223.349956 18.281457 16.326862 0.173597 5.726511 5.710408 0.000000
56 473.057199 424.510872 473.273692 423.926252 457.087953 437.065037 19.572236 19.572236 -0.000000 5.616949 5.601320 0.000000
57 389.511855 273.955432 387.656719 275.264269 407.516043 272.286768 18.515436 17.117794 -0.400972 3.049175 2.992772 0.000000
58 585.920803 259.640513 585.488593 260.070552 573.773276 273.535084 18.758271 17.357400 0.234041 5.430802 5.428430 0.000000
59 576.431078 160.840887 576.185813 161.274734 572.054726 176.267129 17.793376 15.263876 0.139858 4.988821 4.981262 0.000000
60 439.396348 389.446987 442.690376 390.197154 458.726961 380.152445 19.383207 18.843807 -0.330203 2.693407 2.582014 0.000000
61 531.041488 164.218975 530.943865 161.541576 519.168927 175.494933 17.748280 15.360796 0.000808 5.523554 5.413318 0.000000
62 452.246044 165.303577 452.677683 166.554144 466.375154 175.279123 17.683863 15.301832 -0.137709 3.756353 3.708759 0.000000
63 535.542340 372.998590 534.892034 373.096043 516.631714 380.927644 19.242917 19.242917 -0.000000 5.886160 5.878028 0.000000
64 536.152027 434.821952 535.423854 434.526352 515.863684 437.969274 19.791326 19.502728 0.029321 6.129282 6.108953 0.000000
65 421.403732 314.938051 420.233029 315.401942 404.399268 324.727765 18.904032 17.826655 -0.460318 5.760814 5.750906 0.000000
66 453.428796 209.495464 452.776343 209.311137 464.379143 222.283870 18.185265 16.336968 -0.154190 4.004265 3.982677 0.000000
67 441.664816 323.956420 440.844758 323.941233 460.530179 325.132032 19.047652 18.080753 -0.281328 3.203828 3.202010 0.000000
68 533.739414 263.261573 533.949321 262.013126 518.065348 272.725899 18.653420 17.454113 0.024422 5.739961 5.689821 0.000000
69 444.707864 280.302888 445.571154 282.067599 462.402218 272.353956 18.681019 17.310626 -0.201743 2.719375 2.618162 0.000000
70 498.326888 324.974150 497.007286 325.493372 517.376643 325.695963 19.101545 18.286608 -0.004642 3.179465 3.151538 0.000000
71 589.318335 315.737337 589.835155 313.043198 574.307707 326.430088 19.166350 18.158587 0.247455 5.664222 5.571683 0.000000
72 534.773347 211.334331 530.606566 208.401686 518.657048 222.514654 18.260419 16.310698 0.003496 5.676681 5.414967 0.000000
73 529.093172 209.821904 534.214638 212.501211 518.657048 222.514654 18.260419 16.310698 0.003496 5.400527 5.711296 0.000000
76 1021.571780 226.107431 1021.881995 205.064207 1032.136574 214.245729 13.980735 13.980735 -0.000000 2.298430 3.871837 0.000000
77 36.071870 360.330197 37.204434 357.977497 24.333341 371.271474 18.052012 12.959807 -1.301613 5.532925 5.481626 0.000000
78 26.192668 401.898299 24.126803 400.685756 18.610295 418.950557 18.217979 13.161937 -1.414367 5.130789 5.005707 0.000000
80 49.496032 265.522827 48.997695 266.083989 39.074227 279.816943 17.484587 12.191052 -1.116956 5.342378 5.338124 0.000000
81 43.222101 275.980232 38.197100 285.667936 35.931936 278.680693 7.964636 7.964636 0.000000 5.928431 1.257301 0.000000
82 -0.328306 272.763831 -0.107041 297.391272 5.812864 281.867558 16.956507 11.331806 -1.153320 4.118930 1.935119 0.000000
84 0.907897 353.905194 0.745742 382.965447 -20.820001 367.200979 24.230333 24.230333 -0.000000 5.734046 0.631227 0.000000
86 38.968431 308.213987 38.107511 308.597898 31.266999 324.804290 17.820412 12.626805 -1.215552 5.146999 5.111790 0.000000
87 22.779688 412.015549 18.507296 425.209391 15.741078 418.079053 7.927460 7.927460 0.000000 5.572074 1.200720 0.000000
88 14.914342 447.883044 13.146747 448.547818 14.347587 467.442969 18.391041 13.217411 -1.529692 4.741356 4.648922 0.000000
89 62.090170 230.420903 63.387072 229.092766 47.784969 236.477083 17.118822 11.810925 -1.038278 5.882709 5.841133 0.000000
90 19.990015 427.891247 16.314382 413.033125 20.481926 419.833353 7.580639 7.580639 0.000000 1.631768 4.162572 0.000000
91 27.668714 232.581392 4.701351 255.001149 14.486789 239.643930 16.558326 11.029902 -1.096600 5.791329 2.138112 0.000000
93 53.200423 209.552359 52.994856 211.348026 57.240981 195.138281 16.916905 11.235298 -0.962798 1.844102 1.826989 0.000000
94 35.527356 185.000584 15.025637 212.861593 24.347620 199.384936 16.301409 10.180167 -0.992431 5.373081 2.175939 0.000000
96 58.622574 188.900748 53.291785 200.164760 55.593062 193.896135 6.798127 6.798127 -0.000000 5.257546 1.922632 0.000000
98 -0.850665 318.492270 0.081880 332.023295 -5.145208 323.913894 7.668973 7.668973 0.000000 5.382303 0.998247 0.000000
101 0.556384 188.787596 -0.013347 213.656654 -10.377320 197.732959 15.845299 15.845299 0.000000 5.597477 0.993822 0.000000
103 6.362945 308.445339 3.311405 339.689628 -10.855553 321.805141 21.214071 21.214071 0.000000 5.623314 0.900869 0.000000
105 3.210716 251.072494 26.408574 232.367789 14.611284 239.416151 16.571511 10.851930 -1.073644 2.345102 5.744638 0.000000
106 14.712258 212.935076 33.985134 186.807589 23.879708 198.998276 16.239087 10.119458 -1.002389 2.152626 5.404533 0.000000
