1 803.748865 439.897094 804.244758 438.982618 783.811012 449.015460 21.913957 21.102701 -1.171988 5.854245 5.826769 0.000000
2 798.708427 509.906949 797.656702 509.190107 776.855994 512.280935 21.365770 20.418115 -0.722820 6.174973 6.135672 0.000000
3 805.940917 368.023994 805.275765 368.100510 789.496546 383.759832 22.302294 21.370734 -1.474512 5.519801 5.501601 0.000000
4 736.444498 504.718110 736.811752 502.703166 714.503959 507.159596 21.251015 20.820480 -0.391402 6.172364 6.086011 0.000000
5 257.950173 466.013767 258.989497 464.971631 268.751856 453.554643 18.247765 14.271943 1.285470 2.285060 2.278228 0.000000
6 808.525019 300.750275 808.269985 300.294266 793.815636 317.479889 21.937572 21.937572 -0.000000 5.433617 5.411677 0.000000
7 809.903438 233.934720 809.923816 233.043418 796.595263 251.240813 22.416764 21.234219 1.166389 5.367932 5.344559 0.000000
8 741.491549 435.980220 741.436060 435.536753 720.460036 444.083922 21.625552 21.625552 -0.000000 5.915404 5.896253 0.000000
9 253.411946 406.714279 255.394667 409.152501 268.698937 400.077049 18.438326 14.671288 1.380126 2.731976 2.542950 0.000000
10 816.021497 170.943274 810.375563 168.379741 797.775422 186.046245 22.183393 20.745323 0.918004 5.591758 5.331934 0.000000
11 297.443265 460.775691 297.807076 460.955788 314.243190 460.400338 18.814489 15.449313 1.227998 3.119254 3.107811 0.000000
12 750.248744 167.957357 749.903077 167.043264 733.942503 182.030890 22.049221 21.134881 0.767267 5.571149 5.529215 0.000000
13 259.715096 246.215573 260.261083 247.973463 273.695901 235.707448 18.521275 14.814127 -1.400356 2.497061 2.401640 0.000000
14 748.949030 232.772464 748.629748 230.132340 732.380502 246.927577 22.274561 21.567863 1.058936 5.576179 5.481266 0.000000
15 255.537727 352.748170 255.583045 355.983000 269.520869 345.520515 18.573578 14.814245 1.510404 2.664530 2.497673 0.000000
16 742.792162 364.312945 742.630156 363.784440 725.524088 379.008067 21.980578 21.980578 -0.000000 5.578111 5.555948 0.000000
17 800.114491 142.773651 802.035858 144.879093 797.449559 122.952407 21.843090 19.966693 0.714630 1.437149 1.364604 0.000000
18 749.006122 301.198856 749.218193 300.970233 729.559424 312.917202 22.415187 21.730840 1.337231 5.740865 5.737111 0.000000
19 717.000000 132.000000 718.100157 132.828235 734.328618 119.138220 21.669905 20.370467 0.527493 2.503084 2.440837 0.000000
20 255.526433 293.127597 256.011820 293.612704 271.141983 290.593833 18.611567 14.917387 -1.506873 2.980736 2.944652 0.000000
21 299.365214 407.239836 297.980388 408.186783 314.600378 405.204603 19.075676 15.796068 1.347196 3.008791 2.964049 0.000000
22 671.151233 93.459864 667.025901 94.910541 670.788993 116.611691 21.383432 20.444154 0.199457 4.728034 4.540691 0.000000
23 674.135860 503.291774 671.696319 503.045740 651.849825 501.334111 21.167686 20.690837 0.363813 0.087618 0.086031 0.000000
24 605.363370 95.061197 604.034158 94.806002 607.858509 115.477953 21.030740 20.146465 -0.186885 4.590782 4.529455 0.000000
25 261.747128 190.095197 262.031126 189.984357 277.026548 181.498158 18.371458 14.592943 -1.265713 2.629086 2.626610 0.000000
26 349.685228 478.928836 350.331541 480.908011 363.191338 467.336037 19.404400 16.541658 1.176962 2.432278 2.329257 0.000000
27 272.884180 114.448047 272.660624 115.132557 281.236692 128.644100 18.124397 14.289346 -1.150126 4.180566 4.146829 0.000000
29 671.154169 156.680464 670.950698 157.468918 669.668919 178.913368 21.724845 21.250031 0.518798 4.779094 4.772090 0.000000
30 321.275476 109.391477 320.969773 108.850011 327.532744 124.803335 18.699397 15.417155 -1.086077 4.326718 4.322106 0.000000
31 299.359378 355.146413 300.300299 354.882343 315.732432 348.866946 19.169453 16.155382 1.485678 2.775370 2.769913 0.000000
32 374.669502 103.105806 373.997986 103.177760 377.367398 121.370946 19.262888 16.624569 -1.019406 4.565742 4.529262 0.000000
33 489.058897 96.800300 489.000000 96.000000 487.060670 116.576802 20.211609 18.672316 -0.793815 4.813088 4.806360 0.000000
34 539.900931 95.796144 539.926839 96.328432 546.372880 115.442436 20.662729 19.551343 -0.538692 4.394161 4.387125 0.000000
36 611.180496 492.814937 610.576688 492.562345 589.824322 495.098387 21.039014 20.260021 0.718259 6.176668 6.161583 0.000000
37 507.000000 489.000000 509.528908 490.341508 529.346653 488.434877 20.775366 19.596625 0.882938 3.116309 3.045680 0.000000
38 431.364362 98.882802 429.797558 98.825512 430.626190 118.596071 19.752611 17.668252 -0.942785 4.749817 4.670501 0.000000
39 400.208301 483.193222 399.373055 483.811807 415.492056 474.435304 19.912081 17.606785 1.109768 2.621247 2.614734 0.000000
40 303.000000 230.000000 303.460067 231.662571 320.108942 235.242192 19.139888 16.144794 -1.387348 3.438911 3.353375 0.000000
41 314.658529 163.797210 314.248795 163.849658 323.497789 179.322239 18.940025 15.845985 -1.240148 4.194807 4.173613 0.000000
42 679.279021 360.645911 679.165143 359.894153 661.233134 374.198854 21.848591 21.848591 -0.000000 5.639027 5.609837 0.000000
43 678.226042 431.671218 677.888576 430.996898 656.827365 438.754050 21.508465 21.508465 -0.000000 5.963542 5.930289 0.000000
44 610.525883 420.475721 610.169907 417.256396 593.853312 433.167780 21.497885 20.858859 0.963907 5.632521 5.510360 0.000000
45 458.537013 496.754361 458.988093 496.779817 470.982733 481.474575 20.387423 18.669835 1.036058 2.254330 2.235516 0.000000
46 365.450384 161.315691 364.238121 161.014574 373.512772 177.516577 19.513626 17.084633 -1.196410 4.250622 4.200355 0.000000
47 664.245733 330.936512 664.573134 331.876144 664.908368 308.701722 22.223094 21.698528 1.336302 1.600589 1.585261 0.000000
48 380.173486 419.111409 381.233952 419.064628 364.002135 410.563686 19.696784 16.998890 1.318492 0.486243 0.458296 0.000000
49 680.592016 227.210378 680.850654 224.088351 667.737207 243.287688 22.044917 21.631705 1.067753 5.386863 5.311625 0.000000
50 300.420939 288.700526 300.080875 291.479011 317.491366 292.033925 19.210328 16.204929 -1.506476 3.334439 3.173454 0.000000
51 610.211556 155.649592 610.302114 155.077100 606.036950 176.923321 21.159457 21.159457 -0.000000 4.906160 4.905199 0.000000
52 421.863733 157.452923 420.001315 158.009579 427.109921 176.266470 20.069244 18.234676 -1.134614 4.440445 4.341084 0.000000
53 351.043899 364.615374 350.959251 365.007897 365.506268 352.493727 19.818015 17.282674 1.484267 2.444018 2.431174 0.000000
54 454.141398 428.052086 455.391627 428.467136 473.238997 421.790598 20.750262 19.178400 1.184960 2.824769 2.783619 0.000000
55 355.191570 278.670501 354.000000 278.000000 367.579929 293.805427 19.823103 17.471296 -1.502234 4.026452 4.002581 0.000000
56 611.159272 284.712412 611.000000 284.000000 600.918766 304.878382 21.634295 21.634295 -0.000000 5.182266 5.162227 0.000000
57 353.022011 233.026398 352.435152 233.200594 370.274572 235.261817 19.737232 17.378023 -1.389367 3.270445 3.256626 0.000000
58 556.233692 358.821660 555.655068 358.112560 535.529441 364.875542 21.419260 20.558737 1.352092 5.998717 5.959002 0.000000
59 435.023556 411.331536 435.023514 409.961174 416.994822 416.092623 20.263386 18.160250 1.263318 6.024996 5.955363 0.000000
60 458.832302 373.271202 460.852700 374.359825 475.733775 360.514118 20.929090 19.561601 1.405270 2.495032 2.392221 0.000000
61 401.483471 300.843244 402.383667 303.142655 421.252563 295.986877 20.426433 18.597131 -1.500380 2.900708 2.779113 0.000000
62 614.604725 355.127404 613.515467 354.748682 597.611617 369.470105 21.809631 21.206736 1.298134 5.582167 5.536378 0.000000
63 515.950474 410.473465 515.650151 414.883398 532.433383 427.457635 21.214564 20.142186 1.091494 3.941967 3.784591 0.000000
64 460.438806 308.682616 460.390806 309.960428 478.393549 298.512357 21.001983 19.703209 -1.540067 2.626216 2.575188 0.000000
65 611.929504 219.070419 611.099564 219.605981 603.755316 240.347430 21.517003 21.517003 -0.000000 5.079183 5.052699 0.000000
66 434.665183 345.331831 435.356553 344.226889 418.932438 356.337809 20.411589 18.505884 1.448861 5.672756 5.647806 0.000000
67 474.638598 157.441741 473.779121 157.867392 483.968017 175.618222 20.552755 19.272681 -1.035685 4.238183 4.191310 0.000000
68 404.295961 237.656133 404.733263 239.172460 423.992986 235.599641 20.322843 18.532416 -1.341968 3.037563 2.958170 0.000000
69 548.212218 154.892706 545.865625 153.222478 543.893533 175.806621 20.972228 20.310425 -0.836813 4.916025 4.799490 0.000000
70 556.519470 222.806728 556.036898 221.433382 541.302068 238.126135 21.263044 20.705392 -1.377005 5.494447 5.435568 0.000000
71 557.764449 292.128040 557.301103 287.062886 538.500002 301.480839 21.464655 20.685431 1.513116 5.831209 5.628976 0.000000
72 463.193396 247.757645 464.028615 250.995323 481.082518 236.579098 20.886002 19.636698 -1.335515 2.583080 2.439814 0.000000
77 59.896769 391.019625 60.010419 392.970184 59.208688 374.474938 16.699098 9.756842 1.486657 1.529231 1.527476 0.000000
78 37.220701 429.424916 37.825056 399.337132 35.544817 413.525229 15.783453 8.602280 1.431320 1.465780 4.871741 0.000000
79 58.716415 313.710060 62.430244 349.164673 59.725943 330.191563 16.317968 9.050876 1.547735 4.651213 1.429217 0.000000
80 52.392481 427.039772 54.350112 428.540358 60.694982 418.127541 16.566693 9.572982 1.406358 2.320790 2.118050 0.000000
81 37.935422 397.540818 38.126411 429.292855 24.026736 415.897155 21.067001 21.067001 -0.000000 5.360803 0.759800 0.000000
82 36.837557 311.492186 42.412243 341.011634 19.312116 328.586164 23.817688 23.817688 0.000000 5.510250 0.493503 0.000000
83 16.904248 354.015211 15.263295 385.727726 -4.443702 370.302328 24.404965 24.404965 -0.000000 5.631457 0.664126 0.000000
84 18.098178 423.190626 15.053618 395.879573 12.878575 409.598352 15.365182 7.873183 1.421904 1.204148 4.869625 0.000000
85 35.543159 353.229601 32.944041 387.086994 34.640138 371.798828 15.978056 8.421425 1.503124 4.760981 1.681286 0.000000
86 35.491916 419.402823 33.372329 406.362358 40.834963 412.639680 8.811800 8.811800 -0.000000 2.239425 3.840936 0.000000
88 59.819071 369.154403 60.652309 379.774853 54.533101 374.989626 8.249300 8.249300 -0.000000 5.448439 0.663669 0.000000
89 18.559167 397.060359 21.589576 419.193115 -10.188154 413.171131 31.379824 31.379824 0.000000 5.772372 0.187282 0.000000
91 35.948442 270.111383 35.794588 270.960177 34.758683 286.341111 16.154975 8.906714 -1.512980 4.785566 4.779637 0.000000
92 10.240080 363.772511 12.576681 374.998724 7.917468 368.968783 7.049267 7.049267 0.000000 5.132726 0.912937 0.000000
93 33.388778 364.679648 32.749756 377.103885 30.436721 372.196754 7.382880 7.382880 -0.000000 5.086597 1.130321 0.000000
94 51.446510 344.067349 58.092598 314.018419 70.753609 329.487615 21.876378 21.876378 -0.000000 2.494804 4.026489 0.000000
95 58.635856 380.235934 57.474685 369.358240 63.398116 374.429628 8.162600 8.162600 -0.000000 2.257726 3.849650 0.000000
96 51.648871 293.160826 49.809065 294.891589 59.761354 286.121386 16.794508 9.841804 -1.518785 2.426895 2.419248 0.000000
97 31.594420 388.732281 26.436770 359.020214 49.871893 370.584262 24.650383 24.650383 0.000000 2.359748 3.599986 0.000000
99 40.564965 340.406810 36.593009 313.468404 33.929891 329.080733 16.189082 8.752086 1.555013 1.040866 4.881341 0.000000
101 19.698907 276.992890 18.037303 276.511000 11.991903 286.697497 15.524972 8.189051 -1.519053 5.383558 5.247995 0.000000
102 8.500781 343.732667 17.661885 341.060317 11.345859 327.785622 15.614739 8.156633 1.569000 1.747347 1.126700 0.000000
103 56.834741 211.224326 56.676406 211.811133 64.374137 198.240181 16.520836 9.668828 -1.387194 2.096875 2.086765 0.000000
104 50.803488 250.060297 52.685315 249.770640 61.536925 241.964889 16.653805 9.727290 -1.444473 2.495394 2.418899 0.000000
105 34.041559 379.776795 33.410286 364.273488 40.206463 371.245264 9.724028 9.724028 0.000000 2.196531 3.939744 0.000000
106 11.950401 375.245147 11.234521 361.471203 16.719289 368.453984 8.486395 8.486395 -0.000000 2.183010 4.046570 0.000000
107 59.103409 337.099316 60.411134 324.949225 61.524331 330.171656 7.063711 7.063711 -0.000000 1.906988 4.502375 0.000000
109 37.282750 228.030697 42.679540 256.945519 38.247860 242.512836 14.559494 7.315284 -1.546015 4.645846 1.272876 0.000000
110 11.164248 231.479773 18.615199 258.924168 13.980739 245.106840 15.129626 7.822339 -1.491203 4.508575 1.247179 0.000000
112 41.981798 254.729320 34.950737 227.702688 36.326849 243.986320 15.899469 8.704047 -1.475642 1.086265 4.628080 0.000000
113 59.506632 321.695696 59.327918 337.518507 53.185401 330.252645 9.453731 9.453731 0.000000 5.348635 0.868982 0.000000
114 44.063180 186.032112 40.137067 218.533722 25.965866 199.480178 22.598948 22.598948 0.000000 5.644117 0.931303 0.000000
115 61.536652 235.567026 61.346866 248.656265 57.094135 241.143139 8.206326 8.206326 0.000000 5.385118 1.055722 0.000000
116 57.475304 247.088216 62.949545 233.498820 67.624964 242.052825 9.978447 9.978447 -0.000000 2.681058 4.212178 0.000000
117 63.221910 281.912488 60.771091 291.196621 54.384573 285.719893 9.097470 9.097470 0.000000 5.876386 0.708858 0.000000
119 8.622999 333.020596 10.833776 321.231580 17.722467 327.379891 9.650778 9.650778 0.000000 2.586673 3.870261 0.000000
120 67.981858 139.689967 68.291131 171.451300 68.609237 155.061682 16.257174 9.260663 -1.330953 4.671598 1.590203 0.000000
121 16.294577 240.949234 12.934306 252.048734 7.351910 245.460934 9.253095 9.253095 -0.000000 5.815933 0.867823 0.000000
123 0.505666 236.003572 0.371439 255.002624 -31.552036 245.193397 32.207528 32.207528 0.000000 6.004007 0.298116 0.000000
124 59.616309 292.436854 56.814626 281.996304 64.651195 287.115553 8.720542 8.720542 0.000000 2.328545 3.720250 0.000000
125 68.688075 170.391951 68.530630 139.794123 67.708708 155.676750 16.134216 8.806775 -1.341277 1.504340 4.764093 0.000000
126 52.753141 149.801582 34.485539 169.759921 43.034393 160.403225 15.815425 8.629572 -1.322580 5.454366 2.311108 0.000000
127 6.644899 259.972073 10.867088 230.931987 29.671288 246.905895 24.370842 24.370842 0.000000 2.625456 3.845788 0.000000
128 33.102034 171.017349 47.008445 145.085415 41.669174 158.502455 14.441295 6.817732 -1.257785 2.171082 5.091124 0.000000
130 13.927877 253.463961 11.338483 240.158851 19.230605 246.954644 9.106651 9.106651 0.000000 2.254399 3.852487 0.000000
131 11.935346 280.139962 11.434527 292.720915 7.331483 286.271778 7.839272 7.839272 0.000000 5.356412 1.004172 0.000000
132 14.918982 190.735085 21.623704 217.937763 16.567385 204.554810 15.051003 7.891830 -1.430840 4.593671 1.209557 0.000000
134 12.147630 294.588828 11.958811 278.893344 17.402162 286.927322 8.856259 8.856259 0.000000 2.171952 4.116896 0.000000
135 36.561710 217.146448 42.071229 185.857263 38.781364 201.513919 15.671121 8.276943 -1.401785 1.711843 4.919501 0.000000
137 3.437613 197.929658 0.666660 220.083385 -28.682262 205.440329 31.562868 31.562868 -0.000000 6.053480 0.462791 0.000000
139 26.421306 149.075202 11.775223 175.276973 19.987035 165.008305 15.322605 7.841394 -1.332661 5.096193 2.245352 0.000000
142 8.307664 216.067419 15.183490 189.888146 32.372737 206.874187 24.392721 24.392721 0.000000 2.776686 3.921045 0.000000
147 10.809278 174.969718 25.444275 151.453666 28.880337 165.355210 17.386672 17.386672 0.000000 2.652644 4.470074 0.000000
148 -0.531450 163.275595 -1.031613 175.045672 -7.297873 167.725432 8.950434 8.950434 0.000000 5.701461 0.862819 0.000000
