1 764.240011 492.987545 762.662714 494.144042 777.860090 487.163477 17.705274 13.581290 -1.195317 2.737514 2.711010 0.000000
2 796.512300 429.654266 796.231602 428.965891 781.442983 435.441909 17.925773 13.922882 -1.329836 5.916488 5.870435 0.000000
3 797.265857 375.492958 798.003379 374.948489 783.911450 382.601150 18.016524 14.122640 -1.443969 5.794054 5.785692 0.000000
4 749.467514 486.442357 750.185397 483.834389 734.052377 491.304656 18.243139 14.744618 -1.165816 5.977639 5.849539 0.000000
5 267.149050 525.809374 267.074982 526.715879 284.275805 514.143659 20.783377 20.040621 0.654235 2.543637 2.510423 0.000000
6 797.162492 265.172255 797.592950 262.084145 786.318421 275.654739 18.044431 14.265182 1.469886 5.514740 5.405634 0.000000
7 752.833084 429.989671 751.600153 429.644843 737.457777 437.991736 18.493055 15.152666 -1.275050 5.803313 5.750000 0.000000
8 755.303233 208.810167 754.094601 207.894229 741.819454 218.266915 18.502921 15.200077 1.324853 5.671559 5.581592 0.000000
9 797.373132 214.128065 798.393756 211.956530 785.952801 222.686585 17.918435 14.050610 1.354040 5.640061 5.571491 0.000000
10 774.846953 342.341605 776.020114 342.968845 785.617201 329.057097 18.047046 14.280888 -1.542714 2.252050 2.174681 0.000000
11 755.725852 379.547721 755.157917 376.078766 739.784666 383.431338 18.615033 15.438384 -1.432059 6.044219 5.837072 0.000000
12 773.386097 180.510566 773.866149 181.288187 784.748809 170.733782 17.732817 13.730133 1.238349 2.431076 2.371506 0.000000
13 702.455021 484.019277 701.685440 484.362080 686.840668 495.285372 18.781353 15.807013 -1.101505 5.658161 5.648812 0.000000
14 752.252711 259.684601 753.192318 258.244721 741.966143 272.944591 18.609781 15.444166 1.458152 5.372174 5.364596 0.000000
15 756.122850 160.981633 755.106638 160.590629 740.797529 164.687597 18.294785 14.817349 1.198535 6.045920 6.004327 0.000000
16 757.532990 326.866644 756.791706 326.263309 741.274443 328.176113 18.716034 15.514070 1.567365 6.202818 6.160535 0.000000
17 653.164820 489.776417 652.720369 487.126699 636.364950 499.204878 19.292067 16.940807 -1.042893 5.771767 5.647097 0.000000
18 704.923911 428.519131 704.635256 428.186925 689.814556 440.450393 19.054073 16.340306 -1.240714 5.614781 5.591926 0.000000
20 704.968659 312.012524 704.464111 312.140330 693.355460 327.307841 19.268273 16.686542 1.565611 5.361793 5.344529 0.000000
21 260.032610 451.992500 259.886177 452.630894 281.859321 452.614533 21.219760 20.701184 1.043454 3.170084 3.140848 0.000000
22 706.545906 149.870918 707.744563 149.039450 693.505575 158.830919 18.815857 15.933481 1.140513 5.681170 5.680795 0.000000
23 678.571294 398.117277 677.788768 400.131780 691.877880 384.229877 19.197206 16.655679 -1.411276 2.334840 2.295823 0.000000
24 599.114357 490.160616 598.224688 490.782892 582.758288 502.827479 19.741591 17.923535 -0.954938 5.624223 5.621532 0.000000
25 992.722290 356.081424 995.866702 356.679570 997.374235 341.851264 14.385944 8.156816 -1.545267 1.886752 1.672114 0.000000
26 331.464516 528.737278 331.403548 529.292305 345.731666 513.065686 20.444446 20.444446 -0.000000 2.309318 2.294140 0.000000
27 1016.407343 410.497063 1009.240686 437.348344 1015.388750 424.763682 13.763182 6.948019 -1.419020 4.783665 2.025231 0.000000
28 261.278572 399.029816 261.443989 400.219952 280.508949 389.182274 21.635498 21.008806 1.440452 2.668326 2.616794 0.000000
29 622.981633 376.952268 624.640432 378.067613 640.553526 385.051843 19.740074 17.739596 -1.380146 3.573506 3.555176 0.000000
30 625.275102 457.420546 627.576132 458.532121 638.786409 442.855284 19.580037 17.395309 -1.188236 2.318674 2.191575 0.000000
31 392.968119 498.562709 387.053810 503.979982 407.107009 511.322259 20.538302 19.980037 -0.395323 3.875756 3.492573 0.000000
32 708.370764 203.697434 707.406135 201.893897 694.272143 213.934169 19.048043 16.372661 1.289874 5.655169 5.541206 0.000000
33 706.874269 257.216403 706.000000 255.000000 694.171979 270.319230 19.200759 16.683514 1.445342 5.482267 5.369887 0.000000
34 989.519212 460.662798 986.634717 475.191019 984.942676 467.275656 8.275836 8.275836 0.000000 5.317770 1.360199 0.000000
35 446.439757 512.864052 447.172382 514.173796 467.559374 509.008919 20.370416 19.470761 -0.669490 2.961042 2.893471 0.000000
36 654.969549 140.013141 654.236817 140.698074 642.623913 153.344320 19.351791 17.033441 1.037239 5.459423 5.455217 0.000000
37 1013.681278 451.355980 1005.339096 476.438691 1011.751858 464.864762 13.736158 7.109709 -1.347040 4.854257 2.076759 0.000000
38 258.875550 327.701770 258.044510 329.267069 280.327282 324.708248 21.839209 21.112077 -1.427961 3.002941 2.939788 0.000000
39 584.342659 128.795287 583.739600 127.846905 588.556654 148.242940 19.808522 18.061324 0.921534 4.499004 4.480463 0.000000
40 323.237019 454.910504 322.337753 455.340776 344.227277 451.790470 21.005351 21.005351 -0.000000 2.994031 2.980801 0.000000
41 506.716659 504.749906 505.703841 505.029334 526.290846 506.155741 20.098965 18.776166 -0.866176 3.213290 3.196253 0.000000
42 260.528029 255.991217 259.224182 256.154775 281.274702 260.154740 21.798041 21.010142 -1.179216 3.339646 3.321041 0.000000
43 601.473428 435.245496 601.890767 434.011154 584.524578 445.129613 20.068181 18.493356 -1.113007 5.755230 5.713705 0.000000
44 261.909620 195.564722 261.624918 196.802064 283.379196 196.427010 21.525947 20.656640 -0.886263 3.181734 3.124354 0.000000
45 1003.312304 244.410473 998.806432 272.279997 999.436589 257.988429 13.421307 6.948180 1.534157 4.990437 1.614861 0.000000
46 264.725744 134.763237 264.188614 138.068906 286.546778 134.525047 21.258448 19.986845 -0.596642 3.130677 2.984396 0.000000
47 1006.507190 291.885583 1001.047917 285.021491 998.295146 299.495942 14.393474 8.177431 1.539652 5.535796 4.900326 0.000000
48 993.912866 410.904205 992.848206 411.400324 992.311010 426.526835 14.358928 8.058954 -1.413342 4.814566 4.747888 0.000000
49 660.540381 322.902355 631.447306 308.800933 642.014607 326.500045 19.854755 17.915771 -1.544562 6.091374 4.174139 0.000000
50 995.705511 398.922789 1000.018452 370.743459 995.412088 384.392268 14.328906 8.252205 -1.467505 1.550606 5.037878 0.000000
51 485.138937 440.350386 486.525400 437.042270 467.810376 449.082420 20.810403 20.075556 -0.994926 5.816415 5.711505 0.000000
52 649.219559 192.445686 649.159256 190.738830 643.029088 209.904316 19.613958 17.556624 1.220674 5.053138 5.021960 0.000000
53 362.985677 399.998506 362.644093 398.138736 343.487073 388.676599 21.507788 21.149009 -1.510946 0.526072 0.458776 0.000000
54 604.923614 378.016648 604.138569 376.983198 585.960053 385.883269 20.256994 18.864169 -1.355571 5.889962 5.827898 0.000000
55 983.264892 482.468740 994.788668 454.633628 988.448791 468.046814 14.122160 8.010863 -1.330635 1.915861 5.153926 0.000000
56 633.873168 308.230172 659.991861 323.003717 641.935097 326.605603 19.933498 17.941545 -1.567177 4.298943 6.086294 0.000000
57 995.172103 391.256857 994.901626 375.959824 998.721431 384.832949 7.920313 7.920313 -0.000000 2.075571 4.305876 0.000000
58 447.793136 395.170159 448.404199 397.003213 468.256665 387.438678 21.100651 20.433271 -1.268058 2.780354 2.692626 0.000000
59 385.732999 457.434815 385.836575 458.989057 406.507731 450.622521 20.967603 20.664158 -0.963778 2.824729 2.757003 0.000000
60 657.098842 254.237537 655.972123 255.053734 642.779926 267.833840 19.755235 17.881710 1.445300 5.523667 5.513652 0.000000
61 508.800910 453.536323 507.169488 455.024194 527.342179 447.260929 20.473441 19.301836 -1.036171 2.815239 2.774223 0.000000
62 996.173220 272.366025 1002.734463 245.435397 998.223092 257.155409 14.309875 8.092927 1.490789 1.704755 5.079836 0.000000
63 389.522385 401.639511 388.800532 402.818595 406.383939 388.121241 21.182392 21.182392 -0.000000 2.465803 2.445362 0.000000
64 528.342035 123.323600 525.790539 122.731409 531.502084 143.774329 20.147835 18.972528 0.809704 4.559081 4.447351 0.000000
65 326.411633 132.576660 327.203541 135.448513 348.827128 135.310518 21.014946 20.183351 -0.319516 3.262956 3.135211 0.000000
66 1007.372670 431.056449 1017.487567 408.457250 1025.683430 424.893186 17.884653 17.884653 0.000000 2.816912 4.249818 0.000000
67 404.066067 117.083442 403.992049 117.460203 410.974347 137.142197 20.728539 20.164684 0.079112 4.380710 4.371484 0.000000
68 547.344496 378.347334 547.442780 375.998769 528.329149 386.691892 20.719348 19.682925 -1.304670 5.869657 5.773116 0.000000
70 324.202691 196.535073 324.783848 196.659912 346.311718 196.878382 21.132452 21.132452 -0.000000 3.157119 3.151741 0.000000
71 995.099660 201.155880 994.765541 201.041853 997.154005 215.364968 14.219627 8.048268 1.419745 4.568804 4.547153 0.000000
72 388.064917 504.242869 392.045587 497.629337 455.379182 544.768168 78.351341 78.351341 -0.000000 3.683504 3.781432 0.000000
74 493.354410 136.470965 492.844545 136.142074 472.136159 140.010830 20.473422 19.683038 0.550188 6.117877 6.098494 0.000000
75 384.000000 328.000000 386.504153 328.243169 406.819221 324.579875 21.321382 21.321382 -0.000000 2.992821 2.963186 0.000000
76 320.781123 327.105103 321.818300 328.543995 343.629555 324.558514 21.713599 21.263278 -1.397824 3.030595 2.960861 0.000000
77 450.200522 335.701588 450.710518 336.241206 469.001642 324.824194 21.231339 20.588718 -1.464593 2.617094 2.583581 0.000000
78 1022.463105 355.856903 1019.587818 329.256592 1020.207952 342.909111 13.744569 7.554169 -1.536848 1.398353 4.666998 0.000000
79 601.629302 191.708063 601.634467 191.658644 588.567903 206.160723 20.082680 18.584408 1.141197 5.447265 5.445764 0.000000
80 331.914183 278.225927 332.032876 278.862531 344.570131 260.272467 21.627619 21.182195 -1.178618 2.184824 2.164138 0.000000
82 545.686598 249.553018 544.554694 250.368605 530.285523 263.661338 20.792827 19.777728 1.379595 5.541567 5.533199 0.000000
83 604.207736 255.615886 604.715044 251.904776 588.082277 265.599122 20.259844 18.929043 1.401934 5.728842 5.594377 0.000000
84 548.287127 316.047363 546.866702 316.709471 529.319332 325.222165 20.838560 19.825955 -1.519087 5.832659 5.831507 0.000000
85 1018.440547 274.807165 1022.053861 247.357388 1020.945051 260.868716 13.719349 7.324198 1.504606 1.748582 4.794271 0.000000
86 1004.175739 475.013071 1014.083694 449.002135 1022.186605 466.404875 18.302923 18.302923 0.000000 2.695745 4.276629 0.000000
87 387.337839 266.270834 385.906910 267.160893 407.751411 260.929529 21.249411 21.249411 -0.000000 2.885675 2.863713 0.000000
88 595.359786 307.199428 595.401972 305.457304 587.202781 325.790803 20.306016 19.012958 -1.548442 5.125850 5.095682 0.000000
89 398.703154 179.842534 397.106409 179.611963 409.154311 198.176976 20.962228 20.962228 -0.000000 4.194299 4.136747 0.000000
90 489.567735 189.536393 489.180192 189.627344 470.967954 200.177738 20.551273 20.551273 -0.000000 5.763517 5.758124 0.000000
91 546.862711 191.009702 547.361984 190.158775 531.001543 202.854453 20.472606 19.521640 1.045225 5.641750 5.623252 0.000000
92 986.496442 475.300945 989.987365 460.363149 993.295216 469.451057 9.317368 9.317368 0.000000 2.431073 4.363311 0.000000
93 490.734591 255.863008 490.144609 255.903087 469.913888 262.110601 21.083269 20.593327 1.459856 5.991668 5.985469 0.000000
94 996.964413 335.026233 998.970501 349.990737 994.086274 341.622561 7.974903 7.974903 -0.000000 5.123812 1.042473 0.000000
96 997.346138 459.219134 994.307214 477.887223 970.790364 463.805494 25.922195 25.922195 0.000000 6.112166 0.539532 0.000000
97 998.763804 263.539945 997.155697 249.073816 1001.693494 256.955898 7.835223 7.835223 -0.000000 1.989458 4.190021 0.000000
98 996.951230 349.073624 995.421930 333.901970 1001.358967 342.276328 8.408223 8.408223 -0.000000 2.146084 4.095679 0.000000
99 996.018010 221.583942 998.900698 208.558688 999.793635 214.384507 7.047803 7.047803 -0.000000 2.053799 4.560300 0.000000
100 995.896682 375.945263 995.188150 391.875645 990.633065 383.816413 9.250840 9.250840 0.000000 5.301814 1.056357 0.000000
101 1014.651111 209.666728 1020.936200 207.373000 1019.521298 212.284611 5.474090 5.474090 0.000000 3.634813 4.992868 0.000000
103 1023.013570 391.718765 1022.000000 374.000000 1018.187415 383.870409 13.792606 7.483360 -1.472316 1.019474 5.080998 0.000000
105 1009.969832 471.078763 1015.370652 460.743717 1013.408023 464.918396 6.480214 6.480214 -0.000000 2.079848 5.151854 0.000000
106 1022.499257 234.360563 1014.499042 209.691667 1019.623830 220.981722 13.345574 6.891451 1.415893 1.359093 4.286280 0.000000
107 996.935867 249.558126 998.858911 264.872220 995.144755 257.326120 7.997703 7.997703 0.000000 4.939004 1.113412 0.000000
108 1014.549847 430.948672 1013.166923 419.033093 1019.434362 425.711010 8.233255 8.233255 -0.000000 2.321320 3.958689 0.000000
109 1018.203934 265.993095 1019.802240 253.257034 1025.625337 260.214082 8.450933 8.450933 0.000000 2.479978 4.015487 0.000000
110 1017.878442 390.340911 1020.068558 377.677620 1020.762027 383.974441 7.037901 7.037901 -0.000000 1.996087 4.602701 0.000000
111 1019.562960 375.276218 1018.206366 390.947499 1013.209495 383.167619 9.244557 9.244557 0.000000 5.390240 0.999866 0.000000
112 1016.033545 313.994282 1015.283709 291.041901 1037.563363 301.538694 24.002006 24.002006 0.000000 2.617112 3.581885 0.000000
113 1018.583514 419.968207 1016.058989 433.263870 1006.578027 423.791379 12.252882 12.252882 -0.000000 5.974887 0.784951 0.000000
114 1017.578579 348.041638 1019.360740 335.150824 1025.979320 342.686096 9.656943 9.656943 0.000000 2.574049 3.991667 0.000000
117 1021.040666 226.883832 1021.723748 214.544861 1022.291703 220.272971 6.806948 6.806948 -0.000000 1.757824 4.613560 0.000000
118 1001.493199 284.222997 1005.503983 293.338234 967.628483 308.651649 40.353972 40.353972 0.000000 5.658267 5.898970 0.000000
119 1022.073815 308.345355 1020.097462 294.035299 1024.235057 301.918068 7.368811 7.368811 -0.000000 1.895179 4.229027 0.000000
120 1000.267656 211.991598 997.000542 221.911198 995.973771 214.081107 8.541644 4.464898 1.243098 5.830296 1.440409 0.000000
122 1009.807958 437.232342 1007.500374 426.978525 1025.381220 427.743232 17.639328 17.639328 -0.000000 2.594348 3.184333 0.000000
151 748.925258 369.067698 754.441815 379.729245 736.137460 383.847845 19.634733 19.634733 0.000000 5.425642 6.061865 0.000000
