1 795.409785 463.047553 796.583702 465.034957 810.862825 453.729428 17.420001 14.820811 -0.769613 2.598973 2.471901 0.000000
2 769.628603 491.284770 770.083856 489.975148 756.012911 501.639698 17.250356 14.557096 -0.539456 5.632989 5.591021 0.000000
3 789.391941 506.138196 787.915568 509.085964 803.979007 500.042706 16.995590 13.895979 -0.639915 2.745777 2.628845 0.000000
4 824.001244 388.230040 823.026650 386.814277 817.059159 404.773280 17.784494 15.568438 -0.885793 5.109705 5.033195 0.000000
5 786.988819 343.291138 787.926552 342.114187 771.686553 353.046200 18.462956 17.174597 -0.960400 5.715654 5.690705 0.000000
6 845.148763 297.370621 845.147173 295.810370 827.406145 300.188452 18.425483 16.836567 -1.249652 6.125684 6.041242 0.000000
7 744.927380 462.989811 745.912624 464.109472 761.818732 454.857938 17.713653 15.458591 -0.611118 2.692917 2.614787 0.000000
8 721.450420 493.885941 721.335682 491.115163 706.081435 502.764745 17.525153 14.987898 -0.406706 5.759317 5.630977 0.000000
9 813.806380 251.571682 814.913646 255.040933 831.057279 245.343352 18.680714 17.146198 -1.480720 2.795113 2.600654 0.000000
10 839.506776 347.910109 839.640130 347.819222 822.661752 353.406851 18.103547 16.240181 -1.014622 5.967767 5.965247 0.000000
11 791.329573 287.825746 790.440519 286.586042 775.623561 298.860869 18.701786 17.693634 -1.136976 5.670713 5.591347 0.000000
12 780.511987 393.475910 781.924340 392.067297 767.033826 405.242163 18.113264 16.397901 -0.754959 5.565497 5.558842 0.000000
13 765.339611 196.926271 765.114284 197.217365 780.695342 186.382809 18.729312 18.729312 -0.000000 2.539907 2.533983 0.000000
14 671.698640 497.126758 671.406647 496.913201 654.603706 503.601734 17.717877 15.432006 -0.270206 5.921117 5.904355 0.000000
15 793.211636 230.965367 793.398759 230.587186 778.679888 243.156743 18.994352 18.083414 -1.464493 5.585143 5.576388 0.000000
16 727.658460 450.357742 728.358610 449.920656 710.592594 455.552284 17.987444 16.024949 -0.462834 5.987713 5.976216 0.000000
17 326.604037 504.214597 326.163489 504.982300 341.510546 499.185561 17.256268 14.511230 0.528899 2.816212 2.780448 0.000000
18 698.917771 416.236464 700.051070 417.295800 714.685350 405.365629 18.372020 17.012057 -0.570330 2.537988 2.457639 0.000000
19 819.132105 200.098865 819.448022 202.136335 833.607187 189.587450 18.906089 17.255285 1.422948 2.513516 2.416414 0.000000
20 739.264087 170.914234 739.031908 168.812332 725.132168 183.813736 19.538939 19.002172 1.177467 5.543348 5.459687 0.000000
21 735.104415 342.956294 734.619819 342.638575 718.320413 352.649024 18.304491 18.304491 -0.000000 5.759476 5.732419 0.000000
22 675.559913 448.943063 674.355138 448.791544 657.751232 455.983063 18.199636 16.358313 -0.306475 5.906726 5.874455 0.000000
23 616.147654 495.224954 616.768443 492.686363 602.060981 504.003849 17.875022 15.612567 -0.132985 5.725877 5.627317 0.000000
24 736.454512 226.230234 735.933754 226.178548 723.683108 241.386478 19.225784 18.885114 -1.405215 5.412600 5.390501 0.000000
25 740.090957 291.918416 740.118198 291.704977 721.376116 297.856248 18.998549 18.419025 -0.893061 5.975952 5.966056 0.000000
26 374.860950 496.955599 374.138029 498.699283 391.620868 500.977711 17.521447 14.943763 0.404336 3.377123 3.271186 0.000000
27 535.297562 515.769273 536.104445 515.504663 548.913115 503.901400 17.858692 15.705922 0.014022 2.424668 2.405532 0.000000
28 642.498542 413.008634 643.816168 414.998866 660.571845 405.460192 18.633532 17.339687 -0.368841 2.745958 2.624068 0.000000
29 340.403315 437.931990 339.870382 436.449992 336.145959 452.650842 17.725169 15.366516 0.593741 4.993950 4.938353 0.000000
30 620.625629 449.762143 620.981039 447.083445 603.742493 456.144240 18.383460 16.606118 -0.131934 5.921773 5.799258 0.000000
31 315.434316 410.526597 315.429035 410.782397 331.023900 403.472822 18.106120 16.184057 0.710732 2.716689 2.703283 0.000000
32 678.900005 165.348188 679.010379 164.604384 667.330867 181.901627 19.717943 19.717943 -0.000000 5.322374 5.306292 0.000000
33 431.579192 512.304638 431.868732 515.552338 443.199195 502.320575 17.708273 15.317302 0.287959 2.431774 2.278941 0.000000
34 311.350342 360.422248 309.927674 362.036726 326.191336 351.980188 18.437210 16.971883 0.839668 2.624405 2.587794 0.000000
35 678.273361 340.282015 673.526579 337.560740 663.083519 352.370291 19.012086 18.240532 -0.423052 5.611003 5.326568 0.000000
36 370.207972 458.054609 370.953699 459.109741 387.462856 453.885266 18.019253 15.859921 0.481651 2.904505 2.835105 0.000000
37 513.982733 502.719470 513.445059 502.409011 495.775921 503.338143 17.828193 15.550247 0.160546 6.249218 6.230649 0.000000
38 623.371601 399.238277 624.019964 398.916656 605.228451 405.433341 18.821266 17.640675 -0.165532 5.954143 5.949374 0.000000
39 297.388394 196.677967 299.367106 199.918781 314.825443 187.164850 18.998280 18.313827 -1.537451 2.642158 2.451762 0.000000
40 682.020386 287.063366 681.750475 284.148382 665.096207 297.054534 19.330774 18.865932 -0.437535 5.749893 5.623909 0.000000
41 302.103967 251.918842 301.434444 253.957195 317.999699 243.285795 18.913849 18.027135 1.255263 2.644059 2.569303 0.000000
42 305.216416 303.944845 303.777337 305.112423 321.846938 298.434819 18.731505 17.534672 0.999853 2.821655 2.787609 0.000000
43 457.102801 448.848682 457.316162 447.252323 440.388358 454.907185 18.217657 16.309521 0.345052 5.935444 5.858498 0.000000
44 627.926179 172.089590 625.799734 170.039858 608.039668 180.792777 20.211004 19.722321 0.337722 5.870655 5.738765 0.000000
45 680.551599 225.068619 679.370963 224.767423 666.545183 240.036462 19.495065 19.495065 -0.000000 5.464617 5.411041 0.000000
46 529.929394 460.205566 531.002485 461.000085 549.086425 456.048985 18.372911 16.622654 0.020889 2.927930 2.874357 0.000000
49 366.578077 412.996851 368.860267 413.065593 383.491017 404.074215 18.419482 16.793266 0.544595 2.656139 2.590541 0.000000
50 588.397228 361.643074 590.002955 363.257836 606.470101 352.109013 19.277242 18.380269 -0.137969 2.656161 2.546447 0.000000
51 529.412622 406.356559 529.740932 407.199167 549.144874 405.298176 18.859787 17.598504 0.037391 3.088007 3.043935 0.000000
52 364.408929 361.500906 364.730245 363.076224 379.692534 351.902432 18.791146 17.605919 0.665221 2.580822 2.500145 0.000000
53 486.561647 422.381208 487.064858 421.584931 493.109014 405.053621 18.805014 17.523115 0.224094 1.932070 1.921317 0.000000
54 507.212685 445.118091 508.420554 441.778006 494.438444 455.609878 18.327873 16.571550 0.190071 5.595577 5.503189 0.000000
55 454.707795 396.916269 454.052689 396.964513 437.685333 404.664444 18.652408 17.241770 0.409070 5.856037 5.843460 0.000000
56 481.031177 367.843805 482.344959 369.732203 491.756106 351.891854 19.243292 18.368465 0.278690 2.162707 2.056217 0.000000
57 622.980030 226.344299 623.548805 225.802389 607.937641 239.241781 19.919983 19.566428 0.152972 5.574406 5.572407 0.000000
58 416.589410 353.867884 415.287206 354.080261 435.088375 351.809603 19.086560 18.062409 0.464039 3.030784 3.027418 0.000000
59 389.699602 181.129607 390.560864 180.896085 370.578755 184.438661 19.309038 19.085767 -1.420580 6.111823 6.107721 0.000000
60 622.241538 284.785537 622.977577 283.007603 607.394760 296.526330 19.611791 19.039025 -0.071881 5.614081 5.568596 0.000000
61 386.771804 283.247202 387.292172 279.855114 376.272208 297.475666 19.065891 18.229511 0.789419 5.348120 5.271279 0.000000
62 529.896424 189.339628 529.357767 190.086776 547.877162 180.504898 20.229124 19.737632 0.214623 2.684894 2.664125 0.000000
63 562.412964 282.184667 562.620383 281.179496 548.852615 296.399834 19.665690 19.141113 0.137193 5.474216 5.447720 0.000000
64 529.966220 357.327874 530.190250 359.021901 549.097587 351.932957 19.283615 18.444707 0.058330 2.866737 2.782883 0.000000
65 450.711516 290.633608 450.804773 289.013044 432.606742 296.849509 19.390612 18.631317 0.491817 5.952465 5.876563 0.000000
66 469.428091 190.942723 470.071521 191.903683 487.766307 180.992169 20.076131 19.700907 0.150277 2.644439 2.589019 0.000000
67 409.107668 190.875252 410.178052 191.307581 428.416469 182.324774 19.633172 19.633172 -0.000000 2.724719 2.683946 0.000000
68 561.078918 223.850980 560.424526 220.874021 548.444485 238.998311 19.816286 19.816286 -0.000000 5.407581 5.296454 0.000000
69 358.042103 252.956928 358.145208 254.663430 373.177333 241.470359 19.011535 19.011535 -0.000000 2.492401 2.421259 0.000000
70 471.284374 251.434387 473.956653 252.225466 489.046198 239.263828 19.692764 19.692764 -0.000000 2.540863 2.431908 0.000000
71 436.940774 222.156347 437.048443 221.028835 430.365301 240.142919 19.629630 19.204349 0.578268 5.062873 5.048747 0.000000
72 469.898324 302.054731 472.003244 304.206088 490.408794 296.447855 19.613967 18.978361 0.335542 2.874746 2.742677 0.000000
73 97.183125 495.713351 72.741002 470.156584 84.911710 484.002026 16.785303 11.151809 0.949355 0.762048 3.991275 0.000000
74 72.212611 470.447194 98.048947 494.902253 85.275910 483.507926 16.772506 11.422502 0.949616 3.926893 0.728412 0.000000
75 48.988355 474.846873 55.089082 486.896741 48.501182 483.298096 7.952357 7.952357 -0.000000 4.769971 0.499960 0.000000
76 44.069702 464.529978 44.633856 467.302178 51.762095 481.128818 16.426408 10.772803 1.001467 4.278423 4.236384 0.000000
77 63.505679 428.384698 63.518316 430.036774 75.219745 442.125694 17.171324 12.161211 1.048701 4.006451 3.943277 0.000000
78 32.320785 487.722421 7.452478 468.835862 20.832060 478.353792 15.955904 9.835605 1.040834 0.684099 3.759914 0.000000
79 9.537914 469.347753 33.537734 484.193240 20.796339 478.579668 16.063139 10.079499 1.045633 3.828411 0.414991 0.000000
81 34.347382 449.523734 34.061754 450.300210 41.663094 440.633769 16.682543 11.174214 1.079866 2.259356 2.237167 0.000000
82 0.871636 426.163952 16.563223 454.327245 10.867122 438.849651 16.210919 10.326153 1.116252 4.045049 1.218157 0.000000
88 40.463320 388.737475 40.724691 388.084406 32.460413 398.248122 17.025473 11.574471 1.177036 5.411909 5.395076 0.000000
89 57.939502 382.853919 56.493415 381.860977 66.048972 398.701654 17.510527 12.586856 1.144067 4.239416 4.196278 0.000000
90 56.417285 487.109753 47.785297 474.708135 54.492116 479.444877 7.805869 7.805869 -0.000000 1.324719 3.756506 0.000000
91 -0.689635 380.876636 -0.054445 412.130303 1.687794 397.838549 16.452771 10.594324 1.208143 4.573133 1.692103 0.000000
93 19.664456 473.018228 23.655948 485.204665 17.710035 481.267174 7.909735 7.909735 0.000000 4.945029 0.584916 0.000000
94 66.668818 343.494350 67.017195 342.289463 57.704608 353.760490 17.728927 12.926528 1.229056 5.430188 5.394305 0.000000
95 0.505147 469.872971 4.350215 485.163401 -20.984094 483.575682 24.811994 24.811994 -0.000000 5.715538 0.062589 0.000000
96 16.177079 454.045629 0.813000 426.003395 10.670054 439.180232 15.670458 9.823771 1.161372 1.216012 4.070131 0.000000
97 17.974774 338.467556 33.087708 371.622230 24.218044 354.514870 17.146616 11.645676 1.259254 4.341354 1.092482 0.000000
99 10.560161 292.208455 9.516293 291.677081 16.482385 309.636985 17.351215 12.127211 1.332267 4.384829 4.342384 0.000000
100 44.798581 279.890028 46.253880 280.423210 43.796082 260.209577 18.086309 13.346171 1.430037 1.519902 1.449799 0.000000
102 53.838884 326.372079 45.159043 289.012368 49.868574 307.444231 17.767137 12.860806 1.342216 1.364034 4.462231 0.000000
104 66.248174 407.003906 64.008900 392.143925 68.024275 397.936047 7.482760 7.482760 -0.000000 1.764215 4.106209 0.000000
106 1.266358 345.170150 -0.179185 372.817186 -16.426073 359.429179 21.198472 21.198472 -0.000000 5.604833 0.689226 0.000000
107 31.728111 369.201894 17.141268 339.025386 23.798458 354.673414 17.079185 11.656805 1.259950 1.071183 4.310151 0.000000
108 25.278990 362.609113 18.241119 350.583242 28.043037 354.126645 8.826269 8.826269 0.000000 1.885800 3.488476 0.000000
109 45.050422 290.343659 53.186582 325.157718 50.414084 307.414810 17.920131 12.951561 1.326056 4.407961 1.415790 0.000000
112 15.019178 280.656323 21.894472 275.054499 10.172553 263.939951 17.326505 12.013277 1.434760 1.288601 0.758808 0.000000
115 51.853419 207.161614 51.671652 206.859254 38.691909 212.368753 18.226985 13.334449 1.549611 5.906449 5.881764 0.000000
118 -1.075330 202.518233 -1.506856 232.374920 4.921060 217.619563 17.573859 12.190916 1.535599 4.334405 1.981638 0.000000
119 41.109414 206.053760 38.087341 222.196382 34.466188 212.985912 9.200355 9.200355 -0.000000 5.476507 1.196204 0.000000
126 299.966953 199.795033 295.408982 189.773170 311.756726 187.691128 15.645932 15.645932 -0.000000 2.343048 3.014915 0.000000
152 54.760857 313.668172 43.818960 310.148477 50.291588 310.874672 4.917958 4.917958 -0.000000 0.558633 3.253320 0.000000
