1 785.597597 459.238654 786.741605 457.295724 776.689077 470.517901 15.444599 12.523164 -1.308514 5.380889 5.362436 0.000000
2 766.692285 433.411570 766.729756 435.020786 778.184286 424.937193 15.554600 12.654479 -1.441247 2.506195 2.419760 0.000000
3 751.148793 467.840190 750.786149 467.650184 737.583442 472.901006 15.827342 13.365476 -1.295835 5.926108 5.904656 0.000000
4 707.841061 465.357134 708.663243 464.049691 696.012572 475.096575 16.183072 14.173919 -1.248687 5.594345 5.565361 0.000000
5 788.992928 368.001632 787.906367 367.171429 778.778902 378.947949 15.563106 12.724886 -1.555378 5.463194 5.371734 0.000000
6 766.998255 340.055563 767.048499 341.052938 778.822107 332.830385 15.535665 12.749610 1.491766 2.593075 2.531949 0.000000
7 727.923153 436.080922 727.479649 437.102042 739.037126 426.154260 15.939055 13.575540 -1.406902 2.412564 2.383279 0.000000
8 786.274438 232.848967 786.347513 231.417173 776.662144 241.940756 15.365903 12.426256 1.269123 5.525608 5.456334 0.000000
9 768.967245 298.695850 769.623433 298.047993 778.115147 287.099947 15.491636 12.644298 1.370760 2.238727 2.230504 0.000000
10 766.000000 204.000000 764.000000 206.000000 774.645754 197.710684 15.223748 12.143411 1.163993 2.512683 2.480006 0.000000
11 753.339641 371.352258 751.676324 369.900062 739.618235 378.973796 15.965875 13.638589 -1.560319 5.776168 5.638085 0.000000
12 730.436853 343.534829 730.083219 344.196560 739.573990 331.739996 15.972782 13.589416 1.454534 2.229902 2.221876 0.000000
13 738.464240 177.136726 734.000000 177.000000 735.928266 193.267224 15.596229 12.873257 1.126855 4.868329 4.594403 0.000000
14 683.304972 435.000135 684.594565 435.198137 697.270405 427.296566 16.303756 14.410949 -1.391586 2.637509 2.584176 0.000000
15 665.382037 466.927678 664.755559 467.215792 652.122110 477.220804 16.523249 14.991748 -1.220049 5.623090 5.613375 0.000000
16 684.323537 388.544879 685.853453 389.726692 697.795279 378.989157 16.353511 14.500859 -1.561438 2.524642 2.409245 0.000000
17 749.733709 233.127272 750.056645 231.890521 737.745249 238.568334 15.742574 13.208292 1.231640 5.857127 5.786189 0.000000
18 750.473761 276.573905 750.477365 276.111084 738.955208 284.816812 15.841229 13.447367 1.346994 5.662053 5.636133 0.000000
19 668.595711 420.512139 667.231820 419.891547 653.129772 428.383460 16.660160 15.166940 -1.366755 5.812407 5.741167 0.000000
20 338.371509 494.468389 337.798520 495.803451 352.514331 484.292538 17.749490 17.440154 0.880248 2.517895 2.477791 0.000000
21 707.166018 181.777239 706.409045 182.194860 694.948081 188.983885 15.901639 13.603537 1.067793 5.750269 5.748402 0.000000
22 711.531138 336.201100 712.999399 334.239977 697.838307 330.647234 16.355934 14.376763 1.430577 0.385328 0.232679 0.000000
23 593.471410 491.181940 594.613084 491.783137 606.011886 479.123726 16.830706 15.691332 -1.166239 2.375797 2.303844 0.000000
24 707.436537 271.021089 706.284915 268.535726 697.427066 282.581305 16.245741 14.320336 1.325455 5.426016 5.275041 0.000000
25 706.871920 225.124730 707.328804 224.505194 696.466406 235.205332 16.128435 13.991230 1.189699 5.513646 5.505312 0.000000
26 972.150330 374.193920 975.216720 398.189766 977.371519 384.243281 12.943523 7.951431 -1.549569 4.233221 1.724089 0.000000
27 972.591014 448.848112 972.222970 448.327920 974.484505 460.494674 12.939569 8.015377 -1.411142 4.551220 4.528608 0.000000
28 641.702264 388.880963 640.580579 389.895931 653.610227 378.994596 16.722044 15.227342 -1.554751 2.448688 2.444897 0.000000
29 979.274441 408.761798 978.307328 410.135038 976.230997 422.485472 13.002345 8.036188 -1.481720 4.930623 4.878949 0.000000
30 660.216262 173.729495 660.954955 172.496562 651.547492 184.978710 16.262820 14.325049 0.968589 5.368951 5.358237 0.000000
31 573.629067 474.001569 573.668453 473.976147 557.843211 480.806582 17.125285 16.284510 -1.120445 5.876174 5.875724 0.000000
32 590.585180 435.073765 590.768213 435.379039 606.764382 429.311798 16.992415 15.932313 -1.341218 2.799464 2.779063 0.000000
33 421.093406 475.853754 420.056955 471.145315 404.877966 483.966761 17.527741 17.516239 1.472502 5.819277 5.581786 0.000000
34 494.102869 493.302663 499.417610 496.551227 508.036949 482.197053 17.304197 16.814188 -0.997820 2.468677 2.111566 0.000000
35 638.771747 239.133804 640.044591 239.843430 652.744690 232.110606 16.462907 14.784829 1.116417 2.675845 2.594670 0.000000
36 443.005350 493.917381 442.281168 495.730095 456.883492 483.247769 17.489557 17.232070 -0.912860 2.486163 2.434308 0.000000
37 664.626489 316.867525 661.000000 313.000000 653.769003 329.578486 16.714110 15.203586 1.417658 5.419306 5.123680 0.000000
38 619.432562 367.829651 620.088183 366.976952 607.182772 378.968268 17.044941 16.002113 1.566634 5.545261 5.534486 0.000000
39 333.615592 429.321553 333.524110 429.609696 351.841861 431.601247 17.956787 17.657837 1.277588 3.266024 3.249890 0.000000
40 663.122404 267.758581 661.668183 264.367410 653.467646 280.436647 16.623060 15.113088 1.300568 5.363230 5.184263 0.000000
41 621.144481 269.156254 619.714018 267.199518 607.305945 278.436066 16.931952 15.781156 1.220946 5.692480 5.547294 0.000000
42 540.466056 433.849152 542.441738 437.992525 558.353678 430.146010 17.274643 16.512064 -1.303539 2.937454 2.683463 0.000000
43 994.245038 433.636233 1001.079987 408.012148 998.667002 420.995772 12.256010 7.150282 -1.454431 1.907316 4.896141 0.000000
44 574.047537 370.122820 574.065382 369.995252 558.686094 378.916850 17.369858 16.562963 -1.566418 5.763251 5.757523 0.000000
45 420.822372 424.382004 421.572561 424.007616 404.522463 431.527350 17.769780 17.769780 -0.000000 5.870047 5.867809 0.000000
46 1002.255059 445.510046 1001.771860 443.316503 997.375840 458.241473 12.624018 7.459083 -1.422220 5.078366 4.998830 0.000000
47 524.260713 424.860417 525.668413 423.105903 508.258640 430.778965 17.553844 17.001201 -1.323495 5.928927 5.868064 0.000000
48 441.684920 440.563185 441.665794 441.290844 456.855446 431.269666 17.732105 17.425118 -1.424505 2.591957 2.558403 0.000000
49 612.251222 167.271072 612.432300 165.407642 606.040395 181.197096 16.575011 15.009556 0.868733 5.131901 5.097045 0.000000
50 619.961356 317.012731 618.250849 316.992827 607.416922 328.536844 17.009807 15.967505 1.380534 5.540154 5.466066 0.000000
51 567.124327 164.774865 566.804968 162.812672 558.580284 177.823251 16.779255 15.596524 0.783460 5.292129 5.213638 0.000000
52 335.143689 384.859257 334.661818 386.007608 351.702398 378.239456 17.907436 17.907436 -0.000000 2.761278 2.713875 0.000000
53 997.075274 371.037715 996.627150 372.745878 1000.000767 384.196193 12.664365 7.535078 -1.540469 4.493620 4.425865 0.000000
54 522.812129 370.224122 523.673286 367.166357 508.486038 378.796383 17.624696 17.081005 1.561263 5.743967 5.629664 0.000000
55 443.413302 389.228549 442.484042 390.613710 456.955555 378.658782 17.847913 17.469632 1.546433 2.478854 2.451138 0.000000
57 342.541463 158.214726 341.335358 159.528612 356.638605 169.100748 17.387255 16.655950 -0.306865 3.799160 3.700549 0.000000
58 521.022040 163.636644 521.349317 162.293516 509.534980 174.820421 17.005405 16.085587 0.620173 5.511164 5.468521 0.000000
59 334.428994 267.977486 334.400655 271.197599 353.181681 271.767007 17.715552 17.715552 -0.000000 3.340986 3.171902 0.000000
60 971.035324 298.038465 977.694598 322.689104 977.153449 307.760401 12.932140 7.790747 1.462297 4.150695 1.534563 0.000000
61 334.594143 330.163967 335.383303 330.429574 352.194308 324.786502 18.020560 17.685330 -1.426979 2.845066 2.817734 0.000000
62 621.000000 219.000000 619.682951 218.818219 606.871121 229.167591 16.786029 15.432064 1.041282 5.659405 5.603707 0.000000
64 421.060210 372.823623 422.175273 370.010661 404.505619 378.458939 17.849859 17.849859 -0.000000 5.955081 5.837191 0.000000
65 337.284329 222.927577 339.300149 225.061935 354.671473 219.709146 17.577363 17.247900 -0.537990 2.958560 2.806494 0.000000
66 994.699825 300.816498 1002.168684 298.620842 999.341011 303.069559 5.538743 5.538743 0.000000 3.593532 5.278585 0.000000
67 544.125653 234.130804 545.213362 234.284712 558.936182 226.502770 17.020216 16.026254 0.926028 2.665985 2.625731 0.000000
68 419.700303 313.826965 418.692639 314.386952 404.914586 325.321098 17.796524 17.796524 -0.000000 5.622389 5.612364 0.000000
69 440.010077 330.207523 440.065099 330.942378 457.313506 325.957261 17.788730 17.454689 1.378350 2.900730 2.860240 0.000000
70 546.279859 338.677704 546.007706 339.323375 558.938263 327.584994 17.352679 16.511444 1.402114 2.422020 2.404484 0.000000
72 391.697081 166.732772 389.601058 167.454520 408.126889 170.441260 16.975919 16.975919 -0.000000 3.363590 3.301438 0.000000
74 422.621139 264.509116 421.642318 263.772488 405.674703 272.537997 17.685409 17.590876 1.536187 5.840733 5.781144 0.000000
75 543.691684 284.323825 544.409958 285.247258 559.070356 276.612423 17.281419 16.324639 1.195183 2.676798 2.609308 0.000000
76 493.262063 335.729627 494.134992 335.900661 508.810286 326.733025 17.595059 17.060974 1.370956 2.617038 2.583210 0.000000
77 975.379510 397.965221 969.595308 376.990763 986.032077 385.332767 16.916293 16.916293 0.000000 2.271370 3.611239 0.000000
79 1004.267436 358.637934 1002.543819 333.500299 1000.388610 347.118095 12.626283 7.673648 1.537332 1.246011 4.869351 0.000000
80 388.607833 219.294093 389.993085 219.645149 406.764331 220.763753 17.461524 17.213663 0.146040 3.222361 3.208192 0.000000
81 526.441429 216.439497 524.107532 216.322388 509.333061 224.198588 17.255618 16.570255 0.839479 5.857403 5.793413 0.000000
82 973.329267 245.649155 974.037672 220.369943 973.331292 232.696995 12.647675 7.837729 1.373240 1.570953 4.769630 0.000000
83 972.069508 281.969908 975.218347 256.225037 974.551498 269.544122 12.212963 6.994896 1.488366 1.767947 4.762414 0.000000
84 980.641098 358.569416 981.684012 358.127402 977.500045 345.896549 13.034926 8.046958 1.532420 1.327836 1.241192 0.000000
85 443.904983 164.664980 443.942021 164.971783 459.250396 172.345087 17.110217 16.466345 0.369674 3.605626 3.590454 0.000000
86 471.773840 210.080070 470.930922 209.195259 458.476219 222.269100 17.204325 17.204325 -0.000000 5.541257 5.473539 0.000000
87 976.054822 340.246468 977.789706 352.206547 975.652491 345.955877 6.562432 6.562432 -0.000000 4.782741 1.241340 0.000000
88 439.916790 275.221701 440.154601 276.028217 457.835136 273.635394 17.605354 17.350949 1.077524 3.053293 3.007073 0.000000
89 979.327734 377.236124 975.089183 389.839914 975.326695 384.475572 6.538786 6.538786 -0.000000 5.217281 1.615043 0.000000
90 524.351796 268.899520 525.551642 268.004642 509.071383 275.045191 17.208631 17.208631 -0.000000 5.900790 5.879443 0.000000
91 975.177928 255.911619 976.054539 283.168245 976.218368 270.225038 12.679458 7.340283 1.448103 4.639827 1.583453 0.000000
92 1002.412850 408.616306 994.882459 432.192835 999.342879 421.487574 12.510157 7.092394 -1.470052 4.946528 1.965579 0.000000
93 1003.294315 298.327338 1000.475003 322.815560 993.297330 311.438994 14.428991 14.428991 0.000000 5.363811 1.007953 0.000000
94 973.099398 455.247319 971.612114 465.006241 973.491658 460.324362 6.109152 6.109152 -0.000000 4.635281 1.952553 0.000000
96 975.442641 390.224370 979.144436 377.891405 980.101074 384.089786 7.055021 7.055021 -0.000000 2.220269 4.559260 0.000000
98 977.550315 320.914770 970.944909 297.326180 975.797533 308.421297 12.312324 6.872968 1.432336 1.431410 4.300091 0.000000
100 970.353379 463.285007 972.295594 454.062249 979.874264 460.998010 9.679757 9.679757 -0.000000 2.905851 3.882725 0.000000
101 993.387891 263.441507 1001.143752 286.203430 998.636543 273.168230 12.461871 7.213799 1.417824 4.217556 1.380776 0.000000
103 415.910204 470.064480 420.661182 475.863222 404.767768 482.392597 16.185003 16.185003 -0.000000 5.447312 5.893384 0.000000
104 993.648236 224.584713 994.835025 249.603899 996.560923 237.056271 12.423576 7.065763 1.381941 4.482955 1.707486 0.000000
106 977.458605 352.505729 976.094940 339.816796 981.017280 345.908350 7.758098 7.758098 -0.000000 2.065471 4.032753 0.000000
107 993.682319 462.118210 997.738729 451.817924 1002.532367 458.835007 8.999912 8.999912 -0.000000 2.786350 4.113070 0.000000
108 977.333431 221.636760 974.489175 245.540602 974.052107 233.025340 12.337327 7.235343 1.376953 4.992915 1.535888 0.000000
109 1017.409691 288.252777 1021.247913 265.404164 1019.391364 276.341245 11.979819 6.895347 1.457615 1.735652 4.880534 0.000000
110 996.096899 319.303040 992.414280 301.983268 1012.343398 309.143501 20.274383 20.274383 0.000000 2.582751 3.486515 0.000000
111 1016.422851 339.715043 1022.554998 335.517735 1021.601063 341.661610 5.581922 5.581922 0.000000 3.501165 4.866425 0.000000
112 998.008697 427.270669 999.086898 415.119149 1003.265734 421.638895 8.194624 8.194624 -0.000000 2.321793 4.142402 0.000000
113 1022.846580 431.176779 1021.289118 407.938504 1020.142910 420.235024 12.145129 7.086726 -1.484184 1.328552 4.805334 0.000000
114 1014.900480 355.986489 1014.645470 338.990315 1036.797697 347.513441 22.549282 22.549282 0.000000 2.772390 3.508886 0.000000
115 1014.461627 393.012159 1014.962418 373.999010 1037.985206 384.357266 23.963326 23.963326 0.000000 2.789040 3.564374 0.000000
117 1013.629787 467.867381 1013.649528 446.111242 1030.097808 458.120750 18.893838 18.893838 0.000000 2.607186 3.772260 0.000000
118 1002.369174 332.960762 1004.218028 357.285699 989.277362 347.188243 18.614344 18.614344 0.000000 5.456241 0.594325 0.000000
120 975.786782 263.182141 978.000365 277.000120 971.546308 270.696287 8.397672 8.397672 0.000000 5.226169 0.773624 0.000000
122 1000.464557 415.056195 1000.714370 427.929053 994.081907 420.727273 8.915411 8.915411 0.000000 5.556752 0.826528 0.000000
123 999.818070 454.064150 999.414290 463.089855 990.465033 457.221100 10.579361 10.579361 0.000000 5.957661 0.580429 0.000000
125 1021.168518 252.682172 1022.118950 238.987334 1017.218743 241.015261 12.110573 6.738374 1.391881 1.244363 5.890801 0.000000
128 993.199893 283.967432 992.775405 261.153569 1009.671055 271.508723 19.046361 19.046361 0.000000 2.494011 3.691435 0.000000
129 976.923160 276.353236 975.906119 263.527376 978.189374 269.650428 6.990352 6.990352 -0.000000 1.757504 4.355465 0.000000
130 995.232411 248.826475 994.165137 221.698903 1003.938788 235.186428 15.635740 15.635740 -0.000000 2.138899 4.085314 0.000000
131 1018.727309 325.162141 1015.357156 299.924063 1032.476696 311.117262 18.898303 18.898303 0.000000 2.345563 3.720653 0.000000
133 1016.434238 424.086759 1020.595955 413.699647 1024.858037 420.287659 8.407772 8.407772 -0.000000 2.717911 4.138164 0.000000
134 1020.084519 389.275527 1018.971008 379.162221 1025.902586 384.480009 8.416284 8.416284 -0.000000 2.452241 3.796000 0.000000
135 1021.559426 353.622554 1022.616220 344.950454 1023.505216 348.048005 6.237527 6.237527 -0.000000 1.906624 4.432901 0.000000
137 997.894199 279.173143 994.817153 269.901706 1003.108246 273.129255 8.700515 8.700515 -0.000000 2.282616 3.512823 0.000000
138 1020.382966 450.653883 1017.935446 463.956270 1013.905589 455.726430 8.251713 8.251713 -0.000000 5.618824 1.115452 0.000000
139 1001.180289 240.282058 997.837395 231.271766 997.357982 236.861526 5.775897 5.775897 -0.000000 0.729983 4.797946 0.000000
140 1015.614011 459.055627 1021.010976 449.872132 1021.420713 455.589908 6.254122 6.254122 -0.000000 2.603494 4.640851 0.000000
141 1001.322506 323.597926 993.764066 319.521745 1000.572488 315.107540 6.811365 6.811365 -0.000000 1.482688 2.566382 0.000000
142 1019.378180 281.966135 1016.916034 272.042194 1025.505586 276.088759 9.467928 9.467928 -0.000000 2.377019 3.581857 0.000000
143 1018.767425 316.871635 1018.945311 304.991770 1025.511125 311.398858 8.336369 8.336369 -0.000000 2.459855 3.914756 0.000000
145 1018.140348 235.937068 1019.624642 246.671498 1013.055896 242.786333 8.052145 8.052145 -0.000000 5.350967 0.534118 0.000000
146 68.842262 469.499000 69.785083 467.189630 56.067636 478.001837 19.280321 15.851014 1.269654 5.695919 5.615676 0.000000
147 1019.882699 246.847343 1017.993140 235.299327 1019.358049 240.764761 6.083164 6.083164 -0.000000 1.484755 4.467660 0.000000
149 -0.488224 364.957866 10.896165 395.856163 10.639466 375.644513 19.061074 15.075285 -1.568252 3.906776 1.558096 0.000000
150 68.609800 369.824904 69.283212 368.016522 52.301740 375.572619 19.419700 16.198589 1.559593 5.944333 5.864529 0.000000
152 64.574751 417.255519 65.463025 415.585637 53.432911 427.115310 19.402382 16.098861 1.408851 5.558757 5.519025 0.000000
154 25.351598 416.042929 24.063713 416.955123 11.822253 426.365274 18.952540 14.898306 1.441208 5.631441 5.627816 0.000000
155 66.792048 314.561601 68.164861 312.977696 52.678697 324.001378 19.459272 16.118173 -1.462245 5.693670 5.664557 0.000000
157 28.435208 469.313765 27.447027 467.413221 14.546216 476.456048 18.913516 14.723095 1.321602 5.808210 5.671822 0.000000
159 71.193665 271.903698 71.046916 270.645765 54.430330 272.983177 19.235008 15.891199 -1.318935 6.218879 6.143435 0.000000
160 -0.036127 322.998322 9.160314 345.618848 11.154193 324.944097 19.056263 14.861839 -1.477143 3.313752 1.666939 0.000000
168 40.846814 220.982474 40.864652 222.942096 57.555245 222.730888 19.048310 15.650716 -1.195361 3.245856 3.128939 0.000000
169 0.941388 233.134322 2.025542 232.716841 16.111691 225.234804 18.696698 14.683472 -1.247499 2.661505 2.653327 0.000000
172 74.786875 168.075287 79.069355 164.014047 62.048625 173.797872 18.882208 15.133797 -1.091189 5.860960 5.761488 0.000000
174 36.523824 168.898386 35.339972 169.106378 20.752991 177.092264 18.558579 14.257612 -1.132502 5.804013 5.782289 0.000000
175 28.171368 260.896413 25.252518 259.955645 13.037660 274.617873 18.857082 14.713637 -1.370900 5.546691 5.406980 0.000000
218 1016.096123 374.904939 1022.803622 370.106281 1022.107875 379.582304 7.002790 7.002790 0.000000 3.802797 4.785679 0.000000
