1 34.677914 448.421495 35.976603 449.931661 29.313028 435.116511 14.491796 9.785994 1.043727 1.187514 1.148124 1 
2 762.426978 460.603495 762.333833 460.050762 746.929280 468.490268 16.761492 14.148726 -0.583996 5.812443 5.781988 1 
3 27.330771 408.564850 27.951322 407.733756 20.703186 394.142111 14.782275 10.259134 1.139470 1.140051 1.080881 1 
4 278.633629 444.274154 278.214170 446.425671 290.534380 458.155359 16.895974 14.300921 0.617829 4.003656 3.902442 1 
5 740.050445 474.925533 741.386093 475.177816 747.013421 468.624936 8.294240 7.044141 -0.642383 2.406093 2.280352 0 
6 705.848996 472.355597 706.355877 471.036885 698.761102 468.839541 8.434613 7.340353 -0.519707 0.460495 0.281633 0 
7 714.397300 459.974067 713.452635 460.228849 698.673706 468.712144 17.063421 14.631979 -0.458537 5.775953 5.762093 0 
8 770.854431 420.058084 771.513968 418.440584 753.903448 422.724601 17.149800 15.007821 -0.690675 6.127156 6.044556 1 
9 760.058763 426.311049 760.780135 426.172436 753.967700 422.867473 8.496490 7.420666 -0.737742 0.514551 0.451687 0 
10 776.051752 366.535504 776.222075 365.932021 760.443100 374.328837 17.515065 15.756264 -0.803406 5.820101 5.794148 1 
11 718.909592 411.025013 717.950953 411.217588 704.558924 422.287616 17.464178 15.617907 -0.560958 5.617773 5.592426 0 
12 768.752080 374.707189 768.845114 374.292499 760.541475 374.384732 8.637740 7.787007 -0.828228 0.039253 6.272078 0 
13 18.178426 365.581700 18.997356 365.878641 13.071518 351.637042 14.990281 10.591261 1.229242 1.219739 1.176494 1 
14 726.370233 363.970806 724.426222 363.829493 710.120739 373.244733 17.847522 16.457230 -0.666163 5.764573 5.701098 0 
15 269.020513 410.683132 269.035940 411.009304 285.907535 411.719964 17.311206 15.145930 0.698912 3.202914 3.183689 1 
16 278.195413 407.078216 278.472742 408.011999 285.892304 411.871777 8.540474 7.569843 0.760625 3.698603 3.621282 1 
17 298.946778 459.499102 298.354312 459.392845 290.525372 458.248592 8.351506 7.132497 0.665012 0.147415 0.145129 1 
18 774.810908 198.893269 773.980389 199.094080 776.610010 217.826456 18.327206 17.251930 -1.490346 4.617650 4.572922 1 
19 781.798231 315.337702 782.170395 313.908447 766.493916 323.787921 17.809221 16.414297 -0.965630 5.778696 5.720848 1 
20 631.302769 473.366073 632.105654 475.013371 648.713925 468.498832 17.295889 15.053176 -0.330634 2.869004 2.767788 1 
21 731.750704 150.493326 731.570353 150.564072 727.423426 158.774292 9.130839 9.130839 -0.000000 5.193919 5.180103 1 
22 265.208944 362.113562 263.679568 363.243999 281.676259 363.063925 17.638427 15.923038 0.791576 3.199241 3.131587 1 
23 779.959991 143.785526 778.593284 144.609607 780.363488 163.370006 18.459345 17.339942 1.373638 4.691789 4.618309 0 
24 770.870797 224.225902 770.385651 225.905169 776.744138 217.822704 8.993954 8.496666 -1.505612 2.313061 2.237376 1 
25 789.526170 265.364543 788.593334 261.992026 771.938463 271.461151 18.068761 16.905744 -1.181733 5.949507 5.766212 1 
26 259.853721 315.041007 261.116902 315.449750 277.986526 312.286615 17.913427 16.619665 0.934812 2.990844 2.956240 0 
27 772.291565 329.288473 772.874150 329.637841 766.556526 323.836894 8.764033 8.100366 -0.974985 0.760064 0.742789 0 
28 771.130345 167.779261 773.929665 168.528935 780.490788 163.362617 9.074776 8.552910 1.367326 2.700725 2.474574 1 
29 280.285789 167.135872 281.647218 166.728522 271.212643 151.199379 18.459333 17.614023 -1.310171 1.053233 0.979155 1 
30 257.712757 194.956397 257.936892 195.381256 272.667116 205.845233 18.342411 17.496698 1.415347 3.770955 3.759248 0 
31 644.358182 475.705671 645.770027 476.210242 648.738271 468.605424 8.523715 7.538738 -0.361207 2.123544 1.942922 0 
32 780.675005 273.061143 780.369829 272.431930 772.064066 271.533589 8.912143 8.294590 -1.145123 0.175570 0.107740 1 
33 711.480910 426.328051 712.038910 426.005766 704.638869 422.454941 8.677843 7.788508 -0.617724 0.515101 0.447389 0 
34 740.388682 204.663430 741.094924 204.041812 723.997801 214.186703 18.577177 18.102608 -1.398733 5.756846 5.747656 1 
35 -1.070885 295.157630 -0.932790 315.566472 6.213368 307.860513 15.142454 10.804583 1.295812 4.191733 2.318521 0 
36 321.620963 458.933113 322.003006 460.245080 339.108472 460.571465 17.192694 14.841956 0.469369 3.235007 3.160671 1 
37 330.887071 456.893902 331.349955 457.228044 339.133017 460.670614 8.501444 7.440055 0.514751 3.571086 3.558038 1 
38 605.164736 471.456453 605.333940 471.051694 597.488084 468.152617 8.651490 7.780644 -0.216775 0.406414 0.353944 0 
39 725.118095 139.561586 723.000000 137.000000 727.285166 158.798161 18.823937 18.206546 1.214048 4.600208 4.518280 1 
40 257.000000 261.000000 256.995537 262.231689 274.992108 259.688373 18.127797 17.110065 1.140011 3.068821 3.001200 1 
41 271.096401 305.254609 271.434281 306.164364 277.948548 312.281656 8.828565 8.261765 1.009638 3.939592 3.895574 1 
42 275.259269 356.397209 275.407396 356.578440 281.633533 363.097430 8.684089 7.893761 0.861543 3.951917 3.949964 1 
43 583.606780 477.102561 583.260822 479.613844 597.460538 468.053551 17.446992 15.422650 -0.199252 2.562985 2.458300 1 
44 318.661588 415.662870 318.132137 416.173566 335.652726 413.574570 17.606474 15.721817 0.555346 3.019301 2.994327 1 
45 399.060872 477.073623 399.761996 477.646999 389.360937 462.618401 17.405261 15.249705 0.350989 0.979777 0.965403 0 
47 315.881560 132.383733 314.429712 133.344423 324.924111 149.171493 18.829969 18.419215 -1.069853 4.218310 4.126883 0 
48 269.291343 252.745376 267.927299 251.924363 274.963140 259.743807 8.700674 8.700674 -0.000000 4.031316 3.979691 0 
49 734.024757 321.011494 732.447929 321.013550 715.273077 321.907110 18.125200 17.094305 -0.776620 6.235460 6.231205 0 
50 701.637368 370.834270 701.768965 371.526210 710.224340 373.300101 8.792665 8.188597 -0.705638 3.421228 3.348388 1 
51 670.442299 135.049890 668.975148 135.089250 671.857256 154.893284 19.162595 18.772714 0.812394 4.641203 4.567872 1 
52 734.086430 255.645702 729.761728 253.369908 719.975804 268.763632 18.399002 17.712870 -1.071181 5.534229 5.278652 0 
53 665.952853 162.478301 666.418587 162.575178 671.948273 154.841178 9.367197 9.367197 -0.000000 2.236346 2.191508 0 
54 723.381618 325.037595 724.053466 324.946335 715.334607 321.909157 8.947061 8.440920 -0.787172 0.370788 0.335200 1 
55 658.327881 404.981306 657.924838 405.076076 653.371511 421.645395 17.730864 16.061297 -0.397247 5.001485 4.980574 1 
56 423.350685 464.750643 422.902817 464.974523 440.815607 464.464555 17.579080 15.490864 0.217872 3.125213 3.113131 1 
57 389.475087 470.646683 389.580259 470.829911 389.397641 462.755053 8.176518 8.176518 -0.000000 1.560983 1.548185 0 
58 326.891167 412.439574 326.777860 412.657696 335.628673 413.736547 8.686816 7.902406 0.605673 3.288954 3.262887 0 
59 563.390353 470.294423 562.647649 469.904763 545.406555 467.200097 17.550070 15.611618 -0.066267 0.170393 0.155605 1 
60 549.019156 474.591653 550.451603 474.686275 545.423741 467.317945 8.700564 7.820380 -0.080196 1.111717 0.972007 0 
61 269.602707 160.688477 269.709432 160.034785 271.157342 151.161339 9.107400 8.668888 -1.332179 1.732550 1.732544 1 
62 273.519713 196.903084 273.460081 196.425860 272.555346 205.808577 8.994987 8.612336 1.551140 4.820258 4.808518 0 
63 644.845177 424.702228 644.824245 425.242105 653.405987 421.806063 8.781250 7.990802 -0.424779 2.815374 2.760750 1 
64 488.976386 473.470229 489.379358 473.080125 493.021883 466.139033 8.729643 7.932365 0.108791 2.075035 2.054068 1 
65 322.683368 157.972598 322.732935 158.611917 324.895418 149.135404 9.197451 9.197451 -0.000000 1.816068 1.795149 0 
66 605.561801 133.539489 604.904246 134.071955 614.597399 151.747419 19.514130 19.124555 0.362025 4.251750 4.210778 1 
67 -0.004198 247.006487 -0.035221 278.153090 0.458091 262.973883 15.378064 11.026207 1.405506 4.683445 1.603284 0 
68 729.023021 265.056174 727.915260 265.032555 720.115048 268.814834 9.075965 8.728470 -1.059814 5.883907 5.831695 1 
69 340.776195 367.301642 340.937738 367.155216 332.451590 364.314841 8.831249 8.241061 0.628854 0.344486 0.322987 0 
70 309.334204 194.451010 310.340481 195.261962 325.859027 204.738010 18.646311 18.295000 1.282717 3.698405 3.689790 0 
71 733.582253 213.231218 732.832519 212.876099 724.101343 214.181883 9.108881 8.904105 -1.356239 6.183248 6.134731 1 
72 315.210800 359.177166 314.593194 359.395712 332.474495 364.272079 17.970447 16.497004 0.623530 3.428569 3.407826 1 
73 672.648213 360.923486 673.244225 360.157602 657.780315 371.961407 18.121069 16.979595 -0.481094 5.644566 5.631218 1 
74 369.332431 416.842344 369.298832 417.210021 387.102917 415.315893 17.856578 16.118849 0.423968 3.055905 3.035604 1 
75 -0.622882 418.367230 -0.521269 445.088750 -1.372536 432.421872 14.206748 9.197511 1.083038 4.765677 1.503693 0 
76 431.844817 464.068445 432.101192 464.343403 440.833561 464.589462 8.682311 7.787364 0.223288 3.199491 3.169763 1 
77 364.110182 138.553939 363.286535 138.369164 380.880940 147.934653 19.238767 18.907464 -0.457368 3.651586 3.639560 1 
78 474.970151 466.767362 474.457412 467.456468 492.983016 466.025976 17.658127 15.620532 0.100535 3.100457 3.064529 1 
79 308.706760 254.101895 308.601454 255.960642 327.508139 259.453914 18.477041 17.863335 0.894438 3.418918 3.324296 1 
80 366.226472 192.109634 365.390511 191.756753 381.236076 204.184535 18.921521 18.921521 -0.000000 3.819058 3.806691 1 
81 380.670960 409.360337 380.166212 409.552675 387.119111 415.440237 8.815641 8.104595 0.480138 3.897605 3.844213 1 
82 551.928344 129.819214 550.744329 130.081901 556.137455 149.448981 19.785869 19.206885 0.132890 4.501163 4.440801 0 
84 312.106468 318.080925 312.566100 319.014642 329.726867 312.785128 18.274608 17.222457 0.724020 2.849632 2.793376 1 
85 539.383879 421.283515 537.595295 423.155938 547.287978 419.913025 8.921414 8.278812 -0.117082 2.969910 2.818727 0 
86 378.718324 157.345951 378.840690 157.864926 380.855144 147.886588 9.490235 9.322578 -0.528879 1.792962 1.770002 1 
87 620.378812 144.032477 620.304658 143.524924 614.640253 151.710591 9.645257 9.410954 0.396122 5.354219 5.317719 1 
88 679.008007 312.497937 679.028417 311.902687 661.944473 320.099506 18.077627 18.077627 -0.000000 5.864091 5.835831 1 
89 584.399262 374.858838 585.784652 377.120598 603.977005 370.791267 18.377678 17.364126 -0.291453 2.936742 2.806779 1 
90 592.599044 416.886059 593.068607 417.240093 600.812831 420.938968 8.875963 8.203651 -0.278165 3.599968 3.587185 0 
91 584.176360 427.509325 583.628063 428.054899 600.804524 420.785415 17.937288 16.368801 -0.219149 2.757326 2.741228 1 
92 682.223508 196.580613 680.623026 194.378083 669.106997 211.021039 18.832383 18.832383 -0.000000 5.449781 5.317689 1 
93 332.007557 268.308196 332.110733 267.261100 327.479763 259.480254 9.095472 8.835301 1.052309 1.096887 1.033932 1 
94 683.118617 257.808058 682.722637 257.758704 665.808269 266.312293 18.692561 18.267455 -0.613959 5.826538 5.814988 0 
95 612.820707 373.046139 613.177820 372.051716 604.000698 370.808176 8.918687 8.918687 -0.000000 0.248493 0.134684 1 
96 369.513125 375.191075 371.878929 375.145946 385.071787 365.574732 18.261306 16.963979 0.455088 2.587992 2.513967 1 
97 658.036491 380.586280 658.274765 380.651048 657.820657 372.009848 8.951989 8.436807 -0.498983 1.545636 1.518293 0 
98 485.001717 131.002444 485.657646 132.329772 497.146351 147.998652 19.849379 19.224877 0.003885 4.091965 4.079715 0 
99 671.713793 318.536084 671.328332 318.371859 662.051540 320.194226 9.109755 8.734112 -0.570169 6.113231 6.089212 0 
100 428.690979 130.506924 428.390850 130.358598 438.493376 147.519298 19.658360 19.127754 -0.127704 4.189659 4.180319 0 
101 424.644120 425.326381 424.342390 426.716900 439.870373 416.973532 18.070846 16.364858 0.260174 2.639839 2.581218 1 
102 666.737546 220.398410 667.147152 220.017725 669.176854 211.018431 9.278814 9.278814 -0.000000 1.825216 1.792625 1 
103 473.695876 417.906112 474.742158 421.163456 493.438414 418.446993 18.154510 16.441352 0.101397 3.168983 2.997308 1 
104 503.029304 139.850929 503.102831 139.538342 497.183760 147.964869 9.789768 9.482407 -0.018398 5.336697 5.324746 1 
105 613.117564 189.576498 612.850425 188.333101 612.426919 208.384580 19.288177 18.950837 0.028976 4.749093 4.733507 1 
106 362.575746 256.349197 361.914710 256.983766 382.122143 259.529264 18.858421 18.336777 0.527121 3.302873 3.266901 0 
107 492.811284 427.481827 493.646985 427.097812 493.480038 418.599448 8.946070 8.269083 0.088175 1.645945 1.551154 1 
108 675.555153 264.933500 675.392699 264.570867 665.883886 266.404473 9.221697 8.993175 -0.657400 6.132245 6.092691 1 
109 330.357342 213.517201 330.834569 212.105302 325.820391 204.695595 9.130163 9.018972 -1.558937 1.095774 0.975877 1 
110 324.099487 304.558831 324.180628 305.589161 329.690542 312.823126 8.814722 8.814722 -0.000000 4.117588 4.061459 1 
111 558.076218 371.996523 558.382705 371.199932 549.215727 369.651461 9.183239 8.720410 -0.105644 0.258733 0.167339 1 
112 421.292770 192.176350 419.129235 195.175549 438.225616 204.266246 19.450046 19.029418 0.074702 3.761647 3.585892 1 
113 531.786176 376.401001 531.590642 376.879470 549.198663 369.586919 18.524517 17.443430 -0.067934 2.768580 2.748939 1 
114 446.658108 423.504013 446.157518 422.922984 439.880223 417.143031 8.908584 8.193090 0.282351 0.753678 0.744173 1 
115 623.356182 208.405577 621.743176 206.858512 612.485547 208.396534 9.519884 9.335252 0.010050 0.000832 6.118553 1 
117 529.099537 416.068269 528.947695 417.589657 547.315218 419.739795 18.058831 16.467674 -0.044726 3.340486 3.258124 0 
118 393.863272 365.833051 394.510511 365.770794 385.067427 365.623662 9.018030 8.441895 0.457511 0.023801 0.015580 0 
119 625.762277 252.703112 625.889285 252.026984 609.887242 264.156918 19.041770 18.545227 -0.261873 5.658176 5.634569 1 
120 447.711683 373.819352 446.345604 372.217814 439.121651 366.979901 9.162301 8.615672 0.280797 0.672424 0.627358 1 
121 442.117339 137.750902 441.470616 138.937787 438.515528 147.478061 9.669890 9.423290 -0.194883 5.067019 5.045512 1 
122 363.858063 309.038950 364.513096 310.758535 383.392388 313.470873 18.600123 17.619220 0.480541 3.364695 3.284284 1 
123 475.056742 364.719796 474.580228 366.320018 493.973206 368.194699 18.590275 17.373638 0.101378 3.323265 3.237961 1 
124 424.338740 376.721063 424.300236 378.256856 439.094327 366.901023 18.497966 17.249758 0.279502 2.554389 2.486927 1 
125 623.361934 326.712137 624.182401 327.013459 607.028837 318.429712 18.729478 17.909665 -0.246543 0.469307 0.463972 1 
126 560.137788 140.678798 560.091879 139.814401 556.148936 149.421247 9.762957 9.473030 0.132020 5.140439 5.101855 1 
127 419.678640 310.862428 419.200423 311.120283 438.563018 314.458405 18.888203 17.887893 0.284181 3.329761 3.312315 1 
128 615.286022 323.048677 614.974848 322.833033 607.035345 318.450170 9.257693 8.852834 -0.252039 0.508468 0.504402 1 
130 560.991666 199.021882 560.461357 197.996559 554.608045 206.351825 9.663739 9.412002 0.004210 5.428890 5.323486 1 
131 377.765337 212.740615 377.973539 212.988104 381.232405 204.161365 9.367263 9.263379 0.166761 1.954852 1.924476 0 
132 555.852542 334.492849 558.134311 335.018186 551.077024 316.962374 18.929853 18.019746 -0.052693 1.304837 1.198194 1 
133 485.032493 363.955233 485.414958 364.537695 494.017007 368.260623 9.190766 8.680093 0.070095 3.588463 3.550048 1 
134 494.676464 214.705009 495.167281 214.387198 496.283078 204.962548 9.571469 9.571469 -0.000000 1.734234 1.688639 1 
135 424.657909 244.765267 422.000000 247.000000 438.279660 260.073273 19.193584 18.549060 0.254836 3.985213 3.818187 1 
136 488.624964 186.995791 487.969357 186.431264 496.232204 204.963297 19.681241 19.108120 0.077697 4.311884 4.292976 1 
137 392.182275 315.333672 392.786750 315.305698 383.396733 313.525778 9.158226 8.737065 0.474189 0.202948 0.187332 0 
138 448.317405 203.380302 447.834004 202.770201 438.240410 204.244170 9.579346 9.383170 -0.063070 6.197668 6.130737 1 
139 379.167378 250.338874 379.018780 251.102473 382.124487 259.573768 9.188121 9.188121 -0.000000 4.402495 4.360989 1 
140 563.218170 245.620476 562.875268 245.656870 552.906924 262.399481 19.022592 19.022592 -0.000000 5.263426 5.249410 0 
141 619.774115 262.720771 619.351084 262.690127 609.939387 264.185516 9.421158 9.159338 -0.230321 6.135336 6.125616 1 
142 546.015018 188.110687 545.612464 188.943090 554.568705 206.347615 19.567291 19.130494 0.113815 4.273822 4.237135 1 
144 432.859848 321.421820 432.408535 322.845380 438.563740 314.517977 9.329022 8.864605 0.276123 2.261305 2.207318 1 
145 560.540655 318.094536 560.565824 317.484900 551.073922 316.981768 9.190974 9.190974 -0.000000 0.117008 0.052957 1 
146 429.323735 255.014189 429.875177 255.690856 438.296951 260.082308 9.453364 9.189338 0.200030 3.655732 3.622245 1 
147 477.715302 325.863221 479.224570 325.840344 494.643083 315.640043 19.026824 18.104683 0.128826 2.598289 2.557132 1 
148 478.000000 273.000000 479.630538 273.114286 495.426024 261.033625 19.397594 18.622180 0.093524 2.539852 2.488676 1 
149 551.431556 271.344692 551.732660 271.761384 552.915448 262.471867 9.526460 9.259216 -0.069917 1.736503 1.697440 0 
150 491.766826 306.706835 491.385083 307.942985 494.662475 315.712697 9.383210 8.996478 0.112735 4.401299 4.313218 1 
151 490.951549 269.451587 491.174044 269.535302 495.456449 261.076695 9.395643 9.395643 -0.000000 2.064306 2.039454 1 
152 1.712903 203.741027 -0.211245 232.814514 -3.452751 217.246439 15.432753 10.523407 1.499801 5.077708 1.365514 0 
155 -0.456467 156.158599 -0.249703 185.931495 -17.118869 170.950377 21.061566 21.061566 0.000000 5.557189 0.726189 0 
157 991.336067 452.461369 991.137766 451.090605 990.797935 465.451945 14.987236 10.097957 -0.994437 4.753790 4.736048 0 
159 988.124374 429.395024 989.187732 429.971471 1000.462401 424.902775 15.253864 10.568851 -1.082095 2.792414 2.719101 0 
160 1021.240109 476.245839 1023.248586 449.608473 1022.026304 463.312851 14.522686 9.361369 -1.036831 1.631512 4.801343 0 
162 1010.124094 367.957554 1009.873201 368.233059 1009.423661 382.702710 15.494289 10.903520 -1.173080 4.759856 4.743447 1 
167 1016.684813 354.313788 1021.135404 323.779182 1017.671882 338.973393 15.694965 11.176315 -1.244299 1.635052 4.936510 0 
168 1022.849117 309.894051 1022.949066 277.929826 1024.532790 293.992104 15.907731 11.248195 -1.359412 1.676282 4.614108 0 
169 1022.829626 301.788546 1023.464168 286.574322 1028.421250 294.902536 9.388635 9.388635 0.000000 2.252828 4.175495 0 
170 1020.893481 260.011482 1022.235901 235.049516 1042.944452 248.987945 23.632136 23.632136 0.000000 2.678016 3.734019 0 
196 -0.245354 96.834616 58.115299 84.547646 217.004291 976.744938 906.007322 906.007322 -0.000000 4.470330 4.536149 0 
