1 797.899742 529.592528 797.753135 529.982103 816.391469 525.600154 20.718368 18.608613 -1.463370 2.928956 2.910682 1 
2 833.106196 455.915818 831.905783 453.858291 814.789778 464.343043 20.521267 18.466525 1.431201 5.851971 5.733574 1 
3 775.523632 515.600509 776.279812 514.953544 758.748400 527.633026 21.143793 19.805115 -1.412256 5.660957 5.657029 1 
4 823.178579 468.096653 823.910618 468.094358 814.945390 464.323044 10.189095 9.038100 1.483346 0.429769 0.398189 0 
5 765.555431 535.801283 766.249754 534.834547 758.908315 527.627255 10.497817 9.711650 -1.438125 0.888059 0.776178 1 
6 829.757434 400.114393 830.143534 398.932716 811.774383 404.197012 20.247570 18.059886 1.227878 6.059943 6.004082 1 
7 809.297894 518.067472 809.739830 519.001567 816.562358 525.559786 10.302751 9.116885 -1.469973 3.942430 3.907240 1 
8 803.967392 399.328162 803.047481 398.926777 811.937527 404.052007 9.955699 8.851509 1.245643 3.676622 3.664563 0 
9 793.250613 356.678508 793.148425 358.456449 807.566808 345.870294 19.872986 17.420719 1.031375 2.494922 2.423940 1 
10 821.090493 286.925468 819.225852 284.036669 802.393293 289.997767 19.448428 16.607491 0.892006 6.120322 5.942826 1 
11 799.184259 341.790837 798.500878 341.908916 807.640667 345.758856 9.738972 8.569004 1.047984 3.580325 3.540264 0 
12 775.432459 453.809896 773.393183 452.714759 757.695431 465.087637 20.974807 19.609472 1.386123 5.716836 5.615685 0 
13 241.183874 510.963611 241.867008 511.422948 250.405909 515.595287 10.429553 9.480771 1.512066 3.607031 3.596101 1 
14 237.252606 529.556133 236.450390 531.825486 250.469609 515.625493 20.857816 19.386818 1.495802 2.329913 2.284154 1 
15 765.954898 471.758020 765.959441 471.081865 757.842674 465.053153 10.377590 9.666840 1.447020 0.690700 0.638844 1 
16 238.219781 465.828017 237.795822 466.235216 254.684823 454.030330 20.669569 19.217896 -1.351419 2.519859 2.515825 1 
17 764.572299 408.038000 764.910495 407.311559 755.564914 403.552005 10.170377 9.397652 1.110260 0.462075 0.382472 1 
18 797.642695 192.404646 798.000955 191.011390 789.811783 186.966501 9.095915 7.295305 0.691254 0.606989 0.458781 0 
19 779.835543 241.062032 780.436609 241.660564 796.399668 236.981909 19.004106 15.665205 0.772153 2.900078 2.856485 0 
20 811.068489 292.982413 811.493146 293.097347 802.516489 289.830183 9.566454 8.220962 0.940529 0.353144 0.349059 0 
21 718.793716 525.305161 719.610932 523.918711 697.819747 528.975157 21.524377 20.834531 -1.298775 6.109960 6.055179 1 
22 768.855028 338.969690 770.456536 337.007931 752.077797 344.314008 20.291121 18.452347 0.936582 5.974802 5.904811 1 
23 750.635577 424.573241 752.075012 423.138724 755.395223 403.727068 20.614685 19.180970 1.121989 1.795271 1.740199 1 
24 788.108910 235.123007 787.418887 235.759057 796.509261 236.760119 9.362785 7.720460 0.787343 3.334066 3.251274 0 
25 762.053918 276.247326 762.138024 275.582278 747.980930 287.440877 19.850462 17.508180 0.756840 5.611260 5.585909 1 
26 717.645443 461.406335 718.770733 458.812966 697.347490 465.426610 21.300824 20.629263 1.306464 6.087653 5.983754 1 
27 708.247537 531.234296 708.025211 530.663389 697.925682 528.985508 10.717642 10.219198 -1.377739 0.214515 0.164631 1 
28 279.004479 401.053300 277.558504 398.459606 259.949200 393.634671 20.425384 18.764671 -1.099195 0.371267 0.267436 1 
29 293.217471 534.560544 294.951949 535.588412 309.836822 519.753399 21.244239 20.552739 1.443314 2.413796 2.325275 1 
30 752.539841 175.146870 752.000687 175.141089 737.796160 183.082992 18.806952 15.441246 0.559931 5.789390 5.773374 0 
31 786.952993 203.061181 786.978282 203.090993 789.726877 187.087632 18.490760 14.789681 0.682619 1.742736 1.740888 0 
32 758.763248 225.452729 758.616685 224.846760 743.142947 233.631345 19.379400 16.560531 0.653007 5.800845 5.766847 1 
33 751.993871 236.612767 752.211368 236.100676 743.239197 233.446021 9.526981 8.211810 0.684809 0.347078 0.287669 0 
34 761.579480 346.503971 761.924843 346.279247 752.166511 344.171877 9.975656 9.071345 0.946290 0.242863 0.212690 0 
35 644.589802 533.004939 643.930105 531.309183 634.315351 529.579934 10.718985 10.718985 -0.000000 0.321767 0.177951 1 
36 747.166295 184.357410 744.631581 182.079117 737.893036 182.921717 9.255005 7.598791 0.556174 0.153601 6.158789 1 
37 263.810265 456.949254 263.847332 455.782645 254.617855 454.021647 10.284765 9.412479 -1.376210 0.308324 0.188535 1 
39 715.132971 394.877860 715.245644 394.774153 695.903061 403.135676 20.534906 20.534906 -0.000000 5.877572 5.875160 0 
40 298.830545 518.659084 299.793379 519.147920 309.807608 519.724077 10.578577 10.098039 1.434988 3.238310 3.199063 1 
41 254.774192 284.589952 254.053492 285.010627 273.038596 279.080838 19.691688 17.136034 -0.761397 2.848640 2.838854 1 
42 739.254445 283.051257 739.058841 283.584675 748.133498 287.267285 9.745555 8.620999 0.763619 3.584901 3.527100 1 
43 246.388910 334.227244 246.797934 334.674956 266.125436 335.118865 20.089465 18.029088 -0.896177 3.186738 3.164556 0 
44 656.425787 528.108204 656.065744 528.045341 634.280659 529.593503 21.784116 21.541466 -0.971642 6.216214 6.212239 0 
45 269.513422 180.199820 270.079313 180.504136 288.257020 176.194519 18.752116 15.109160 -0.551372 2.931070 2.908808 0 
46 692.818396 178.156214 692.995129 177.830788 683.559096 179.499182 9.432483 7.867177 0.450592 6.139150 6.108183 1 
47 261.401149 227.209442 262.034163 227.375695 280.442403 226.063497 19.224511 16.214590 -0.651527 3.081483 3.070430 0 
48 358.097192 540.506891 358.742417 539.933760 372.268322 523.314110 21.594241 21.381922 1.183998 2.260149 2.253926 0 
49 696.336642 169.743741 695.192468 165.393509 683.508248 179.722072 19.099689 16.001266 0.436427 5.622109 5.396480 1 
50 704.928234 472.711691 705.360784 472.794068 697.442233 465.403972 10.557678 10.160052 1.431079 0.773348 0.750892 0 
51 361.606571 520.893843 360.636821 521.489094 372.252511 523.280645 10.745514 10.517884 1.399715 3.362144 3.294622 1 
52 252.778158 388.326379 251.858012 387.973372 259.860686 393.483281 10.090115 9.203471 -1.149977 3.770940 3.744564 0 
53 287.230677 219.162327 287.889108 218.165210 280.355891 225.749650 9.469120 7.978430 -0.666789 5.519137 5.494399 1 
54 704.595783 222.734309 703.660473 221.819796 687.371817 230.660359 19.699387 17.249044 0.516029 5.851902 5.785930 1 
55 304.403813 454.119793 303.282644 453.824051 313.529249 456.950041 10.478143 9.986276 -1.302487 3.442335 3.437700 0 
56 414.770042 535.145401 416.326877 534.949512 436.851812 526.148016 22.057534 21.730738 0.174344 2.754674 2.736491 0 
58 301.568044 474.961636 303.683805 477.490169 313.593383 457.023681 21.068951 20.315177 -1.264604 2.161369 2.021713 1 
59 297.834320 402.583097 298.783131 405.018949 318.075240 395.423430 20.843696 19.736621 -0.944290 2.801606 2.680043 1 
60 330.929525 161.822615 329.742059 162.111997 341.623807 174.429902 19.047764 15.788993 -0.430909 4.008905 3.945012 1 
61 274.532612 337.351585 274.879345 337.055649 266.041352 334.957111 9.883521 8.868740 -0.887420 0.274856 0.233128 0 
62 703.724434 344.431387 704.056664 344.290911 693.798476 342.599894 10.184344 9.510482 0.781767 0.182463 0.163376 0 
63 547.359076 536.913384 547.232984 537.035568 568.942255 529.315961 22.074880 21.832874 -0.165226 2.803131 2.799946 1 
64 708.491137 330.113374 708.742433 329.097742 693.704740 342.786582 20.653386 19.264265 0.765307 5.574592 5.544708 1 
65 575.330542 537.956585 575.778010 538.302381 568.957207 529.299491 10.882703 10.882703 -0.000000 0.936187 0.922434 0 
66 292.761336 168.862520 292.027379 166.863296 288.212140 175.982438 9.199124 7.563140 -0.586629 5.280949 5.108637 1 
67 280.844692 282.968435 281.379899 283.086182 273.016247 278.973125 9.727348 8.426482 -0.789190 0.471900 0.457048 1 
68 705.679836 408.007992 705.154614 407.338430 695.953327 402.982407 10.122998 10.122998 -0.000000 0.476910 0.442154 1 
69 673.879324 294.850081 674.606532 296.105499 690.830060 285.131096 20.179219 18.354347 0.613190 2.620987 2.546848 1 
70 614.648681 475.386037 614.339801 475.976051 634.454950 465.277976 21.468924 21.468924 -0.000000 2.669702 2.652797 1 
71 654.669631 397.918251 654.987941 396.914452 633.932099 402.350920 21.304032 20.599942 0.618575 6.072603 6.030511 1 
72 357.411288 472.672930 357.746209 474.064231 375.327222 459.596080 21.406039 21.084135 -1.021805 2.511080 2.453019 1 
73 315.760766 225.604734 315.053434 227.025796 335.222316 224.932730 19.589536 16.940553 -0.513941 3.107077 3.038186 1 
74 694.166946 237.660306 695.996561 235.999512 687.435625 230.438509 9.682073 8.506471 0.506369 0.820535 0.576079 0 
75 480.022538 530.611751 479.861105 530.968602 502.725793 528.156280 22.266653 21.844938 0.039768 3.033856 3.019209 1 
76 492.651911 523.981202 492.311903 523.993766 502.792037 528.121288 10.956012 10.858194 -0.085029 3.529223 3.516780 0 
77 303.223413 342.167308 304.078189 342.613610 323.290256 335.819522 20.501438 18.951476 -0.742749 2.835220 2.801682 0 
78 311.869619 387.820006 311.183266 387.501089 318.058036 395.279033 10.283222 9.721916 -0.935996 4.019826 3.988552 0 
79 624.708980 459.100239 626.286569 460.163088 634.517679 465.224250 10.658654 10.658654 -0.000000 3.699721 3.692883 1 
80 622.120083 159.562104 619.911444 159.454156 627.326706 176.891410 19.331718 16.319227 0.295633 4.420518 4.310303 1 
81 635.419072 172.837705 635.588855 172.649958 627.380705 176.694057 9.525647 8.040435 0.306542 5.835874 5.825400 0 
82 332.206253 178.253453 333.904629 179.620759 341.638216 174.217220 9.358245 7.875519 -0.464982 2.737242 2.531733 0 
83 644.401453 403.616976 644.850359 403.444275 634.006126 402.136588 10.505301 10.149856 0.533012 0.141458 0.120009 1 
84 448.474255 526.242213 447.193020 525.888973 436.877252 526.112547 10.894563 10.807311 0.948962 0.011181 6.261516 1 
85 700.322230 284.965219 701.122463 284.546804 690.935143 284.934874 9.946577 9.077439 0.666003 0.003233 6.245110 0 
87 416.824466 468.132061 417.959938 470.077777 439.215096 461.751306 21.787923 21.519286 -0.287780 2.863977 2.768228 0 
88 309.680882 274.563463 310.246099 274.930855 329.062420 278.833816 20.089228 17.936931 -0.609016 3.358459 3.346117 0 
89 642.286700 283.389419 640.983787 283.108924 631.521398 283.014458 10.093881 9.321068 0.415714 0.034816 0.009983 1 
90 396.165090 407.633059 370.880234 375.747103 378.836841 397.149954 21.088827 20.474517 -0.721775 0.544067 4.356467 0 
91 592.821840 465.445469 592.540090 465.157930 569.814400 464.607443 21.872413 21.646334 0.221161 0.036408 0.024218 0 
92 321.754545 273.187635 321.417550 273.117424 329.054934 278.680625 9.915931 8.855939 -0.650139 3.786643 3.771137 0 
93 367.282900 453.933367 365.630125 453.921803 375.300248 459.543085 10.537404 10.537404 -0.000000 3.752116 3.668152 1 
94 362.616404 344.042497 363.065999 344.194181 383.050431 336.663847 20.851156 19.664846 -0.554313 2.795067 2.781236 0 
95 378.408814 170.926388 377.240063 171.200288 397.097109 173.438372 19.311009 16.267901 -0.304190 3.275207 3.253829 1 
96 653.320388 339.393737 654.736666 337.932722 632.907003 341.368838 20.964491 19.913776 0.535761 6.186730 6.127060 1 
97 580.676193 404.019773 579.613332 403.271107 570.386573 401.027455 10.641821 10.334363 0.262509 0.283004 0.238538 1 
99 443.099049 158.664706 443.052906 158.823824 454.062820 173.141102 19.477971 16.559589 -0.171112 4.064197 4.056842 0 
100 395.684052 181.778550 397.140279 181.333310 397.111872 173.183847 9.487375 8.043793 -0.301365 1.735421 1.567311 1 
101 635.077949 211.746641 633.880905 209.142829 629.573173 228.239457 19.948182 17.704122 0.357104 5.034531 4.934251 1 
102 334.266184 233.601851 334.517523 234.068824 335.204271 224.749413 9.662744 8.374032 -0.555309 1.676372 1.644353 0 
103 315.768034 328.204627 316.232921 330.508953 323.259084 335.631263 10.118430 9.316732 -0.758510 3.922673 3.771540 1 
104 368.877514 395.593223 368.791793 395.815680 378.907611 396.909268 10.294753 10.294753 -0.000000 3.272057 3.249281 0 
105 462.159913 389.958390 462.812814 388.988971 441.813112 398.604297 21.533972 20.868044 -0.382892 5.881376 5.853798 1 
106 568.338441 156.730259 565.071605 157.585566 569.930364 174.800310 19.460060 16.695480 0.129652 4.624518 4.437301 1 
107 647.500850 270.579269 646.401257 270.279213 631.443455 283.157972 20.480259 18.829034 0.410000 5.618674 5.572336 1 
108 587.829354 388.719082 586.687779 385.210519 570.324500 401.218060 21.560861 20.971162 0.248876 5.663106 5.508776 1 
109 5.369172 207.466587 -0.635295 203.485527 5.002611 201.347589 6.361464 6.361464 -0.000000 1.510962 2.779138 0 
110 644.091182 341.480014 642.866532 340.983793 632.971307 341.228591 10.319000 9.854823 0.560415 0.022606 6.258451 1 
111 515.027407 468.024854 514.521908 466.732408 504.382788 463.398534 10.843103 10.843103 -0.000000 0.409987 0.317677 1 
112 371.736890 224.956836 371.408231 226.183260 392.221059 224.407001 19.901888 17.504839 -0.356772 3.114757 3.056455 1 
113 619.561255 224.561880 620.208736 224.866366 629.621176 227.958382 9.835987 8.738444 0.375385 3.467203 3.458990 0 
114 372.022587 378.056828 397.502398 408.085132 377.800979 398.003817 22.765444 20.815301 -0.670192 4.430420 0.472968 0 
115 521.622691 174.617375 521.656204 174.321849 511.953234 173.371824 9.620748 8.241447 -0.014685 0.128108 0.097600 0 
116 526.813267 459.594380 526.383305 457.942270 504.334003 463.452017 22.032016 21.647629 -0.003251 6.113232 6.038317 1 
117 428.172208 462.468681 428.805966 462.872026 439.200368 461.674036 10.756851 10.756851 -0.000000 3.069661 3.026846 1 
118 457.886431 166.320453 458.062928 164.795440 454.123082 172.923453 9.583254 8.183762 -0.177677 5.230416 5.163742 0 
119 577.638767 169.128494 577.470792 168.639392 569.962662 174.576559 9.612422 8.303741 0.159867 5.665950 5.614101 0 
120 -0.810156 197.785148 5.488422 208.003975 10.112965 193.199782 15.554957 9.553849 -1.002434 2.744147 1.873572 0 
121 590.703243 224.572214 590.890813 222.806024 570.393555 226.347685 20.066661 17.926419 0.165213 6.195987 6.112088 1 
122 370.891268 291.526043 370.351185 292.705206 387.554637 278.950138 20.414847 18.590161 -0.443034 2.495088 2.467124 1 
123 392.861428 339.257686 392.670501 339.056856 383.057403 336.495677 10.298225 9.721793 -0.599888 0.274605 0.260378 0 
124 580.818430 465.051151 580.739127 464.548736 569.831730 464.553906 10.801466 10.801466 -0.000000 0.045228 6.282711 1 
125 505.765595 157.496992 503.992779 157.236170 511.905402 173.626062 19.555637 16.743851 -0.020736 4.348659 4.262616 1 
126 432.143118 395.032738 430.928184 395.757491 441.837009 398.403378 10.633325 10.280516 -0.340575 3.476224 3.379543 1 
127 592.186166 277.649731 591.189808 275.375995 570.648899 281.538452 20.672508 19.068726 0.180671 6.104552 5.991720 1 
128 483.233228 406.766222 486.329881 407.831092 505.915225 399.996797 21.688773 21.037213 -0.082546 2.851559 2.761079 1 
129 517.624195 402.129465 516.279731 400.616617 505.973468 399.797030 10.581591 10.581591 -0.000000 0.197584 0.079356 1 
130 579.571208 228.252817 580.046675 228.053748 570.410693 226.195679 9.882415 8.810990 0.132355 0.220901 0.190488 0 
131 432.116163 292.122663 431.592407 293.522029 447.801922 279.423274 20.660069 19.011474 -0.245533 2.461018 2.425725 1 
132 518.166664 338.288865 518.252122 337.570927 507.563709 338.481609 10.477088 9.971879 -0.118465 6.265009 6.198188 1 
133 520.946290 226.311888 519.847339 225.972082 510.570274 224.855521 9.913673 8.886515 -0.026593 0.139448 0.119781 1 
134 397.435757 231.906068 398.069237 231.124515 392.255655 224.192754 9.799701 8.735316 -0.380883 0.979400 0.872906 1 
135 424.765083 347.015348 425.352807 346.843700 444.686000 337.593208 21.163048 20.026384 -0.272008 2.699796 2.695311 0 
136 440.425953 210.136441 438.977323 208.815833 450.890714 224.465273 20.087886 17.780227 -0.187807 4.081597 4.061716 1 
137 518.858047 208.004584 518.716289 208.092651 510.502036 225.092024 20.171602 17.950281 -0.006504 5.167210 5.162514 1 
138 397.263402 278.952025 397.634879 278.505379 387.538383 278.778684 10.055471 9.238009 -0.515543 0.017822 6.256123 1 
139 580.196179 345.019328 580.068491 344.878302 570.621824 339.806727 10.437264 10.018840 0.202479 0.498560 0.492702 1 
140 592.090217 337.960640 592.702646 336.659056 570.624593 339.964741 21.150881 20.190500 0.250458 6.190092 6.134562 1 
141 441.973611 219.961529 441.498527 220.997763 450.921860 224.185008 9.869460 8.778682 -0.189722 3.582582 3.467743 0 
142 580.916917 281.720749 581.034174 281.712563 570.679490 281.292062 10.196178 9.510047 0.176482 0.041850 0.040587 1 
143 438.673250 273.072388 439.600578 275.101279 447.814355 279.212951 10.168869 9.463206 -0.267536 3.733108 3.605706 1 
144 518.430784 284.168455 518.603180 284.206732 509.123164 280.077209 10.205182 9.612979 -0.078852 0.414137 0.410817 1 
145 528.573584 342.778162 529.505328 341.121664 507.507570 338.708155 21.273141 20.205945 -0.010452 0.190851 0.109279 0 
147 518.081842 262.324719 517.738549 261.267812 509.075031 280.246003 20.786885 19.239149 -0.032670 5.178095 5.140634 1 
148 436.009387 330.886287 436.232772 331.063877 444.732522 337.416712 10.405370 9.982797 -0.334384 3.784218 3.783437 0 
149 8.491022 222.116981 2.520219 248.737015 -1.789258 236.064204 16.287558 10.479738 -1.033193 5.347573 1.243007 0 
162 916.106025 609.866620 878.008084 614.072605 806.500839 -284.506420 901.157875 901.157875 0.000000 1.448855 1.491386 0 
182 811.878839 276.081925 819.801737 287.147874 795.933383 295.786066 24.951884 24.951884 0.000000 5.392741 5.935940 0 
