1 800.721915 454.519125 801.891322 453.013837 789.726826 465.719365 17.064425 13.437079 -1.285723 5.488544 5.476036 0.000000
2 817.190789 473.864538 818.646426 474.893418 829.348766 461.849693 16.561035 12.470804 -1.321241 2.362116 2.257911 0.000000
3 747.597426 461.018264 747.305722 460.127142 747.135308 469.572337 8.742299 7.143598 -1.270953 4.766360 4.730430 0.000000
4 796.682319 466.057804 796.585775 465.734832 789.865361 465.764458 8.484453 6.631655 -1.312947 0.043005 6.278777 0.000000
5 803.803589 406.158838 804.746959 404.070260 791.395582 415.409587 17.250922 13.718165 -1.418891 5.642540 5.579098 0.000000
6 821.386831 424.669535 821.145145 425.962590 831.144019 413.089751 16.694106 12.664257 -1.431489 2.270982 2.231194 0.000000
7 790.983908 355.591021 789.443165 355.287052 792.203372 364.364687 8.545175 6.846229 -1.555228 4.574282 4.417205 0.000000
8 707.789100 478.034836 707.995666 477.999233 701.371386 473.405413 8.961866 7.705919 -1.263506 0.624912 0.606338 0.000000
9 819.079251 369.369583 819.606158 370.047466 831.853943 363.572414 16.790050 12.797766 -1.529005 2.715582 2.655272 0.000000
10 836.036883 332.337705 836.909110 329.875888 831.565142 313.872340 16.759937 12.794828 1.506320 1.333201 1.248514 0.000000
12 791.501750 295.251019 790.014721 295.711229 791.665553 313.163289 17.302748 13.838157 1.504007 4.703245 4.618077 0.000000
13 793.644762 405.252233 789.509742 424.748880 789.368819 415.190820 9.239853 9.239853 0.000000 5.118687 1.556054 0.000000
14 801.996087 352.035372 802.447824 350.395477 792.003749 364.414488 17.289812 13.878858 -1.533761 5.391501 5.352678 0.000000
16 831.999939 373.000071 834.221228 371.270410 831.996320 363.523410 8.271481 6.302804 -1.526650 1.570414 1.291127 0.000000
17 788.516479 423.674376 793.301564 406.726326 791.455847 415.461957 8.508996 6.733584 -1.417021 1.914507 4.920613 0.000000
19 785.880871 308.007051 785.438089 309.036317 791.750909 313.107635 8.503253 6.826578 1.503868 3.856968 3.714394 0.000000
20 761.285722 462.357524 762.162620 461.889969 747.011301 469.538653 17.548063 14.476344 -1.244984 5.817079 5.815689 0.000000
21 800.489383 205.286439 800.552492 204.726403 788.440310 211.970819 17.058188 13.530538 1.282939 5.776693 5.744157 0.000000
22 827.429039 232.455472 828.926718 231.892114 828.191782 215.673852 16.626462 12.464454 1.297487 1.616216 1.525512 0.000000
23 822.734385 276.283036 822.311089 278.899398 830.352887 264.450545 16.704675 12.666600 1.405966 2.142845 2.078670 0.000000
24 697.471179 492.651169 701.023498 495.505181 701.282255 473.347710 18.034204 15.517231 -1.224841 1.765719 1.582474 0.000000
25 763.459848 412.720042 763.821223 412.144381 748.465026 417.832283 17.724535 14.775765 -1.391525 5.954610 5.928456 0.000000
26 789.368286 279.560295 791.907273 278.925416 790.529980 262.180366 17.234911 13.718575 1.377571 1.637538 1.488730 0.000000
27 754.760141 422.026116 755.193950 422.018150 748.585176 417.886869 8.809684 7.298811 -1.392591 0.590533 0.558686 0.000000
28 797.919339 263.029066 797.789841 262.652809 790.724377 262.150589 8.460405 6.768948 1.379215 0.121495 0.070962 0.000000
29 786.610830 202.632878 786.803773 203.570558 788.583776 211.877559 7.608980 7.608980 -0.000000 4.502129 4.501304 0.000000
30 761.332462 301.116465 760.177727 301.877508 748.617759 312.501732 17.817720 14.920370 1.490645 5.552895 5.539943 0.000000
31 754.027648 146.992245 753.114568 147.891975 742.945317 157.977049 17.383496 14.105987 1.116770 5.502207 5.501943 0.000000
32 756.352110 368.134457 755.811432 367.721884 748.986016 365.234200 8.780565 7.374678 -1.551770 0.375090 0.349510 0.000000
33 740.553631 381.682326 744.312975 381.644988 748.857524 365.274479 17.855373 14.922967 -1.537941 2.039306 1.841584 0.000000
34 773.473784 164.024940 771.768160 166.984678 785.534086 162.858013 16.896154 13.162930 1.166243 3.045135 2.850343 0.000000
35 824.593172 259.999903 824.792893 260.420300 830.490925 264.410368 8.215211 6.275112 1.434086 3.783698 3.752489 0.000000
37 756.096327 315.426775 756.110160 315.087867 748.805468 312.471885 8.790794 7.347957 1.493926 0.385056 0.343893 0.000000
38 757.589365 199.311944 757.255556 196.176627 745.628046 208.357532 17.599653 14.559510 1.249114 5.635705 5.474548 0.000000
39 751.167834 268.802464 751.807676 268.902662 747.741842 260.015002 8.768564 7.299326 1.395652 1.199051 1.141748 0.000000
40 752.077026 214.013710 753.001948 213.201611 745.783321 208.250823 8.638555 7.184781 1.239865 0.741399 0.601156 0.000000
41 759.176727 249.009562 758.675840 247.191556 747.573147 260.032184 17.735095 14.807599 1.372980 5.523458 5.425329 0.000000
42 667.301639 468.172631 668.529479 467.042888 652.544944 477.035749 18.451669 16.455048 -1.190914 5.742312 5.724472 0.000000
43 704.403891 157.184928 705.249360 157.083089 697.458339 153.165295 8.798352 7.375427 1.041453 0.524637 0.465933 0.000000
44 736.526694 153.300384 735.856113 153.885076 743.083662 157.879723 8.567229 6.924401 1.118914 3.751239 3.646504 0.000000
45 782.480030 154.762666 780.754164 154.068797 785.677088 162.788663 7.521650 7.521650 -0.000000 4.333316 4.198433 0.000000
46 718.821278 414.808100 717.355958 413.908966 702.424984 420.249813 18.212530 15.848708 -1.363539 5.962737 5.881588 0.000000
47 712.361451 194.776074 712.565341 194.357793 699.710313 204.970837 18.043512 15.548963 1.195913 5.604895 5.593032 0.000000
48 716.806289 354.158235 714.494797 353.180985 702.703938 366.296114 18.328527 15.981772 -1.560072 5.572513 5.444666 0.000000
49 695.013856 417.071254 693.571005 417.705277 702.572618 420.283163 9.095438 7.827230 -1.365810 3.543400 3.420508 0.000000
50 710.512400 365.912812 710.973319 365.438230 702.821023 366.206417 9.049670 7.916608 1.558533 6.245031 6.189233 0.000000
51 660.064533 481.903075 659.448422 480.851363 652.638033 477.093625 9.193716 8.122317 -1.217317 0.574691 0.504198 0.000000
52 815.000000 178.000000 816.569282 179.146277 825.096297 167.983976 16.418497 12.222991 1.215510 2.360186 2.223142 0.000000
53 714.440010 246.892805 714.277571 246.985141 701.385334 258.047089 18.207295 15.850045 1.338336 5.576126 5.574047 0.000000
54 709.564760 143.719785 709.915537 143.282582 697.336562 153.274909 17.820487 15.015391 1.042671 5.619889 5.611888 0.000000
55 827.299362 176.567755 827.294460 175.798043 825.197933 167.945991 8.071560 6.057027 1.220380 1.331722 1.309879 0.000000
56 711.986178 296.584822 711.728489 296.710751 702.338423 312.009482 18.320635 16.013046 1.493910 5.271331 5.262880 0.000000
57 607.308606 487.740632 606.297336 486.310953 601.109897 480.589269 9.391537 8.690135 -1.186933 0.856637 0.834331 0.000000
58 359.497617 503.904862 360.036699 506.592749 374.514913 491.180693 19.785977 19.477879 0.245981 2.438668 2.324962 0.000000
59 670.478279 415.833516 669.709012 416.067453 653.330307 422.591614 18.682717 16.838114 -1.319016 5.907771 5.904118 0.000000
60 612.832864 466.179111 614.015417 463.819470 600.962576 480.566628 18.854090 17.523063 -1.068736 5.402213 5.374446 0.000000
61 710.528217 314.650939 710.686475 314.294853 702.420180 311.938124 9.043280 7.911080 1.507404 0.322875 0.277733 0.000000
62 364.756805 487.826798 365.434488 488.241517 374.579137 491.244128 9.780749 9.683086 1.121442 3.476408 3.458848 0.000000
63 652.934369 132.013851 651.429806 130.668576 648.805383 148.971509 18.221154 16.051339 0.965255 4.951229 4.854806 0.000000
64 707.710112 206.415492 708.192855 206.298596 699.887575 204.843735 8.901449 7.640417 1.190872 0.198286 0.173413 0.000000
65 656.980589 148.001533 657.284721 147.520165 648.918289 148.823525 9.015235 7.929197 0.991577 6.181581 6.128643 0.000000
66 661.198244 372.056055 661.320334 372.021050 653.627787 367.213768 9.290667 8.427480 -1.555537 0.569050 0.558547 0.000000
67 500.092914 490.055618 499.066003 487.341018 490.811032 486.742062 9.668202 9.330208 -1.009309 0.342890 0.072430 0.000000
68 360.066738 444.968515 359.085773 446.738815 372.613644 432.424939 19.993278 19.993278 -0.000000 2.356327 2.327971 0.000000
69 563.324974 473.552239 563.699971 473.041712 546.830338 483.766876 19.228588 18.226144 -0.945304 5.728717 5.716881 0.000000
70 665.501597 353.614375 665.521854 352.775056 653.447351 367.282078 18.781018 17.042503 -1.529159 5.435142 5.406530 0.000000
71 709.424280 261.063226 709.610015 259.509798 701.520158 257.994798 8.979649 7.830876 1.338204 0.370298 0.185127 0.000000
72 670.230527 306.496542 670.117452 303.936832 653.046748 311.564769 18.765273 17.051828 1.488982 5.996375 5.862959 0.000000
73 28.374147 362.759483 27.962490 360.377722 14.501905 372.286715 19.226689 15.394811 1.529242 5.681384 5.558871 0.000000
74 659.547600 430.895073 659.050410 429.064308 653.452181 422.659097 9.324160 8.283901 -1.339840 0.933663 0.852526 0.000000
75 555.395527 486.149530 556.294999 486.119342 546.976157 483.826274 9.569005 8.993281 -1.093051 0.269242 0.241274 0.000000
76 415.000000 500.000000 415.664899 499.869952 433.025629 489.202608 19.503522 19.503522 -0.000000 2.601907 2.590614 0.000000
77 660.555391 187.890847 661.099888 186.949798 650.710487 201.824486 18.569818 16.537367 1.109633 5.327502 5.322082 0.000000
78 609.585333 427.286787 610.340649 427.218685 601.379010 424.952737 9.538151 8.772555 -1.298919 0.277104 0.247659 0.000000
79 13.791739 467.780140 13.180950 467.604092 22.115649 485.142898 18.948393 14.966590 1.240028 4.265347 4.241230 0.000000
80 475.349103 499.275605 475.686082 499.584876 490.674731 486.657377 19.477411 18.851353 -0.762888 2.452780 2.429894 0.000000
82 619.367067 418.920903 618.613175 418.519948 601.193175 424.904450 19.080325 17.844548 -1.243986 5.965124 5.931884 0.000000
83 641.534970 201.675693 642.714065 202.030895 650.812374 201.786730 9.085624 8.169660 1.074943 3.153561 3.111452 0.000000
84 661.857557 312.043813 662.452229 311.951076 653.122982 311.520591 9.258893 8.450854 1.509084 0.059831 0.046111 0.000000
85 5.163000 416.091324 4.227725 415.409097 17.280125 429.156158 19.183104 15.318563 1.387907 3.964607 3.952906 0.000000
86 527.239430 433.038067 527.738288 433.196962 546.583528 427.067229 19.443863 18.664888 -1.195035 2.842206 2.827119 0.000000
87 413.363154 439.684409 413.031714 440.931709 431.680850 430.874463 19.852738 19.852738 -0.000000 2.693299 2.647011 0.000000
88 352.091823 135.053034 352.705160 135.878193 372.531930 137.024739 19.685610 18.648991 -0.208205 3.237758 3.199357 0.000000
89 423.799869 486.828299 423.390711 486.786561 433.153706 489.256946 9.712520 9.602583 -1.032248 3.395625 3.389426 0.000000
90 668.458246 248.969603 667.194209 248.780520 652.181062 256.274263 18.669985 16.895030 1.280309 5.861357 5.820222 0.000000
91 619.909222 363.726836 619.514822 360.836836 601.108396 368.262651 19.210405 18.052553 -1.469312 6.046453 5.899720 0.000000
92 605.864460 147.274010 606.590252 147.349413 597.540017 145.006607 9.203035 8.305183 0.826332 0.265928 0.253306 0.000000
93 602.192566 163.708015 602.882600 163.597071 597.359223 145.157183 18.651459 16.938987 0.832350 1.315917 1.279767 0.000000
94 660.512447 257.297712 661.200126 257.274126 652.334755 256.180540 9.225509 8.368527 1.305515 0.135772 0.122735 0.000000
95 21.686714 331.291533 23.860007 331.436447 13.513683 315.184791 19.197615 15.348958 -1.490371 1.101223 1.003876 0.000000
96 562.985478 359.029054 563.460300 358.157029 546.268996 369.332825 19.594456 18.857771 -1.469138 5.730806 5.706751 0.000000
97 381.132307 439.872569 380.743552 437.516716 372.693827 432.494021 9.920253 9.920253 -0.000000 0.718486 0.557850 0.000000
98 555.440592 431.013108 555.602652 430.186807 546.783863 427.119631 9.704778 9.199831 -1.285119 0.422657 0.334714 0.000000
99 413.387637 129.201352 411.371241 129.460262 430.564436 137.755698 19.515853 18.577469 0.114520 3.603653 3.549552 0.000000
100 499.638586 430.795012 499.790618 430.279827 490.036393 429.107247 9.866839 9.527739 -1.298418 0.173991 0.119638 0.000000
101 581.863815 206.098793 582.975833 208.842450 598.804894 199.134747 18.932678 17.461150 1.003996 2.751576 2.591463 0.000000
102 508.042210 420.968184 508.682500 420.001253 489.884097 429.045341 19.732487 19.288353 -1.127161 5.864644 5.834764 0.000000
103 350.299445 252.423852 349.731306 252.687791 370.714013 252.512682 20.036771 20.036771 -0.000000 3.145944 3.133247 0.000000
104 30.971993 253.991442 29.680663 253.817803 14.498115 258.427694 19.156853 15.064016 -1.352387 6.020135 5.988401 0.000000
105 441.397397 431.759347 442.329007 431.590182 431.786673 430.943609 9.866271 9.866271 -0.000000 0.084675 0.061254 0.000000
106 524.372317 138.624184 524.728267 138.694863 543.566533 141.947034 18.972751 17.690205 0.651384 3.313011 3.312544 0.000000
107 374.320718 127.291442 373.823731 127.533000 372.586791 136.851930 9.652129 9.265620 -0.282140 4.891803 4.844352 0.000000
108 352.590160 198.003592 350.562930 199.121845 371.339435 193.861940 19.910860 19.448226 -0.355758 2.924187 2.893636 0.000000
109 388.250730 362.185414 389.255635 361.123707 371.316486 372.572043 20.306963 20.063105 -1.560285 5.733007 5.715167 0.000000
110 362.341360 368.741463 361.704471 369.187785 371.399461 372.516695 9.984515 9.984515 -0.000000 3.536480 3.472343 0.000000
111 610.754275 370.345637 610.563224 369.713165 601.307469 368.186921 9.536033 8.874211 -1.495679 0.224655 0.163426 0.000000
112 488.530536 129.806751 488.239827 130.710822 487.933045 139.282591 9.249302 9.249302 -0.000000 4.775360 4.748164 0.000000
113 363.685398 187.269914 363.450290 187.367734 371.402138 193.655479 9.800958 9.550950 -0.418386 3.832876 3.810654 0.000000
114 350.472639 316.939341 349.796056 317.940715 370.701905 312.346156 20.202269 20.202269 -0.000000 2.918322 2.880112 0.000000
115 589.705426 327.168583 590.197721 327.542377 600.721326 311.331175 19.206842 18.083323 1.429122 2.178538 2.146578 0.000000
116 564.316438 193.508714 563.021279 189.952538 544.483179 196.898612 19.253907 18.263357 0.868884 6.113901 5.924685 0.000000
117 410.557519 377.736884 411.401066 379.005105 430.715521 371.487710 20.034899 20.034899 -0.000000 2.840978 2.770422 0.000000
118 536.356785 147.991067 537.695889 147.322435 543.731891 141.793658 9.349765 8.718287 0.663849 2.442748 2.400026 0.000000
119 17.129357 221.218439 17.266241 221.878149 17.277766 202.748624 18.984363 14.785916 -1.219675 1.578831 1.571399 0.000000
120 607.635017 318.884705 607.824901 317.410357 600.909501 311.259010 9.495463 8.929673 1.453667 0.848041 0.726992 0.000000
121 556.320988 370.537164 555.891563 369.575677 546.449120 369.267759 9.702328 9.323285 -1.546496 0.127886 0.032598 0.000000
122 469.930430 374.327937 469.530231 374.931335 489.257419 370.411057 19.899015 19.477067 -1.441853 2.941637 2.916342 0.000000
123 485.238204 175.480801 484.701608 175.031528 488.053400 195.210455 19.516237 18.938022 0.634720 4.570657 4.547788 0.000000
124 607.330180 197.858559 607.982208 197.640102 598.988543 199.034898 8.981548 8.981548 -0.000000 6.143089 6.129325 0.000000
125 440.165876 139.322012 440.403480 139.362365 430.677184 137.607518 9.560577 9.223792 0.089092 0.178759 0.178503 0.000000
126 469.442548 144.990629 468.858980 145.989476 487.808034 139.446674 19.246949 18.243747 0.449700 2.848423 2.809126 0.000000
127 582.187407 263.747040 585.338837 264.803529 599.948996 254.731883 19.058713 17.945023 1.230406 2.671912 2.538044 0.000000
128 379.264168 258.053525 380.056872 257.642892 370.791360 252.454928 9.886840 9.886840 -0.000000 0.583911 0.510429 0.000000
129 498.596234 373.988591 498.766563 373.807840 489.409731 370.343638 9.760570 9.760570 -0.000000 0.377721 0.354584 0.000000
130 553.623077 198.170232 554.464198 198.214756 544.651981 196.769418 9.475381 8.977643 0.918493 0.154897 0.146248 0.000000
131 440.460684 253.530345 440.149331 252.673103 430.092692 252.310616 9.834752 9.834752 -0.000000 0.117105 0.036029 0.000000
132 563.386793 248.717822 564.000554 247.000039 545.202939 253.553552 19.425642 18.715489 1.125350 6.023266 5.947727 0.000000
133 363.556604 305.564349 362.846447 305.229808 370.758430 312.273064 10.044774 9.865790 -1.350821 3.891557 3.868968 0.000000
134 439.097481 377.276324 439.112942 376.502834 430.839701 371.452155 9.970206 9.807440 -1.329694 0.614271 0.548092 0.000000
135 555.189102 312.151592 556.563031 311.686161 545.945261 311.192547 9.703036 9.283893 1.496079 0.103380 0.046456 0.000000
136 507.741887 303.553805 506.520613 303.752200 488.739755 311.363476 19.735472 19.735472 -0.000000 5.893241 5.878726 0.000000
137 449.701031 192.090439 451.193431 191.062926 430.117481 194.170039 19.746509 19.362137 0.177821 6.177391 6.136815 0.000000
138 590.784619 253.700512 591.101975 254.352087 600.122215 254.662911 9.433803 8.847780 1.328648 3.244297 3.176037 0.000000
139 498.308921 314.127631 498.292433 314.120985 488.863073 311.319833 9.831397 9.624834 1.520531 0.288934 0.288764 0.000000
140 419.949455 309.659292 420.549221 309.808429 430.263223 311.665951 9.959899 9.826253 -1.476011 3.333753 3.330533 0.000000
141 445.392940 240.284011 445.533120 237.828378 429.952926 252.386102 19.889087 19.889087 -0.000000 5.618392 5.531701 0.000000
142 527.447557 314.981756 526.456941 315.739072 545.799626 311.243801 19.542904 18.893140 1.461333 2.940661 2.913245 0.000000
143 494.923188 202.276283 495.821177 201.456900 488.186458 195.088162 9.601703 9.352237 0.771772 0.817803 0.695238 0.000000
144 505.100956 241.250512 504.045415 239.592584 488.344801 252.732399 19.557980 19.557980 -0.000000 5.682438 5.586347 0.000000
145 554.319353 252.883766 555.190371 252.508886 545.350006 253.461181 9.445602 9.445602 -0.000000 6.218898 6.186711 0.000000
146 497.564924 256.968762 497.477820 256.662213 488.494673 252.665164 9.678929 9.678929 -0.000000 0.443019 0.418646 0.000000
147 450.735679 309.953867 451.064509 309.401971 430.162214 311.749529 20.056695 20.056695 -0.000000 6.196125 6.171343 0.000000
148 36.014265 139.680055 37.603675 137.947756 21.839875 148.697038 18.762475 14.271662 -1.101563 5.716611 5.684713 0.000000
149 421.694517 187.083896 422.627358 188.629792 430.199204 194.033781 9.688093 9.562561 -0.038323 3.826724 3.761451 0.000000
152 1013.335549 416.802756 1016.070130 389.167158 1013.794708 402.932719 13.933206 7.807805 -1.471474 1.603889 4.876206 0.000000
153 1017.308131 387.312189 1015.018414 417.062310 1003.241809 402.051142 18.967873 18.967873 0.000000 5.474440 0.905564 0.000000
154 1006.700888 330.998482 1011.605726 306.313984 1025.920472 320.601733 19.878778 19.878778 0.000000 2.645728 3.926047 0.000000
156 1011.690464 429.883057 1010.743357 456.909144 1012.767629 443.060911 13.851458 7.478017 -1.422982 4.630830 1.715944 0.000000
157 1010.660777 457.569035 1009.838739 428.305348 1022.731957 445.157733 18.630965 18.630965 0.000000 2.342303 4.059314 0.000000
158 1010.616174 350.510962 1009.348933 350.353124 1014.390529 362.486150 14.094931 7.906156 -1.541937 4.407063 4.318570 0.000000
159 1015.978682 437.996871 1010.459419 448.763283 1008.644972 443.132835 7.675054 7.675054 -0.000000 5.672243 1.259048 0.000000
164 1018.465792 292.913725 1019.616044 292.977585 1012.730238 281.078663 14.141377 8.120461 1.477759 1.119525 1.046192 0.000000
165 1011.109799 306.843586 1019.534202 333.899843 1004.406885 321.447753 18.031785 18.031785 0.000000 5.142679 0.688700 0.000000
168 1014.445197 226.455880 1010.098078 226.922833 1010.617557 240.728385 14.101799 7.947861 1.411443 4.974406 4.674778 0.000000
169 1001.985031 187.478478 998.268210 192.774068 1007.103084 200.959084 13.988285 7.870450 1.341993 4.349539 3.888827 0.000000
171 1011.692825 246.987980 1010.249033 234.081326 1014.074130 240.113663 7.553054 7.553054 -0.000000 1.904266 4.147273 0.000000
172 1009.064189 232.538439 1011.461150 248.068736 1005.771921 241.420268 8.916046 8.916046 -0.000000 5.067362 0.862991 0.000000
175 1004.082838 195.724775 1010.810370 206.034862 1003.270504 201.345742 7.666492 7.666492 -0.000000 4.855914 0.556374 0.000000
176 1010.273536 206.166547 1003.410631 195.737326 1009.931663 201.026541 6.608595 6.608595 -0.000000 1.504382 3.823066 0.000000
193 300.012561 52.358298 280.916120 52.667091 291.439497 -615.234153 667.528535 667.528535 -0.000000 1.557955 1.586551 0.000000
202 554.970331 183.024315 563.396939 193.468036 543.128294 201.676476 21.631986 21.631986 0.000000 5.278067 5.898391 0.000000
203 610.271946 352.566568 621.000000 362.000000 599.758687 369.405001 19.928458 19.928458 0.000000 5.270529 5.947747 0.000000
