1 776.965353 526.314315 778.703616 526.032751 796.447777 521.396501 20.073860 17.586777 -1.085228 2.894335 2.886023 0 
2 817.941421 460.687410 819.328830 456.827154 799.675721 462.506932 20.276901 18.034246 -1.281628 6.183899 6.001849 1 
3 759.498239 519.043270 761.045479 518.011999 740.735031 523.423447 20.423609 18.558644 -0.970100 6.053847 6.022798 1 
4 791.571614 458.913593 791.250870 458.993218 799.808611 462.586881 10.077320 8.822172 -1.285004 3.561073 3.539162 0 
5 805.915436 521.025838 804.944965 519.051486 796.594820 521.473577 9.962668 8.629453 -1.123368 6.235185 6.000867 1 
6 241.824469 523.107800 243.627455 524.236788 258.261916 514.414153 20.128031 17.892986 1.076974 2.655099 2.550459 0 
7 750.168800 525.059668 750.525749 524.303417 740.854899 523.507856 10.118449 9.147261 -1.051288 0.165096 0.082079 1 
8 820.811198 337.818090 819.932729 337.495785 802.184549 341.867021 20.372011 18.258185 1.466358 6.069142 6.041699 0 
9 267.065961 517.374867 267.441470 517.297037 258.211067 514.468943 10.007340 8.785312 1.134576 0.317098 0.297308 0 
10 810.649615 345.261620 811.397507 345.207941 802.272384 341.830852 9.999125 8.967141 1.484378 0.388699 0.354456 0 
11 793.307785 397.958861 793.501866 398.126536 801.732050 402.326367 10.035368 8.958072 -1.476970 3.619886 3.613443 1 
12 816.651950 388.535874 815.993024 387.699234 801.580285 402.358579 20.405132 18.273243 -1.467706 5.540985 5.489305 1 
14 821.159525 282.374128 820.863319 279.684609 801.518066 281.849953 20.254057 17.996131 1.278374 0.026681 6.171718 1 
15 751.878948 469.575906 752.196666 468.434314 743.729765 463.549407 10.264731 9.415043 -1.244342 0.636761 0.523292 1 
16 702.113873 517.575746 701.854505 515.995486 682.220499 524.777884 20.690058 19.408568 -0.822249 5.935828 5.862574 1 
17 248.172809 448.085377 249.363697 449.338944 256.929381 455.381882 10.080632 9.031809 1.304069 3.836288 3.815559 1 
18 791.412542 219.116942 790.660473 218.897114 799.734928 222.868953 9.871267 8.601122 1.103215 3.565140 3.554166 0 
19 758.366682 449.514237 757.668462 445.111745 743.591628 463.463097 20.648553 19.100294 -1.229291 5.526543 5.366728 1 
20 237.611888 456.168904 238.172793 456.575102 257.000846 455.285694 20.309869 18.380220 1.262138 3.096072 3.073216 0 
21 815.687134 214.868192 814.996923 214.928649 799.589629 223.004472 20.092712 17.532426 1.103433 5.815197 5.800400 0 
22 305.217363 511.962326 305.615348 513.301651 314.581628 517.952278 10.164755 9.333697 1.007500 3.710665 3.620072 1 
23 729.747939 415.846775 730.000000 419.000000 745.328404 402.260230 20.767083 19.356874 -1.452520 2.424450 2.312211 1 
24 810.312910 283.268028 810.964253 283.285248 801.671518 281.775934 9.964314 8.850012 1.326702 0.170982 0.161013 0 
25 785.220992 180.899849 785.777470 180.666570 796.465463 166.043509 19.757305 16.933999 0.957273 2.218686 2.201961 0 
26 298.125831 528.621153 298.676149 529.390164 314.610243 517.884745 20.476591 18.921642 0.933553 2.564299 2.516212 1 
27 691.513692 528.101020 691.543723 528.092776 682.305013 524.861166 10.256353 9.592494 -0.936333 0.338301 0.336488 1 
28 763.490088 216.921959 762.562465 216.423736 744.058891 219.692678 20.410125 18.581155 1.006574 6.141549 6.108324 0 
29 764.055578 332.501609 764.010437 330.927294 745.946669 340.653905 20.759800 19.308401 1.451322 5.860180 5.789245 1 
30 762.114450 268.631996 761.576805 267.685610 745.563392 279.526362 20.640078 19.047091 1.202031 5.701048 5.646485 1 
31 238.920281 334.855067 237.564294 335.256194 257.756535 334.754275 20.366223 18.613749 -1.431540 3.136242 3.116741 1 
32 753.700728 404.901546 755.169632 404.632749 745.476109 402.195145 10.230989 9.518672 -1.504118 0.317900 0.246359 1 
33 247.724603 392.777695 247.522673 392.782043 256.708773 395.118379 10.090581 9.139641 1.492215 3.396461 3.390646 0 
34 628.523585 533.784555 628.247508 532.870784 621.626797 525.576233 10.337734 9.961531 -0.715004 0.872008 0.833785 1 
35 753.927100 284.903196 754.423426 284.757157 745.721439 279.450020 10.133312 9.365340 1.203256 0.586545 0.547650 0 
36 736.246034 339.551955 736.120565 339.622126 746.037705 340.571281 10.212293 9.503218 1.457963 3.245320 3.237011 0 
37 264.242956 376.223580 264.068256 375.922098 256.803071 395.178167 20.397316 18.645530 1.466621 5.086423 5.073169 1 
38 642.433420 519.920289 642.027326 519.546719 621.582240 525.506637 20.890488 20.055564 -0.624830 6.021418 5.999537 0 
39 361.837096 537.422182 362.114421 537.628085 373.665077 520.774674 20.756662 19.672564 0.771775 2.188532 2.171629 0 
40 792.964579 174.272456 793.460331 174.608716 796.569948 165.939118 9.706204 8.339667 0.951890 1.979124 1.915183 1 
41 250.468133 152.376897 249.753559 152.637074 267.001501 159.135886 19.770992 17.186554 -0.864916 3.529670 3.501930 1 
42 688.809326 149.916486 687.926638 149.066337 684.143632 158.151043 10.047044 9.118039 0.688028 5.227887 5.106966 1 
43 748.481469 155.199860 747.358237 155.579947 741.705404 161.661072 9.868536 8.759363 0.823870 5.521568 5.461303 1 
44 744.968609 143.050787 742.230804 142.397251 741.579457 161.794459 20.084449 17.831270 0.834190 4.891272 4.745956 0 
45 705.756724 459.675724 704.376638 459.629814 684.620971 464.037607 20.933782 19.981960 -1.118254 6.079668 6.063665 0 
46 297.726923 470.341352 298.761448 473.069818 313.803382 457.767755 20.676538 19.399706 1.173695 2.477854 2.347622 1 
47 249.876358 328.776404 250.002254 329.138800 257.669862 334.649926 10.041544 9.159114 -1.416323 3.787421 3.764795 1 
48 753.343726 218.998938 754.048194 218.604831 744.167092 219.546554 10.031627 9.143394 1.029574 6.223581 6.188167 0 
49 241.763542 268.004151 241.505482 269.356126 259.856330 274.731317 20.261865 18.338776 -1.227192 3.497568 3.426534 1 
50 265.144920 283.598518 265.140688 282.231434 259.789585 274.668480 9.994886 8.980822 -1.218995 1.030598 0.955027 1 
51 704.321038 389.956834 703.338071 390.435245 686.113901 401.952955 21.088516 20.222238 -1.439326 5.700600 5.693780 0 
52 676.760209 139.014866 677.045810 140.102536 684.052207 158.340021 20.372784 18.568873 0.678335 4.351575 4.345598 1 
53 509.244389 542.814241 508.484995 541.436838 496.909901 524.645886 21.073248 20.450789 0.195488 0.974373 0.967244 1 
54 298.201991 409.728512 297.991704 410.711408 313.806339 396.548295 20.746752 19.665098 1.432342 2.440213 2.411230 1 
55 322.143444 464.025608 321.844466 463.728131 313.742955 457.851740 10.263551 9.585695 1.265336 0.633794 0.627534 1 
56 416.056809 530.468243 414.503586 532.000358 434.676357 523.062906 20.978856 20.175404 0.494976 2.763055 2.724537 1 
57 416.351932 473.123180 417.519764 472.951188 434.790311 461.637181 20.995189 20.995189 -0.000000 2.584476 2.561638 0 
58 538.679747 531.132283 538.921895 533.072751 559.555779 525.452750 20.971436 20.419817 -0.287068 2.875962 2.787833 0 
59 267.386272 148.546354 266.871515 149.557835 266.944789 158.967122 9.740240 8.502445 -0.909241 4.754729 4.704602 1 
60 384.257003 523.232033 383.308966 522.843949 373.649850 520.863611 10.279172 9.733481 0.891077 0.219682 0.202220 1 
61 441.094014 532.556781 440.892274 532.247452 434.700477 523.144595 10.367129 10.037053 0.716042 0.974110 0.973480 1 
62 243.450888 212.907029 244.144840 214.079441 262.932129 216.012224 20.061464 17.909783 -1.043998 3.299657 3.244109 1 
63 674.666127 460.918268 675.280967 461.935882 684.679864 464.120682 10.134096 10.134096 -0.000000 3.451116 3.369989 1 
64 486.685331 521.704969 486.850208 521.756488 496.957743 524.724088 10.375715 10.214970 0.316561 3.427449 3.427170 1 
65 351.874291 464.037452 353.144415 464.407163 373.266705 459.879002 20.974473 20.165185 1.034206 2.949598 2.920248 0 
66 307.397803 145.018171 307.563927 145.264483 322.604351 156.311407 20.135816 18.100549 -0.733244 3.780377 3.775088 0 
67 329.574740 162.462421 328.959896 161.817890 322.576923 156.153507 9.912671 8.932095 -0.772515 0.733673 0.725822 1 
68 707.009309 331.934881 706.207557 330.943328 686.849669 339.488360 21.074448 20.188812 1.402475 5.924692 5.867486 0 
69 303.291876 203.695594 301.042972 204.064170 319.183019 214.121712 20.434451 18.867689 -0.919424 3.722241 3.647837 1 
70 691.209273 198.578097 690.817543 195.179731 685.766375 216.849634 20.726978 19.410619 0.868138 5.001908 4.941396 1 
71 257.000000 207.000000 256.348588 208.894852 262.799248 215.786894 9.881787 8.766101 -1.035840 4.129024 3.960059 1 
72 567.471212 532.197566 567.995212 531.656638 559.558915 525.536543 10.344357 10.150742 -0.439447 0.699748 0.627602 1 
73 694.559284 407.516753 695.713744 406.018427 686.191696 401.885166 10.394815 9.970595 -1.464051 0.592391 0.409530 0 
74 619.400333 135.752723 619.206666 135.853643 624.443310 155.631991 20.544991 19.091053 0.469031 4.463950 4.453561 1 
75 492.784481 135.368889 491.808930 135.247619 501.922314 153.058888 20.718558 19.481765 -0.080556 4.235586 4.195976 1 
76 323.296115 398.331010 323.535699 398.294478 313.753818 396.504086 10.229602 9.695912 1.504956 0.189166 0.181028 0 
77 633.970966 152.029763 634.069473 151.976861 624.487689 155.443187 10.143329 9.377504 0.472331 5.937682 5.936071 0 
78 602.366943 469.194574 602.543050 471.140132 623.448182 464.166274 21.109828 20.627929 -0.946068 2.907447 2.819606 1 
79 698.473266 260.362860 697.605358 259.286402 686.754911 277.501823 20.948195 19.948266 1.100996 5.312109 5.249621 1 
80 297.000000 280.000000 296.774234 281.203017 316.535889 273.927137 20.637669 19.352261 -1.121833 2.840206 2.788813 1 
81 635.135826 406.066363 634.541773 405.567697 624.760490 401.432030 10.511806 10.335389 -1.411679 0.420080 0.400018 1 
82 362.537514 145.669789 363.025202 146.007989 380.734172 154.344581 20.409118 18.771910 -0.562110 3.586447 3.581572 0 
83 300.876160 319.186681 299.429073 320.480488 314.716703 334.998711 20.720575 19.652364 -1.408185 3.993379 3.901183 0 
84 573.360482 136.946857 573.317845 136.440673 563.481423 153.833768 20.647881 19.447836 0.190273 5.241716 5.227082 0 
85 697.487400 278.218226 696.422603 278.061050 686.856163 277.422351 10.100070 10.100070 -0.000000 0.074723 0.066666 1 
86 382.359009 465.938421 384.801799 463.892904 373.261870 459.949430 10.216507 10.216507 -0.000000 0.582214 0.329283 1 
87 642.933560 389.708431 642.881246 388.020774 624.704739 401.539699 21.295058 20.878274 -1.469875 5.707484 5.643691 1 
88 570.440321 468.959722 570.561032 468.019725 560.811110 463.899604 10.476497 10.476497 -0.000000 0.483836 0.399819 1 
89 384.269418 144.168059 382.846143 143.793294 380.707099 154.142412 10.055124 9.257911 -0.561248 5.055417 4.916207 1 
90 694.480872 211.681989 694.369239 211.365070 685.874871 216.695457 10.171383 9.551822 0.830231 5.755692 5.722776 1 
91 307.681208 326.879822 307.607990 328.350910 314.650147 334.906721 10.247290 9.670028 -1.367665 3.997424 3.891240 1 
92 432.569900 135.786187 431.001147 135.019273 440.753745 153.236938 20.626820 19.230685 -0.352683 4.273874 4.220873 1 
93 353.402830 404.082091 352.836181 404.986145 373.473765 397.838022 21.070382 20.489661 1.396057 2.839984 2.808160 1 
94 322.529742 281.236552 323.051380 281.577948 316.499114 273.831449 10.201594 9.511395 -1.136650 0.887343 0.868725 0 
96 355.584782 343.691830 354.531770 344.995097 374.391061 335.386664 21.022242 20.473852 -1.369777 2.725732 2.690968 1 
97 633.266021 467.082481 633.916652 467.154002 623.486449 464.227388 10.515349 10.188052 -1.111372 0.284050 0.273556 0 
98 326.709283 219.913356 326.755365 219.510395 319.138230 213.963387 10.068451 9.257082 -0.941033 0.666074 0.629421 1 
99 643.461243 263.672672 642.787159 264.103009 625.695747 275.831076 21.118577 20.578347 0.909501 5.683018 5.681784 0 
100 696.538366 344.014598 697.080515 343.885626 686.959859 339.403818 10.386697 9.952341 1.406236 0.448631 0.416882 1 
101 475.546982 461.255068 476.945117 461.981912 497.580204 462.974155 21.162220 21.162220 -0.000000 3.219457 3.189641 0 
102 540.783561 473.157138 548.607846 479.877987 560.837247 463.806105 21.100499 21.100499 -0.000000 2.705267 2.221249 0 
103 509.370192 146.213263 509.796814 145.656428 501.966072 152.863578 10.190162 9.585167 -0.060256 5.551370 5.539231 0 
105 357.724697 213.752177 356.559337 215.212504 378.048094 212.845423 20.711960 19.644559 -0.727813 3.097006 3.031881 1 
106 571.394139 406.934667 570.987100 406.175581 561.856740 400.798112 10.568974 10.505846 -1.477630 0.571736 0.532267 1 
107 445.986050 144.217011 444.640800 142.549588 440.788217 153.054009 10.150568 9.477637 -0.358977 5.244079 5.063915 1 
108 571.781385 146.651930 570.771655 147.187707 563.502011 153.640205 10.197106 9.632335 0.235868 5.582151 5.557266 1 
109 632.731518 195.710074 631.596426 193.403125 625.331918 214.658475 20.464694 20.464694 -0.000000 5.084690 4.999000 1 
110 636.347594 215.317506 635.330968 215.193056 625.411397 214.465126 10.089043 10.089043 -0.000000 0.077784 0.073252 1 
111 573.019939 342.036874 572.306282 341.185076 562.637720 337.378158 10.548976 10.548976 -0.000000 0.421790 0.375100 1 
112 426.521519 454.837171 426.240239 455.117991 434.782838 461.731470 10.503817 10.258046 1.091193 3.837035 3.800388 1 
113 646.014572 332.992273 647.030977 332.004907 625.465073 338.415304 21.268892 20.879051 1.295361 6.025167 5.994256 1 
114 356.325214 263.114665 355.374285 266.369257 375.958534 273.442759 20.950059 20.168070 -0.960435 3.625862 3.472587 1 
115 382.641912 342.671425 382.430838 342.036703 374.381926 335.312572 10.268289 10.268289 -0.000000 0.727767 0.695962 1 
116 425.288453 394.963349 425.390669 395.249434 435.251277 398.918538 10.483337 10.483337 -0.000000 3.519506 3.497816 1 
117 540.850741 404.821985 539.736745 405.162657 561.821457 400.853538 21.329722 21.329722 -0.000000 2.954567 2.948896 1 
118 496.429243 473.478100 496.385377 473.961408 497.609551 463.049751 10.498774 10.498774 -0.000000 1.683499 1.682519 0 
119 364.117434 392.931036 364.770844 393.413185 373.461825 397.773300 10.276218 10.276218 -0.000000 3.619694 3.606586 1 
120 548.040432 481.360521 541.292097 472.961805 558.667302 465.779401 18.479354 18.479354 0.000000 2.169363 2.749613 0 
121 412.000000 395.000000 414.095880 395.990751 435.237303 398.987217 21.172413 21.172413 -0.000000 3.311525 3.282389 0 
122 571.580870 207.296395 571.363594 206.299251 563.474536 212.998863 10.334357 9.994960 0.241335 5.670142 5.579139 0 
124 633.898368 283.702404 633.419076 282.506203 625.757919 275.775526 10.303862 10.303862 -0.000000 0.772107 0.720835 1 
125 617.366652 330.387002 615.834105 331.862289 625.503129 338.340323 10.510128 10.289463 1.348977 3.915608 3.731884 1 
126 474.632212 397.961961 476.059799 400.393457 498.303744 399.979570 21.380210 21.338112 0.439432 3.226621 3.122988 1 
127 488.302934 395.991629 487.925499 397.105825 498.345389 399.902748 10.585675 10.585675 -0.000000 3.512979 3.403833 1 
128 568.951096 193.080611 568.698777 193.518386 563.464938 213.097864 20.975286 20.336989 0.338221 4.979892 4.973594 0 
129 497.018643 221.230490 496.991891 221.741334 501.032304 212.123920 10.220296 10.220296 -0.000000 1.985926 1.968521 0 
130 380.309842 203.066259 380.374938 202.366038 378.047039 212.679470 10.208431 9.702098 -0.761429 4.943565 4.934384 0 
131 417.174518 214.060621 418.023745 214.991915 438.914910 212.250805 20.938958 20.089516 -0.465872 3.058537 3.011129 0 
132 414.041154 338.320227 415.235381 338.648500 436.106189 335.915806 21.214374 21.071679 -1.062604 3.033051 3.011399 0 
134 429.029199 208.100051 428.855293 209.844603 438.915149 212.045084 10.301709 9.887489 -0.482661 3.521284 3.356940 0 
135 415.805727 277.522080 418.462678 278.080851 437.394234 273.397880 21.141567 20.721840 -0.699242 2.952830 2.899097 1 
136 581.989951 325.483005 580.989424 324.792156 562.631925 337.442777 21.362321 21.229290 1.106404 5.729766 5.679795 1 
137 576.068749 257.857875 576.325549 256.388676 563.213631 274.589958 21.091242 21.091242 -0.000000 5.367494 5.336665 1 
138 482.399366 224.651688 484.576262 226.175268 500.962450 212.310294 21.064491 20.366625 -0.080319 2.554859 2.439345 1 
139 520.883489 265.982942 520.629876 265.961116 500.058914 273.768527 21.294427 21.031346 -0.167908 5.925410 5.920444 1 
140 571.198083 281.504874 571.860018 281.971244 563.224950 274.472985 10.453116 10.374773 0.612401 0.722752 0.715051 0 
141 482.380687 321.135209 481.697406 322.744212 499.139370 336.620132 21.397560 21.338662 0.218806 3.887507 3.813613 1 
142 444.209856 343.772641 443.787009 342.720210 436.112938 335.839765 10.478823 10.478823 -0.000000 0.775165 0.730924 1 
143 491.302000 268.496102 490.274134 269.938544 500.120744 273.670470 10.463074 10.377313 -0.674638 3.672210 3.503871 0 
144 378.790670 283.607695 378.770692 283.143161 375.945643 273.339362 10.358784 9.922637 -1.087533 1.300508 1.290238 1 
145 489.774277 329.971907 490.787655 330.823110 499.187574 336.529709 10.572928 10.509294 -0.936910 3.750069 3.738334 1 
146 448.300452 274.520179 447.494812 274.401895 437.400863 273.275669 10.370552 10.370552 -0.000000 0.113687 0.111115 1 
170 43.904538 100.472050 64.153333 95.361132 143.160714 443.442183 356.715674 356.715674 -0.000000 4.430683 4.489191 0 
