1 775.059216 518.835287 775.554766 519.070252 791.753195 509.565767 18.290694 14.505803 -0.673691 2.634719 2.610970 1 
2 825.763671 396.440454 825.909411 395.179069 810.170297 407.417414 19.152131 16.302011 -0.925239 5.669813 5.622268 1 
3 818.350069 450.656994 817.169884 448.870615 801.294806 459.973946 18.767557 15.513829 -0.804772 5.783202 5.672849 1 
4 723.281122 515.552237 722.548128 516.149695 741.027307 510.667876 18.673657 15.362906 -0.579402 2.873009 2.853214 1 
5 810.170954 336.379502 809.032178 335.601068 818.458850 352.164374 19.503540 17.026778 -1.056396 4.228900 4.194977 0 
6 841.576557 282.753649 840.476178 282.565783 825.812148 294.967871 19.827191 17.618858 -1.265970 5.624002 5.581164 0 
7 706.622135 503.427880 705.398811 502.071692 687.696532 511.184006 19.056731 15.995007 -0.458022 5.894241 5.807805 1 
8 787.886649 279.163196 786.000000 277.000000 771.372837 291.564365 20.249443 18.778807 -1.185975 5.639072 5.499938 1 
9 815.336824 224.170288 816.892704 226.794932 831.960377 236.164356 20.046887 17.907401 -1.483712 3.766610 3.697904 1 
10 765.317836 448.969335 765.536133 448.324086 749.495890 460.279181 19.173326 16.380979 -0.667700 5.662582 5.642687 1 
11 276.026216 508.611032 275.336948 510.886317 289.354184 500.280472 18.915456 15.936068 0.563839 2.582962 2.493863 1 
12 746.338669 344.294307 746.956594 345.988740 764.752065 350.209742 20.021547 18.234401 -1.007250 3.452436 3.374484 0 
13 771.381902 394.299753 772.416358 392.557360 757.400585 406.684042 19.622903 17.409302 -0.812527 5.558286 5.528286 1 
14 795.408797 223.206021 795.382821 221.965443 777.043302 231.428614 20.497012 19.143595 -1.462657 5.862229 5.806821 1 
15 797.668045 158.408493 797.448871 157.870895 781.558503 170.397667 20.714920 19.186407 1.388440 5.643388 5.615604 1 
16 739.886975 152.746317 739.603446 152.507336 722.697018 164.819677 21.142471 20.287344 1.245305 5.670884 5.653741 0 
17 820.638196 184.864766 819.980190 186.057877 836.849828 176.597966 20.211240 17.958137 1.436214 2.670033 2.630522 1 
18 714.634754 456.554144 713.717916 456.428924 694.787742 460.072322 19.573883 17.173614 -0.532730 6.107743 6.093045 0 
19 725.374206 336.695900 725.042204 336.763710 707.843195 348.166412 20.432463 19.121366 -0.834453 5.703794 5.697735 0 
20 650.773327 504.730918 650.164633 501.077936 632.237162 511.333255 19.332771 16.611204 -0.325559 5.941010 5.763575 1 
21 327.600327 509.852175 327.508588 510.907424 344.273177 503.432379 19.220827 16.448764 0.416382 2.774045 2.722168 1 
22 735.609181 215.843202 735.470502 213.142531 718.648463 227.114692 20.903104 20.229320 -1.435122 5.696639 5.590070 1 
23 262.593926 399.750218 262.553679 401.012458 280.684683 394.049240 19.924168 17.995530 0.786809 2.836312 2.774911 1 
24 727.047221 272.483649 727.019303 271.988229 713.632630 288.468252 20.682889 19.794270 -1.017084 5.410591 5.394583 1 
25 720.799217 402.025569 722.207633 401.718084 701.492525 405.565787 20.024682 18.275870 -0.658252 6.101833 6.099534 1 
26 276.632290 464.749713 278.279170 466.467304 284.732798 448.772210 19.463733 16.999877 0.645803 2.040024 1.920518 1 
27 590.910389 500.237227 590.542278 497.156783 575.161351 510.903309 19.539892 16.949312 -0.181708 5.687890 5.553840 1 
28 657.575447 453.814329 656.905579 453.716181 637.800892 459.516145 19.891065 17.697792 -0.380519 6.002459 5.988440 0 
29 665.098974 139.226932 665.205383 137.728871 660.653505 159.957721 21.609907 21.110261 0.796734 4.923628 4.914370 1 
30 259.222113 343.828713 259.055872 345.996873 277.290401 336.585719 20.330085 18.902583 0.951686 2.760338 2.665135 1 
31 323.337335 456.390944 322.833622 457.954142 341.159980 451.346382 19.812714 17.588036 0.508341 2.865765 2.795541 1 
32 389.872761 520.378224 389.928159 520.326758 400.985787 506.034383 19.445125 16.861741 0.285559 2.229956 2.229277 0 
33 663.713207 397.293557 662.941989 394.958604 643.120092 404.336587 20.387478 18.822621 -0.465242 5.953647 5.841278 1 
34 473.000000 494.000000 471.775057 494.771840 458.819645 508.244083 19.557846 17.062829 0.125029 5.495545 5.478233 0 
35 509.996273 526.553596 509.935970 526.845427 517.093581 509.857078 19.563442 17.166633 -0.030735 1.972732 1.969550 1 
36 382.335475 464.142417 384.219785 463.441686 399.518111 453.713836 20.013279 18.070542 0.330318 2.596096 2.575210 0 
37 254.731154 281.540642 255.558452 284.020070 274.770928 276.765121 20.651817 19.511542 1.188872 2.907654 2.780530 1 
38 252.657133 157.462112 252.254629 157.870341 272.802383 152.938458 21.097227 20.015385 -1.211704 2.920705 2.906028 1 
39 667.341090 269.357136 667.122518 268.932004 652.982594 285.618022 20.828163 20.828163 -0.000000 5.435737 5.415378 1 
40 603.045458 134.605978 602.207159 134.683120 596.303635 156.049375 21.797754 21.797754 -0.000000 5.017005 4.981965 1 
41 321.349624 404.733196 321.127302 405.974589 338.496818 396.005411 20.267801 18.732232 0.578837 2.670777 2.620550 1 
42 598.239871 450.923791 596.911261 450.059414 579.043442 458.621403 20.138562 18.133732 -0.204596 5.901824 5.836328 0 
43 312.000000 152.000000 311.820291 153.932495 334.405513 151.363646 21.537824 20.893805 -0.951559 3.113199 3.028339 1 
44 661.819355 331.188227 661.638289 328.347472 648.268225 346.202633 20.813958 19.843943 -0.578502 5.446607 5.355126 1 
45 290.282730 205.523949 290.719663 204.379404 273.222184 215.246317 20.916674 19.941822 1.558080 5.765212 5.727427 1 
46 673.303103 209.617238 673.916597 209.032075 657.170571 223.228130 21.238788 21.151959 -1.403150 5.582365 5.580012 1 
47 318.606827 290.793255 319.155253 290.763181 334.929927 277.089857 21.000959 20.396064 0.952729 2.443220 2.427432 0 
48 478.284358 392.879226 479.775533 390.989608 459.596519 399.806911 20.712172 19.444115 0.158548 5.928185 5.871233 1 
49 535.415181 445.724836 535.768363 444.350021 519.180631 457.375305 20.190076 18.274542 -0.039210 5.660722 5.617512 1 
50 564.787020 413.308368 565.135171 414.965530 582.860544 402.972308 20.677157 19.323403 -0.265276 2.622099 2.546736 1 
51 539.776155 392.823494 540.603674 391.039546 521.353928 401.425493 20.748113 19.432267 -0.054198 5.846337 5.788411 1 
52 417.615024 346.856874 418.018676 347.011232 397.642516 339.161733 21.031202 20.199587 0.441953 0.367758 0.367709 0 
53 566.189211 353.775441 567.328652 354.955204 586.622416 344.259500 21.148538 20.196792 -0.284745 2.705752 2.635408 1 
54 477.328378 450.565714 478.508036 447.011839 459.094196 455.702815 20.177902 18.320791 0.150976 6.008574 5.862271 1 
55 315.335799 335.602686 314.897932 337.364393 336.360934 337.830850 20.697950 19.688572 0.739287 3.247175 3.163322 1 
56 524.978367 131.147270 524.440990 131.842688 530.426022 153.181864 21.964087 21.964087 -0.000000 4.470017 4.438943 0 
57 377.322763 144.926426 377.044658 145.428023 398.504691 150.819190 21.693810 21.693810 -0.000000 3.412929 3.387718 1 
58 609.293081 203.700231 608.090816 202.469081 593.448217 220.010841 21.637893 21.637893 -0.000000 5.483304 5.407950 1 
59 417.694025 205.209070 417.383418 203.839653 397.636119 214.844130 21.608556 21.450224 0.122946 5.835371 5.774782 1 
60 383.774040 411.110917 384.471976 413.780135 398.357889 397.987889 20.545228 19.200485 0.391078 2.408870 2.292049 1 
61 313.838411 216.269314 312.444963 216.778988 334.246675 214.657425 21.225552 20.901019 1.479006 3.062774 3.044586 0 
62 612.457313 279.858143 611.891026 279.509932 590.169374 283.041989 21.521496 20.917521 -0.290217 6.141295 6.121991 0 
63 480.773935 336.752450 482.126210 335.849959 460.362996 340.778203 21.223992 20.437642 0.179855 6.088450 6.060493 1 
64 455.961114 130.578808 455.211789 130.205893 464.162400 151.413453 22.191263 21.649295 -0.148941 4.337380 4.313021 0 
65 441.859614 288.330889 440.833317 290.007507 461.390726 279.177506 21.635290 21.160539 0.171192 2.703333 2.656722 1 
66 505.028016 353.962751 505.073107 354.985971 523.647725 342.427168 21.247898 20.410463 -0.090111 2.586932 2.547069 1 
67 549.037074 207.956078 548.371908 206.830797 528.200812 217.517590 22.015294 21.603229 0.043327 5.852965 5.795977 1 
68 383.688497 294.541688 384.236024 294.244577 397.364093 277.927678 21.360108 20.857009 0.416332 2.259486 2.248317 0 
69 507.074219 291.357593 505.993669 292.110416 525.934217 280.950631 21.659973 21.175835 -0.064454 2.637368 2.631369 1 
70 482.228177 203.934662 481.979652 203.183881 462.613635 215.738760 21.956638 21.560455 0.048067 5.741441 5.708010 1 
71 643.714553 495.269958 650.648467 504.881352 634.764890 509.176451 15.998973 15.998973 0.000000 5.284224 6.019090 0 
72 2.863130 460.137276 3.697904 462.069309 14.820851 476.252541 18.300416 12.082895 1.028652 4.074020 4.047337 1 
74 1.887295 411.690543 1.373654 445.699909 4.860009 430.406688 18.853697 12.833279 1.109898 4.554873 1.794933 0 
76 4.681071 367.786905 -0.302521 400.227346 -2.579077 382.984873 18.548755 12.377983 1.288042 5.158042 1.439524 0 
77 0.916323 424.535771 6.738984 437.482423 2.605138 431.479727 7.680159 7.680159 0.000000 4.473814 0.967718 0 
78 0.418896 317.953775 3.071536 341.992106 -31.851649 335.414075 34.604780 34.604780 0.000000 5.787232 0.186176 0 
79 6.319822 439.733685 1.297839 426.157921 9.159381 429.921320 9.042060 9.042060 0.000000 1.852487 3.588064 0 
80 0.424351 376.067756 -0.818218 391.039821 -9.538013 384.168242 10.836654 10.836654 -0.000000 5.600502 0.667408 0 
81 470.225871 440.773096 479.127255 449.999032 457.936443 460.556522 22.976308 22.976308 0.000000 5.268250 5.820970 0 
