1 817.307699 499.921486 815.421773 498.483373 793.291089 504.043950 24.505035 21.478481 -1.119817 6.113191 6.037020 0 
2 766.116791 581.150228 765.412929 583.091518 788.524136 573.313880 24.017289 20.422665 -0.900320 2.805165 2.741359 1 
3 745.438839 571.880800 744.454787 571.873048 721.360101 577.519949 24.517495 21.862249 -0.756739 6.053135 6.043380 0 
4 818.231436 420.851247 816.811842 419.886327 796.220498 432.079398 24.722254 22.088726 -1.338206 5.811477 5.748561 1 
5 816.831092 344.792078 816.916923 344.111018 797.440081 358.560556 24.811426 22.343295 -1.563626 5.665750 5.644899 0 
6 818.330272 277.953335 818.526575 276.536597 796.748322 285.183934 24.763318 22.169867 1.315237 5.959909 5.905213 0 
7 749.997404 501.999303 748.483256 501.929022 725.224104 506.949617 24.982567 22.979499 -0.957312 6.085958 6.070592 0 
8 751.807877 428.830567 751.368081 428.533743 727.579335 433.427461 25.306124 23.742893 -1.267665 6.095683 6.080300 0 
9 799.954487 190.135397 799.646685 190.799466 794.112424 213.111610 24.507141 21.497292 1.091373 4.961378 4.955520 1 
10 674.275958 589.166153 672.481796 588.266192 650.473856 580.474043 24.904489 22.841115 -0.535462 0.350136 0.340288 0 
11 771.823588 155.076908 772.894303 156.046019 789.834377 143.716997 24.095625 20.521144 0.898045 2.578885 2.512450 1 
12 749.637250 347.694763 750.737223 346.032128 728.504327 358.322242 25.438356 23.941144 1.530080 5.817230 5.778203 1 
13 743.745954 263.124857 741.293780 263.784545 727.953698 283.278767 25.287240 23.687796 1.222387 5.377039 5.312507 0 
14 332.248719 567.999814 332.030316 567.933779 354.864957 578.860742 24.730203 22.536344 0.643306 3.589297 3.587914 0 
15 202.179971 582.501949 202.373591 582.484438 219.377244 570.293871 23.748749 19.998903 0.952584 2.524264 2.519589 0 
16 270.070959 590.882187 270.232657 591.250853 285.132954 575.072580 24.315064 21.386525 0.824528 2.331982 2.315097 1 
17 176.319918 560.354106 177.069296 557.973053 158.384922 564.605448 23.129027 18.427766 1.055542 6.050439 5.942090 1 
18 192.409763 499.958356 192.082832 503.261494 214.757807 501.680324 24.214981 20.892099 1.128483 3.218493 3.071973 1 
19 741.674362 190.878517 739.966005 190.790123 725.933247 209.671568 25.063832 22.975737 0.953982 5.409642 5.351526 1 
20 737.886778 124.391943 738.588874 123.234630 722.524490 138.905331 24.636643 21.847814 0.762553 5.526194 5.510192 1 
21 129.819799 365.045447 128.153785 366.017955 148.506587 358.062821 23.866946 19.919023 -1.561668 2.783992 2.768989 1 
22 170.974786 490.448161 171.678465 489.881679 153.105797 497.784817 23.510956 19.253303 1.200531 5.893591 5.880870 1 
23 677.439356 509.151558 679.115511 508.626064 653.099680 508.964427 25.395886 24.126753 -0.736116 0.007688 6.270180 1 
24 170.130853 427.839770 169.108457 427.169093 149.789644 428.517790 23.771772 19.692271 1.389826 6.249865 6.213486 0 
25 582.586042 559.003266 582.188515 557.967440 576.931962 582.244451 25.144614 23.520688 -0.260490 4.951032 4.925621 0 
26 262.219045 518.716520 262.554060 519.392859 281.328756 505.028736 24.792672 22.448824 1.026718 2.520028 2.488511 1 
27 128.733052 289.228663 130.002605 290.815964 149.449690 287.510715 23.787065 19.719348 -1.394028 3.058856 2.973240 0 
28 187.756371 354.536513 187.893256 354.945338 210.691883 357.914271 24.545908 21.756162 -1.570773 3.287814 3.271088 1 
29 414.088584 601.655220 415.039765 602.069392 427.637115 581.400559 25.023003 23.371265 0.394913 2.160350 2.118161 1 
30 512.014385 605.556216 512.511557 605.465042 502.182692 582.569211 25.212543 23.664595 0.054644 1.166635 1.147008 0 
31 328.845285 517.074170 329.527476 519.809325 352.196502 507.632801 25.267961 23.728012 0.864422 2.757367 2.648673 1 
32 189.919241 428.696241 188.957283 428.983604 211.848498 430.475629 24.434539 21.584105 1.344548 3.222557 3.206680 1 
33 674.826203 127.908881 673.962736 127.970552 651.433714 135.288953 25.009759 22.877038 0.541622 5.977580 5.969095 0 
34 131.789145 218.773012 132.543705 218.845798 152.455891 218.130572 23.545528 19.213896 -1.206957 3.110517 3.105689 0 
35 255.652054 438.883390 256.630144 441.011576 278.980208 432.171240 25.094584 23.125320 1.301669 2.861433 2.764937 1 
37 191.156812 276.893342 190.471148 277.340514 211.519584 285.211736 24.472226 21.574148 -1.353424 3.529414 3.499449 1 
38 196.454869 143.915332 196.558307 145.293954 218.666079 145.251429 23.798048 20.007029 -0.941036 3.201674 3.139669 1 
39 680.359731 432.080607 680.798162 430.622517 654.742200 434.342803 25.669088 24.942326 -1.119414 6.195107 6.141363 0 
40 192.317575 211.671247 192.628447 211.883831 214.226071 213.954874 24.176813 20.974288 -1.134441 3.245452 3.237193 0 
41 673.883470 191.734098 673.071492 192.058514 653.777801 207.014363 25.463422 24.096181 0.740188 5.633316 5.623770 0 
42 676.839399 343.374636 676.773941 342.784306 655.438898 358.081612 25.819600 25.147670 1.494598 5.681084 5.661138 1 
43 253.364255 362.100247 254.705738 361.888135 278.088911 357.788887 25.178011 23.415687 -1.557788 2.968954 2.968049 0 
44 591.625290 113.407040 591.509130 113.428676 577.613332 133.263870 25.278071 23.452853 0.270045 5.326896 5.323492 1 
45 603.114475 496.819535 600.980446 495.828023 578.274214 510.095327 25.623456 24.784004 -0.384640 5.792362 5.722186 1 
46 177.118404 143.452443 177.613850 143.094002 157.497722 151.174725 23.159904 18.472334 -1.050123 5.908227 5.901211 1 
47 398.805949 441.046025 400.408841 441.257912 425.308183 434.413135 25.837907 25.374034 0.912780 2.896354 2.873321 0 
48 401.274927 515.041087 401.251246 515.276619 426.223348 509.441732 25.526962 24.557612 0.567339 2.920814 2.912055 0 
49 258.160869 218.948640 258.215446 218.994241 280.948550 210.367777 24.780382 22.569299 -1.023595 2.781458 2.778911 1 
50 325.862970 440.208613 326.012984 440.300824 350.491487 433.481504 25.526973 24.461714 1.188240 2.874954 2.869897 0 
51 254.756946 290.142763 255.494814 290.249769 278.799121 283.401011 25.080847 23.227028 -1.309786 2.868201 2.855757 0 
52 265.321971 129.414731 264.685014 129.636010 284.617988 140.187373 24.393743 21.462983 -0.805271 3.650773 3.628438 1 
53 475.896605 516.145376 475.993503 516.280143 502.131227 510.238494 25.711473 24.980573 0.124963 2.920130 2.914435 0 
54 672.376968 264.035061 672.719343 262.646996 655.140958 281.807073 25.725134 24.896817 1.062445 5.482477 5.454761 1 
55 350.784919 112.428979 350.088538 114.274661 354.645067 136.299796 24.788955 22.583944 -0.629263 4.552067 4.508388 0 
56 604.065779 423.960611 601.810837 423.167950 579.096106 434.830910 25.930824 25.638253 -0.752019 5.872589 5.808833 1 
57 502.122079 108.535425 502.113425 108.377251 502.547254 132.691584 25.315847 23.618538 -0.044480 4.694790 4.694548 0 
58 524.350355 420.042730 523.685804 418.793688 502.118036 434.859261 25.993776 25.816255 0.244995 5.695339 5.642964 1 
59 442.098691 112.917760 441.256638 112.611680 427.669652 133.772206 25.126552 23.331733 -0.360647 5.317653 5.283184 0 
60 326.460984 210.162936 325.000000 212.000000 351.993945 207.593002 25.250419 23.786244 -0.848606 3.041279 2.979762 0 
61 605.154097 353.635648 606.645952 351.922926 579.526767 357.921111 26.027362 26.027362 -0.000000 6.117496 6.065511 1 
62 597.850206 261.549765 597.175345 262.222119 579.404994 280.916371 25.984309 25.674572 0.681186 5.473424 5.472456 0 
63 400.554154 292.006021 401.358676 291.720619 425.355172 280.956515 25.884909 25.452185 -1.026558 2.722465 2.719929 0 
64 587.417419 182.520066 586.218488 179.909543 578.750346 205.525332 25.738105 24.793927 0.398323 5.072687 4.996070 1 
65 525.330609 266.563901 525.019194 263.996457 502.293543 280.628136 25.970712 25.970712 -0.000000 5.735078 5.651404 1 
66 325.926587 361.302109 324.301500 363.060465 349.887061 357.770420 25.668176 24.706756 -1.532780 2.995250 2.937707 1 
67 326.398226 291.683864 326.659872 294.006603 350.390324 281.876879 25.567800 24.505418 -1.180027 2.753558 2.669068 1 
68 401.504176 370.069163 402.584196 370.043980 425.081036 357.721548 26.021146 25.647833 1.543005 2.659152 2.640486 0 
69 402.194091 216.044937 401.542453 217.025020 426.212082 205.768342 25.531829 24.586897 -0.513550 2.737293 2.713514 1 
70 528.041672 352.369024 528.188142 350.076888 502.204488 357.788389 26.154033 26.062062 0.508837 6.076432 5.994683 1 
71 493.994302 179.993061 493.993619 180.720342 502.406543 205.042317 25.788390 24.993806 -0.054178 4.388395 4.379373 1 
77 428.011989 689.754177 351.031367 684.696721 446.317880 -243.989185 933.686080 933.686080 -0.000000 1.590399 1.673042 0 
