3 751.493116 429.407438 749.967383 429.274782 739.178087 439.002119 15.043742 12.904927 -0.675290 5.621317 5.549502 0 
4 61.622620 374.254839 63.080173 375.029691 56.736799 361.270143 14.110242 10.842051 1.185542 1.210908 1.138819 1 
5 757.247336 390.852977 759.021363 388.992163 743.578476 397.204426 15.357794 13.559290 -0.784501 5.848203 5.794436 1 
6 762.130911 346.868779 760.948359 346.712461 747.544431 353.441623 15.627837 14.118362 -0.893517 5.859823 5.817916 0 
7 82.147276 434.893328 81.948452 433.798618 72.816711 439.764079 13.664770 10.077710 0.986292 5.802077 5.704517 1 
8 741.968201 432.396009 741.615092 431.387613 739.267926 439.092009 7.467947 6.442125 -0.755057 5.095708 5.008109 1 
9 758.359956 309.389111 758.350540 309.161469 751.109562 308.143888 7.815189 7.213561 -1.065297 0.170086 0.139617 0 
10 702.468747 443.717234 702.308713 443.519473 696.133652 440.853840 7.569225 6.687454 -0.639547 0.424507 0.407513 1 
11 71.965356 413.321938 72.718288 413.552686 64.389254 401.206765 13.937880 10.516296 1.088560 1.011953 0.977295 1 
12 46.798523 453.265231 47.005942 451.044498 41.559683 439.065305 13.335281 9.477834 1.037021 1.217354 1.144088 1 
13 51.443216 306.792245 50.926602 307.112912 49.724569 320.208657 14.256242 10.997367 1.267588 4.839795 4.803921 0 
14 767.600699 254.010514 768.158361 251.051753 754.058522 261.483605 16.023061 14.972403 -1.223872 5.778932 5.646208 1 
15 765.849493 300.930457 765.000000 301.000000 751.045659 308.116845 15.848316 14.613699 -1.046706 5.831253 5.811562 0 
16 21.202023 336.166686 21.531204 335.825392 18.020748 322.260104 13.955462 10.226683 1.312527 1.345906 1.317569 0 
17 744.760034 389.407187 744.260810 389.081738 743.653006 397.308848 7.618081 6.718094 -0.842278 4.851584 4.786133 1 
18 314.740773 456.079070 315.350764 455.829937 326.792331 447.641197 15.465742 13.602346 0.497432 2.530767 2.520407 0 
19 710.174107 434.566875 711.000000 431.000000 696.065463 440.752486 15.301349 13.338309 -0.562370 5.869997 5.704693 1 
20 689.000000 406.000000 686.516467 408.103418 699.637306 398.400413 15.608198 14.087524 -0.671945 2.521249 2.504838 1 
21 769.591434 203.659518 769.134874 203.709340 756.428479 213.901993 16.202111 15.215843 -1.499390 5.621923 5.607124 1 
22 1.793196 388.364149 -1.057320 410.770027 3.422718 401.399071 13.351374 9.259056 1.113443 4.588022 2.016752 0 
23 749.802031 179.829067 749.326462 180.819976 758.140218 165.726123 16.309041 15.338659 1.421908 2.104748 2.099316 1 
24 23.506773 390.206237 23.245054 390.676926 32.880182 401.429180 13.588524 9.754518 1.105766 4.016550 3.981731 1 
25 310.822839 414.646218 311.024243 414.878348 322.230710 404.911097 15.785901 14.293520 0.568021 2.435146 2.414654 0 
26 749.705777 163.735006 750.639718 164.449675 758.225438 165.714801 8.026768 7.551877 1.410623 3.369920 3.306849 1 
27 717.312824 345.832130 717.075580 345.895468 702.848576 354.118253 15.891146 14.704468 -0.772744 5.762954 5.759122 1 
28 706.844063 400.010029 707.741766 399.906545 699.715920 398.541792 7.766036 7.039537 -0.741371 0.203136 0.168434 1 
29 39.278632 262.861575 38.851127 263.770831 43.548469 278.113392 14.452492 11.143077 1.381038 4.439421 4.395888 1 
30 754.465257 356.010475 754.204789 355.797352 747.618078 353.461281 7.388715 7.388715 -0.000000 0.356400 0.340824 1 
31 34.003529 221.668590 32.941799 220.845436 38.346337 235.352688 14.575521 11.258910 1.488473 4.405081 4.355776 1 
32 359.336982 454.764079 358.981159 456.004971 371.938308 447.576586 15.669507 13.944412 0.343269 2.623240 2.564879 1 
33 724.543003 155.800034 725.707476 154.175692 711.281588 163.598962 16.561968 16.014302 1.329485 5.751568 5.704550 1 
34 637.805164 450.850406 638.030307 450.993631 651.485177 442.265387 15.490880 13.705425 -0.444581 2.581155 2.566128 1 
36 334.181629 451.055645 333.838540 450.883863 326.808859 447.701840 7.272055 7.272055 -0.000000 0.426914 0.425060 1 
37 763.597836 217.016157 764.001032 216.315684 756.551385 213.900948 7.750089 7.750089 -0.000000 0.416262 0.313455 1 
38 721.049493 301.948449 720.017462 301.911847 705.672440 308.162582 16.099873 15.167294 -0.885108 5.899135 5.872251 0 
39 702.883810 165.277865 703.966702 166.186784 711.377658 163.575576 8.203453 7.889493 1.304783 2.943799 2.802831 1 
40 29.846893 375.474071 30.005488 375.462377 25.066864 362.439951 13.776622 10.057042 1.215119 1.219294 1.208314 1 
41 720.337082 250.029304 720.774841 249.370226 708.091038 260.852309 15.988999 15.988999 -0.000000 5.559395 5.547474 1 
42 746.630539 258.824912 746.762799 259.545525 754.142743 261.542549 7.920026 7.352285 -1.204067 3.488708 3.405865 1 
43 315.543836 401.391918 314.990154 401.985527 322.242859 405.027958 7.794580 7.155305 0.656632 3.638869 3.538786 0 
44 638.964345 406.047303 639.106762 406.008396 654.147278 399.556489 15.823003 14.481414 -0.511813 2.737600 2.736365 1 
45 711.097892 354.365804 710.278747 354.064130 702.950589 354.150150 7.838055 7.322781 -0.839729 0.026463 6.271448 1 
46 621.884463 440.591160 621.532494 440.105362 605.755004 443.695623 15.660295 14.053378 -0.320671 6.093039 6.059440 1 
47 666.399298 154.645586 666.197641 154.156697 662.640532 161.982689 8.245553 8.245553 -0.000000 5.185825 5.138999 1 
48 18.068914 295.031974 18.189813 292.822134 11.788291 281.255948 14.043256 10.398287 1.386216 1.143039 1.065294 1 
49 290.442416 160.339602 289.044407 161.055746 304.948911 168.765935 16.535051 16.535051 -0.000000 3.667824 3.592990 1 
50 677.396438 153.098957 676.784722 153.159368 662.563589 162.031295 16.692331 16.692331 -0.000000 5.741150 5.725410 0 
51 718.289764 211.413399 717.772249 211.160294 710.057310 212.529022 8.076417 7.827881 -1.368987 6.148491 6.107600 1 
52 298.219491 319.063540 299.051385 319.130793 313.991920 314.256842 15.911887 15.911887 -0.000000 2.845781 2.826255 0 
53 658.514365 443.358969 658.832211 443.120663 651.502889 442.357854 7.653371 6.880621 -0.490346 0.141824 0.103703 0 
54 402.277283 446.696525 401.415345 448.152226 418.129656 447.189539 15.771513 14.188497 0.216306 3.172683 3.084060 1 
55 574.416508 440.646412 574.984314 438.998566 559.202309 444.887790 15.771681 14.266916 -0.200478 6.011310 5.926028 1 
56 451.366266 454.906678 453.000787 454.505264 464.994469 446.640918 15.881991 14.310150 0.086786 2.596394 2.561216 0 
57 713.571571 310.234019 712.829761 309.993815 705.711342 308.141550 7.956393 7.500922 -0.914175 0.260176 0.254562 1 
58 353.410364 411.396714 354.262653 411.953126 368.349521 404.456634 15.974997 14.659217 0.406486 2.706700 2.652548 1 
59 725.403317 207.021946 725.531494 204.974692 709.966553 212.528028 16.414736 15.914606 -1.387780 5.940566 5.831384 1 
60 302.641656 361.164257 301.674987 361.423448 317.930955 360.420225 16.052933 14.917636 0.638780 3.092967 3.079957 1 
61 612.282637 447.816696 612.099620 447.647614 605.778140 443.779496 7.773884 7.102233 -0.353180 0.555486 0.549124 1 
62 292.811320 267.026692 294.042615 267.286321 310.500384 266.679272 16.182980 16.182980 -0.000000 3.121955 3.104724 0 
63 715.743210 259.993459 715.819841 259.688252 708.219597 260.905010 7.898951 7.898951 -0.000000 6.162614 6.124438 0 
64 646.115984 397.738754 646.916334 398.287308 654.174664 399.690243 7.850662 7.204388 -0.566018 3.379179 3.332524 1 
65 20.507174 448.267702 21.013657 448.024918 12.337111 438.254387 13.029097 8.873642 1.061108 0.886423 0.844633 1 
66 668.000000 342.000000 666.874547 341.068251 656.461862 354.741985 16.122885 15.154169 -0.621147 5.448246 5.363216 1 
67 309.758935 359.686576 310.579980 359.964607 317.897436 360.445323 7.913450 7.421916 0.740134 3.234553 3.207193 1 
68 495.225602 446.234939 495.793782 446.260551 512.133456 445.896001 15.900756 14.368659 -0.027113 3.121549 3.119286 1 
69 520.423555 448.312933 519.748991 448.009436 512.173267 445.985491 7.848784 7.284203 -0.032297 0.274959 0.261065 0 
70 312.896904 224.030216 312.899497 223.828401 307.367702 218.043593 8.092084 8.092084 -0.000000 0.825098 0.807752 1 
71 378.222031 452.464718 377.994095 451.984524 371.978885 447.661062 7.734819 7.025045 0.396672 0.655820 0.623203 1 
72 649.332924 352.015810 649.154154 351.983667 656.522165 354.751285 7.974744 7.549987 -0.674227 3.505173 3.500912 0 
73 623.225464 397.687342 623.756991 396.945022 607.420493 400.641771 15.986219 14.753681 -0.346533 6.098388 6.060646 1 
74 425.640805 451.339487 424.737413 450.699754 418.193032 447.307384 7.819150 7.153870 0.244683 0.496204 0.478231 0 
75 564.346558 450.631335 564.139311 450.189510 559.210409 444.988923 7.804911 7.163480 -0.227821 0.832333 0.812213 1 
76 360.320231 402.715934 360.828736 403.297166 368.352192 404.589107 7.904216 7.373619 0.466544 3.370712 3.311656 1 
77 342.213248 152.690030 341.602740 155.561335 354.352909 165.913732 17.016451 16.755432 -0.580555 3.969705 3.823573 0 
78 308.034534 176.394551 308.364239 176.376325 304.918279 168.733593 8.256694 8.030626 -1.239462 1.184467 1.147210 0 
79 303.593668 261.939003 303.446691 262.408668 310.489072 266.703320 8.077497 7.863002 1.120169 3.746213 3.689208 1 
80 568.636058 358.225989 568.331252 357.686726 560.291203 356.389139 8.173520 7.836850 -0.249722 0.216662 0.160011 1 
81 351.394059 366.399326 350.399732 367.946357 364.897750 359.521932 16.260895 15.265472 0.445807 2.670535 2.615205 1 
82 674.558190 199.136600 671.413452 198.587226 661.687675 211.593936 16.647488 16.477238 -1.192753 5.514099 5.354449 0 
83 355.173115 308.288402 354.487201 308.063610 361.733734 312.962387 8.153176 7.890777 0.554313 3.760613 3.736040 0 
84 421.947811 408.983004 421.673184 408.669389 415.535210 403.977123 7.975496 7.500221 0.345716 0.662819 0.652695 1 
85 672.444308 298.132757 669.928531 297.220813 658.579059 308.321925 16.352408 15.653217 -0.694184 5.649437 5.508849 0 
86 428.750119 394.779540 427.564570 393.958807 415.501298 403.888827 16.135707 14.861587 0.285426 5.680861 5.594480 0 
87 614.590052 404.054809 615.196271 403.886572 607.451699 400.749301 7.937865 7.418068 -0.444674 0.433664 0.384889 1 
88 290.675671 216.977826 290.316202 218.493143 307.428193 218.069623 16.420262 16.420262 -0.000000 3.206673 3.116848 1 
89 3.506736 225.039093 -0.362018 250.415456 6.373773 239.655195 14.176588 10.575690 1.472995 4.518692 2.130106 0 
90 623.508809 349.878355 624.900950 348.910618 608.851230 355.524417 16.331442 15.516125 -0.451436 5.915504 5.892307 1 
91 648.890065 273.253922 648.863649 273.608044 660.351392 260.492680 16.335053 16.335053 -0.000000 2.302580 2.290136 1 
92 470.727377 452.489656 470.369573 452.022467 465.022280 446.744508 7.839622 7.218634 0.089126 0.788896 0.778873 1 
93 668.941259 259.594070 668.447772 258.926921 660.441145 260.574473 8.174302 7.950047 -0.904784 6.168353 6.080245 1 
94 651.533312 304.941158 651.508137 304.941929 658.656576 308.385258 8.080173 7.750679 -0.736164 3.591954 3.590485 0 
95 610.578910 143.136736 608.053463 142.796490 612.302365 161.036060 17.020947 17.020947 -0.000000 4.616399 4.483521 1 
96 615.338172 153.308763 615.166018 152.729135 612.359762 161.006498 8.468439 8.331624 0.583973 5.081569 5.039256 0 
97 653.832528 209.005200 653.543786 209.878996 661.737893 211.572477 8.172249 8.172249 -0.000000 3.455600 3.345394 1 
98 321.600607 314.868760 321.967006 314.822620 313.968346 314.273840 8.026354 7.694781 0.860459 0.077791 0.068502 1 
99 616.852316 357.186061 616.685424 357.054618 608.869000 355.535044 8.113417 7.748619 -0.495138 0.203934 0.192013 0 
100 455.241556 390.479196 454.621514 390.364984 463.399022 403.257813 16.235374 14.988354 0.118227 4.144234 4.114662 1 
101 566.851750 144.469241 565.506373 142.566996 560.948555 160.696684 17.385341 17.011176 0.069463 5.061286 4.958686 1 
102 392.008630 262.970330 390.350685 263.168480 408.584172 263.348306 16.954987 16.533800 0.214685 3.164392 3.151455 1 
103 341.545788 265.758727 341.925494 265.981782 358.892650 264.900172 16.687406 16.321073 0.553502 3.092140 3.077932 1 
104 594.833617 317.111991 596.171208 317.738254 610.108942 308.665257 16.583373 15.911606 -0.421247 2.636475 2.564538 0 
105 376.558885 306.669417 377.592374 305.994009 361.743982 312.932462 16.534833 15.840698 0.514183 5.883219 5.870522 1 
106 572.647798 345.510418 572.804857 343.062634 560.265377 356.340843 16.477777 15.655395 -0.235246 5.564547 5.469182 1 
107 453.218071 360.367260 454.050589 360.285485 461.911557 357.936381 8.220212 7.824440 0.117271 2.868936 2.851208 0 
108 420.587128 361.330290 420.888170 361.044874 413.022855 358.746388 8.153473 7.756535 0.288750 0.329166 0.284314 0 
109 450.420917 370.962220 451.789160 371.140721 461.865152 357.896721 16.580103 15.669790 0.114294 2.290143 2.221172 1 
110 543.219203 406.784603 544.097602 409.014782 559.783081 401.633796 16.135725 14.918040 -0.182785 2.840106 2.701772 1 
111 612.774120 193.477308 608.015002 195.912227 611.900010 211.064302 16.939045 16.732545 -0.232301 4.762050 4.461395 0 
112 395.420712 318.632737 395.016899 319.073969 410.665180 311.718910 16.741562 16.002016 0.275314 2.715807 2.702213 1 
113 496.003454 408.996014 496.273581 410.919591 511.603636 402.486924 16.252550 14.963026 -0.035405 2.746309 2.638693 1 
114 404.882972 155.078601 404.721228 155.237002 405.132406 163.596392 8.553398 8.377690 -0.305112 4.683114 4.663241 0 
115 33.545605 176.824819 32.914223 177.452886 34.125767 192.232338 14.686066 11.232434 -1.543501 4.674752 4.630597 1 
116 462.697937 179.685993 463.037246 178.430922 456.813333 161.977059 17.529933 17.041179 -0.118403 1.249980 1.209167 1 
117 369.057833 367.105578 370.276925 366.042525 364.908428 359.570173 8.018124 7.644869 0.424943 1.067451 0.878354 0 
118 469.011474 411.012408 468.640195 409.075070 463.422669 403.390946 7.819018 7.819018 -0.000000 0.938070 0.828173 1 
119 -0.753707 351.489255 -0.206456 376.774414 -3.605084 363.618562 13.064071 8.867792 1.281536 4.943278 1.317988 0 
120 551.900235 399.749864 552.115497 399.925007 559.782229 401.764085 7.994533 7.502978 -0.283511 3.391785 3.377022 1 
121 388.520195 166.090728 387.280013 167.062284 405.133810 163.628162 17.329483 16.951594 -0.278905 2.994438 2.951567 1 
122 343.911857 203.831610 343.000000 203.000000 356.400105 215.776409 16.780572 16.780572 -0.000000 3.904752 3.903169 0 
123 622.110600 247.812061 621.206300 244.420564 611.160036 260.432172 16.801088 16.390700 -0.502898 5.427074 5.272738 1 
124 524.260805 346.509899 524.346730 346.229664 511.072175 357.061773 16.608186 15.651186 -0.055243 5.608400 5.598761 1 
125 426.175016 349.823734 427.433696 348.930875 412.988326 358.710260 16.456397 15.533521 0.268886 5.690191 5.688069 1 
126 460.991771 154.135492 460.427016 153.896893 456.842478 161.952620 8.548104 8.548104 -0.000000 5.200368 5.131050 1 
127 568.526090 155.741877 567.342753 154.905596 560.971192 160.684162 8.513536 8.513536 -0.000000 5.703875 5.546554 1 
128 354.526420 175.261249 355.057399 173.942773 354.361979 165.873772 8.346302 8.346302 -0.000000 1.553281 1.484825 1 
129 575.918468 300.908135 575.754850 300.869416 560.633791 309.226842 16.773855 16.056014 -0.231713 5.784766 5.778271 1 
130 617.408430 312.918387 617.609339 311.685435 610.118664 308.664245 8.195555 7.887820 -0.439760 0.528256 0.383371 1 
131 402.623752 311.244616 402.165323 311.519109 410.704652 311.769539 8.272079 7.943618 0.248667 3.206460 3.170911 0 
132 519.786296 402.101329 520.008682 401.694067 511.656279 402.607418 8.009879 7.538484 -0.077044 6.221016 6.174266 1 
133 519.487680 359.093037 519.249812 358.449928 511.108454 357.106918 8.207280 7.833016 -0.100029 0.232734 0.163489 1 
134 517.231699 176.259774 520.001739 177.048237 508.900167 160.971100 17.566781 17.046059 -0.029712 1.071840 0.966462 1 
135 351.170596 260.028843 351.906494 260.919091 358.899108 264.933935 8.219355 8.128073 0.754847 3.707119 3.662792 1 
136 619.112662 216.023196 618.791785 215.687110 611.956069 211.069175 8.351283 8.275031 -0.101370 0.605493 0.594134 1 
137 390.194351 217.396452 388.961756 219.169400 406.708454 213.852399 17.147651 16.822304 0.066057 2.930192 2.850498 1 
138 -0.168471 183.250925 -0.000144 211.589461 2.078816 197.661967 14.266257 10.569369 -1.562206 4.557693 1.718972 0 
139 503.027779 167.894797 503.671456 167.863815 508.939286 160.948164 8.662020 8.433866 -0.029201 2.275864 2.221760 1 
140 575.328134 202.339684 576.259240 200.952956 561.016154 211.001366 17.212997 16.946621 -0.045654 5.738947 5.700362 1 
141 439.877576 213.292244 440.533932 213.838627 457.888374 212.424358 17.345481 16.945046 -0.057339 3.093443 3.060279 0 
142 451.132222 259.670513 450.956347 259.921253 459.159917 262.141306 8.372243 8.372243 -0.000000 3.440175 3.405883 0 
143 443.892655 312.486352 442.859703 313.218547 460.423826 310.742517 16.916546 16.128352 0.102522 3.036494 3.001545 1 
144 619.654085 258.786438 618.941255 258.868319 611.208358 260.430819 8.313907 8.118026 -0.467842 6.090891 6.083811 1 
145 567.562207 216.839817 567.919340 216.282020 561.045554 211.025519 8.509119 8.342972 -0.097873 0.728501 0.652854 1 
146 492.540350 312.870219 493.777342 315.040400 510.558033 309.937011 16.931748 16.207380 -0.026389 2.980212 2.846358 1 
147 475.075337 254.811673 474.846370 253.118090 459.120217 262.131522 17.147137 16.598268 0.067780 5.853056 5.762743 1 
148 500.947596 195.874297 500.881647 195.894169 509.453028 211.470539 17.405301 16.938082 -0.014613 4.213122 4.209330 1 
149 359.470959 208.166593 359.400945 207.554267 356.388658 215.727298 8.266417 8.266417 -0.000000 5.099493 5.065506 1 
150 398.332997 213.359751 398.074315 213.631771 406.727761 213.849622 8.411481 8.411481 -0.000000 3.199881 3.166762 0 
151 569.398312 262.102060 569.367330 261.400121 560.956166 260.725067 8.418977 8.239403 -0.269178 0.161686 0.080085 1 
152 568.896475 311.090077 566.908563 309.974587 560.655822 309.237843 8.313739 7.985254 -0.272660 0.221093 0.117287 1 
153 549.658906 273.094416 549.861521 275.071701 560.929732 260.680770 16.849637 16.849637 -0.000000 2.307980 2.226416 1 
154 465.973584 318.585983 465.961727 316.408045 460.460808 310.797346 8.346276 8.014010 0.116381 0.954856 0.795278 1 
155 501.709249 207.789856 501.143684 208.744380 509.530314 211.459402 8.593010 8.378482 -0.072461 3.580288 3.454677 1 
156 452.207198 204.075327 452.327604 205.875543 457.915990 212.410166 8.551435 8.389444 -0.137987 4.111848 4.004886 1 
157 501.223447 308.478206 502.387258 309.658767 510.592990 309.981084 8.355102 8.085207 -0.039198 3.300638 3.180852 1 
158 499.562230 274.071164 499.210740 275.262858 510.037019 261.243604 17.199816 16.583459 -0.049107 2.255568 2.228382 1 
159 403.416222 256.232956 403.304829 256.502021 408.626518 263.380059 8.301025 8.301025 -0.000000 4.082459 4.053878 1 
160 501.499389 263.172094 502.074667 264.010630 510.088846 261.273055 8.466813 8.208520 -0.091908 2.924003 2.812428 1 
164 950.819816 430.996229 949.662102 431.799050 961.482237 429.553179 13.646822 9.621871 -1.048158 3.007070 2.953827 1 
165 978.472140 386.504001 979.760335 385.666347 968.133200 392.019432 13.855184 9.987677 -1.135726 5.793128 5.783109 1 
166 965.413285 355.955767 962.671534 357.217511 974.208482 353.203360 14.073609 10.294048 -1.218096 2.838303 2.806755 1 
167 979.597071 430.292429 980.616423 430.641393 990.892321 426.776391 13.427552 9.020882 -1.078810 2.839815 2.781838 0 
168 972.626434 326.207936 974.015312 326.612720 979.624589 313.330130 14.241718 10.516246 -1.303618 2.068580 1.970380 0 
171 993.856415 381.457381 1002.995363 376.973702 1000.879184 386.272518 9.526590 9.526590 -0.000000 3.742620 4.936153 0 
172 989.259087 402.960835 992.220694 380.514816 1004.688252 393.819921 17.270516 17.270516 0.000000 2.606748 3.959477 0 
173 1003.498236 386.742507 997.518034 396.435921 994.734090 389.005382 7.860907 7.860907 0.000000 6.030507 1.212322 0 
175 997.869355 396.844631 997.518034 396.435921 999.347633 391.203291 6.624371 6.624371 -0.000000 1.827078 4.672900 0 
176 1002.609089 377.677846 1002.995363 376.973702 997.838828 390.063578 13.480553 9.118804 -1.170577 5.080021 2.066955 0 
177 998.565736 367.322658 999.182748 364.777409 1003.973700 352.237114 13.748324 9.724229 -1.232188 1.915011 5.207739 0 
178 973.871292 266.995894 972.972505 268.706883 984.150926 272.443485 14.457778 10.789854 -1.393072 3.628905 3.464185 1 
179 1011.474917 299.921090 1011.494801 299.040646 1009.384191 313.258553 13.892705 9.784428 -1.314272 4.867879 4.859760 0 
180 1021.890507 432.852834 1021.908101 411.601056 1018.296730 424.064864 13.004570 8.512612 -1.116743 1.182605 4.994414 0 
181 1012.305498 341.423697 999.182748 364.777409 1004.427622 352.425121 13.563259 8.990555 -1.250441 5.333824 1.972334 0 
182 1022.392453 400.680979 1021.269817 377.127740 1024.624207 388.199511 13.035824 8.264765 -1.200260 1.747732 4.418212 0 
184 986.748649 266.227270 984.791341 280.879467 981.755504 272.080493 7.836451 7.836451 0.000000 5.418656 1.238563 0 
185 1017.147750 258.922314 1013.951112 257.890381 1014.294803 273.480442 13.880642 9.253598 -1.387295 4.905906 1.957791 0 
188 991.475305 213.738327 989.236799 216.433420 988.029751 230.890867 14.547268 10.784924 -1.480990 4.910628 4.795686 1 
190 1013.291360 308.395362 1008.902692 320.044699 1005.890741 312.551913 8.480769 8.480769 0.000000 5.771442 1.188584 0 
191 996.162424 202.549794 996.853162 201.456175 990.572082 188.686006 14.658508 10.988485 1.554499 1.187506 4.804199 0 
193 1008.860942 287.513454 1013.951112 257.890381 1020.448759 274.741397 16.725344 16.725344 0.000000 2.307618 4.344363 0 
194 983.060110 279.923511 984.791341 280.879467 986.124007 272.793935 7.422183 7.422183 -0.000000 1.976679 5.230841 0 
197 992.457924 173.494766 996.853162 201.456175 991.569570 188.313687 14.116322 9.747712 1.493346 4.772265 1.188547 0 
198 1023.168729 244.423847 1022.211782 219.037980 1017.979452 232.915740 14.107173 10.084377 -1.481228 1.147175 5.008401 0 
201 1021.718778 206.115099 1022.737671 176.723938 1020.507095 191.886461 14.284101 10.017226 -1.565460 1.485843 4.858452 0 
204 1021.446059 198.621956 1022.029554 185.505522 1022.376648 192.003803 6.964675 6.964675 -0.000000 1.710492 4.659027 0 
208 1.680701 683.508058 11.557788 690.391314 0.610960 693.885042 10.878377 10.878377 0.000000 4.815114 5.974250 0 
217 878.919124 766.271413 889.604120 748.423149 899.961387 764.554216 20.355329 20.355329 0.000000 3.060166 4.141609 0 
219 1022.672075 742.397489 933.398885 767.422941 703.841431 -230.147396 1022.829368 1022.829368 -0.000000 1.254006 1.344617 0 
